06:00:04|2618|2789|ABW440|104.411487579|32.5456237793|9784|-11.5|242.0|0|0|9784
06:00:08|2618|2789|ABW440|104.411144257|32.5543785095|9784|-11.5|242.0|0|0|9784
06:00:12|2618|2789|ABW440|104.410629272|32.562789917|9784|-11.5|242.0|0|0|9784
06:00:16|2618|2789|ABW440|104.410114288|32.5722312927|9784|-11.5|242.5|0|0|9784
06:00:20|2618|2789|ABW440|104.409770966|32.5811576843|9784|-11.5|242.5|0|0|9784
06:00:24|2618|2789|ABW440|104.409255981|32.5900840759|9784|-11.5|242.5|0|0|9784
06:00:28|2618|2789|ABW440|104.408912659|32.5986671448|9784|-11.5|242.5|0|0|9784
06:00:32|2618|2789|ABW440|104.408397675|32.6079368591|9784|-11.0|242.5|0|0|9784
06:00:36|2618|2789|ABW440|104.408054352|32.6168632507|9784|-11.0|242.5|0|0|9784
06:00:40|2618|2789|ABW440|104.407539368|32.6245880127|9784|-11.0|242.5|0|0|9784
06:00:44|2618|2789|ABW440|104.407024384|32.6348876953|9784|-11.0|243.0|0|0|9784
06:00:48|2618|2789|ABW440|104.406681061|32.6427841187|9784|-11.0|243.0|0|0|9784
06:00:52|2618|2789|ABW440|104.406337738|32.6503372192|9784|-11.0|243.0|0|0|9784
06:00:56|2618|2789|ABW440|104.405822754|32.659778595|9784|-11.0|243.0|0|0|9784
06:01:00|2618|2789|ABW440|104.40530777|32.6688766479|9784|-11.0|243.0|0|0|9784
06:01:04|2618|2789|ABW440|104.404964447|32.6781463623|9784|-11.0|243.5|0|0|9784
06:01:08|2618|2789|ABW440|104.404449463|32.6874160767|9784|-11.5|243.5|0|0|9784
06:01:12|2618|2789|ABW440|104.40410614|32.6944541931|9784|-11.5|243.5|0|0|9784
06:01:16|2618|2789|ABW440|104.403591156|32.7037239075|9784|-11.5|243.5|0|0|9784
06:01:20|2618|2789|ABW440|104.403076172|32.7129936218|9784|-11.5|243.5|0|0|9784
06:01:24|2618|2789|ABW440|104.402732849|32.7222633362|9784|-11.0|244.0|0|0|9784
06:01:28|2618|2789|ABW440|104.402389526|32.7299880981|9784|-11.5|244.0|0|0|9784
06:01:32|2618|2789|ABW440|104.401702881|32.7404594421|9784|-11.5|244.0|0|0|9784
06:01:36|2618|2789|ABW440|104.401359558|32.7488708496|9784|-11.5|244.0|0|0|9784
06:01:40|2618|2789|ABW440|104.400844574|32.7579689026|9784|-11.5|244.0|0|0|9784
06:01:44|2618|2789|ABW440|104.400501251|32.7665519714|9784|-11.5|244.5|0|0|9784
06:01:48|2618|2789|ABW440|104.399986267|32.7753067017|9784|-11.5|244.5|0|0|9784
06:01:52|2618|2789|ABW440|104.399471283|32.7844047546|9784|-11.5|244.5|0|0|9784
06:01:56|2618|2789|ABW440|104.39912796|32.7933311462|9784|-11.5|244.5|0|0|9784
06:02:00|2618|2789|ABW440|104.398612976|32.8022575378|9784|-11.5|244.5|0|0|9784
06:02:04|2618|2789|ABW440|104.398097992|32.8106689453|9784|-11.5|244.5|0|0|9784
06:02:08|2618|2789|ABW440|104.397754669|32.8182220459|9784|-11.5|244.5|0|0|9784
06:02:12|2618|2789|ABW440|104.397239685|32.8271484375|9784|-11.5|244.5|0|0|9784
06:02:16|2618|2789|ABW440|104.396896362|32.8362464905|9784|-11.5|244.5|0|0|9784
06:02:20|2618|2789|ABW440|104.396381378|32.8455162048|9784|-11.5|245.0|0|0|9784
06:02:24|2618|2789|ABW440|104.396038055|32.8535842896|9784|-11.5|245.0|0|0|9784
06:02:28|2618|2789|ABW440|104.395523071|32.8626823425|9784|-11.5|245.0|0|0|9784
06:02:32|2618|2789|ABW440|104.395008087|32.8722953796|9784|-11.5|245.0|0|0|9784
06:02:36|2618|2789|ABW440|104.394664764|32.8800201416|9784|-11.5|245.0|0|0|9784
06:02:40|2618|2789|ABW440|104.394321442|32.8886032104|9784|-11.5|245.0|0|0|9784
06:02:44|2618|2789|ABW440|104.393806458|32.8980445862|9784|-11.5|245.0|0|0|9784
06:02:48|2618|2789|ABW440|104.393291473|32.9067993164|9784|-11.5|245.0|0|0|9784
06:02:52|2618|2789|ABW440|104.392776489|32.915725708|9784|-11.5|245.0|0|0|9784
06:02:56|2618|2789|ABW440|104.392433167|32.9244804382|9784|-11.5|245.0|0|0|9784
06:03:00|2618|2789|ABW440|104.391918182|32.9334068298|9784|-11.5|245.0|0|0|9784
06:03:04|2618|2789|ABW440|104.39157486|32.9418182373|9784|-11.5|245.0|0|0|9784
06:03:08|2618|2789|ABW440|104.391059875|32.951259613|9784|-11.5|245.0|0|0|9784
06:03:12|2618|2789|ABW440|104.390716553|32.9600143433|9784|-11.5|245.0|0|0|9784
06:03:16|2618|2789|ABW440|104.390201569|32.9701423645|9784|-11.5|245.0|0|0|9784
06:03:20|2618|2789|ABW440|104.389858246|32.9776954651|9784|-11.0|245.0|0|0|9784
06:03:24|2618|2789|ABW440|104.389343262|32.9862785339|9784|-11.0|245.0|0|0|9784
06:03:28|2618|2789|ABW440|104.388828278|32.9967498779|9784|-11.5|245.5|0|0|9784
06:03:32|2618|2789|ABW440|104.388313293|33.0055046082|9784|-11.5|245.5|0|0|9784
06:03:36|2618|2789|ABW440|104.387969971|33.014087677|9784|-11.5|245.5|0|0|9784
06:03:40|2618|2789|ABW440|104.387454987|33.0216407776|9784|-11.5|245.5|0|0|9784
06:03:44|2618|2789|ABW440|104.386940002|33.0317687988|9784|-11.5|245.5|0|0|9784
06:03:48|2618|2789|ABW440|104.38659668|33.0410385132|9784|-11.5|245.5|0|0|9784
06:03:52|2618|2789|ABW440|104.386081696|33.0501365662|9784|-11.5|245.5|0|0|9784
06:03:56|2618|2789|ABW440|104.385738373|33.058719635|9784|-11.5|245.5|0|0|9784
06:04:00|2618|2789|ABW440|104.385223389|33.0659294128|9784|-11.5|245.5|0|0|9784
06:04:04|2618|2789|ABW440|104.384708405|33.0767440796|9784|-11.5|245.5|0|0|9784
06:04:08|2618|2789|ABW440|104.384365082|33.0853271484|9784|-11.0|245.5|0|0|9784
06:04:12|2618|2789|ABW440|104.383850098|33.0939102173|9784|-11.0|245.5|0|0|9784
06:04:16|2618|2789|ABW440|104.383506775|33.1021499634|9784|-11.0|245.5|0|0|9784
06:04:20|2618|2789|ABW440|104.382991791|33.1117630005|9784|-11.0|245.5|0|0|9784
06:04:24|2618|2789|ABW440|104.382648468|33.1208610535|9784|-11.0|245.5|0|0|9784
06:04:28|2618|2789|ABW440|104.382133484|33.1284141541|9784|-11.0|245.5|0|0|9784
06:04:32|2618|2789|ABW440|104.381790161|33.1366539001|9784|-11.0|245.0|0|0|9784
06:04:36|2618|2789|ABW440|104.381275177|33.1457519531|9784|-11.0|245.0|0|0|9784
06:04:40|2618|2789|ABW440|104.380931854|33.154335022|9784|-11.5|244.5|0|0|9784
06:04:44|2618|2789|ABW440|104.38041687|33.1629180908|9784|-11.5|244.5|0|0|9784
06:04:48|2618|2789|ABW440|104.380073547|33.1718444824|9784|-11.0|244.5|0|0|9784
06:04:52|2618|2789|ABW440|104.379558563|33.1804275513|9784|-11.0|244.0|0|0|9784
06:04:56|2618|2789|ABW440|104.379043579|33.1903839111|9784|-11.5|243.5|0|0|9784
06:05:00|2618|2789|ABW440|104.378700256|33.1994819641|9784|-11.0|243.0|0|0|9784
06:05:04|2618|2789|ABW440|104.378356934|33.2061767578|9784|-10.5|242.5|0|0|9784
06:05:08|2618|2789|ABW440|104.378013611|33.2152748108|9784|-10.5|242.0|0|0|9784
06:05:12|2618|2789|ABW440|104.377326965|33.2243728638|9784|-11.0|240.75|0|0|9784
06:05:16|2618|2789|ABW440|104.376811981|33.2329559326|9784|-11.5|240.75|0|0|9784
06:05:20|2618|2789|ABW440|104.376296997|33.2418823242|9784|-11.5|240.25|0|0|9784
06:05:24|2618|2789|ABW440|104.375953674|33.2502937317|9784|-11.5|239.75|0|0|9784
06:05:28|2618|2789|ABW440|104.37543869|33.2587051392|9784|-11.5|239.25|0|0|9784
06:05:32|2618|2789|ABW440|104.375095367|33.267288208|9784|-11.5|238.75|0|0|9784
06:05:36|2618|2789|ABW440|104.374580383|33.2756996155|9784|-11.5|238.75|0|0|9784
06:05:40|2618|2789|ABW440|104.374237061|33.2842826843|9784|-11.0|238.25|0|0|9784
06:05:44|2618|2789|ABW440|104.373722076|33.2925224304|9784|-11.0|238.25|0|0|9784
06:05:48|2618|2789|ABW440|104.373207092|33.3011054993|9784|-11.5|238.25|0|0|9784
06:05:52|2618|2789|ABW440|104.37286377|33.3100318909|9784|-11.5|238.25|0|0|9784
06:05:56|2618|2789|ABW440|104.372348785|33.3187866211|9784|-11.5|238.25|0|0|9784
06:06:00|2618|2789|ABW440|104.372005463|33.3259963989|9784|-11.5|238.25|0|0|9784
06:06:04|2618|2789|ABW440|104.371490479|33.3362960815|9784|-11.5|238.25|0|0|9784
06:06:08|2618|2789|ABW440|104.371147156|33.343334198|9784|-11.5|238.25|0|0|9784
06:06:12|2618|2789|ABW440|104.370632172|33.3517456055|9784|-11.0|238.25|0|0|9784
06:06:16|2618|2789|ABW440|104.370117188|33.3601570129|9784|-11.0|237.75|0|0|9784
06:06:20|2618|2789|ABW440|104.369602203|33.3704566956|9784|-11.0|237.75|0|0|9784
06:06:24|2618|2789|ABW440|104.369258881|33.377494812|9784|-11.0|237.75|0|0|9784
06:06:28|2618|2789|ABW440|104.368915558|33.3862495422|9784|-11.0|237.75|0|0|9784
06:06:32|2618|2789|ABW440|104.368400574|33.3953475952|9784|-11.0|237.75|0|0|9784
06:06:36|2618|2789|ABW440|104.368057251|33.4034156799|9784|-11.0|237.75|0|0|9784
06:06:40|2618|2789|ABW440|104.367542267|33.4119987488|9784|-11.0|237.75|0|0|9784
06:06:44|2618|2789|ABW440|104.367198944|33.4214401245|9784|-10.5|237.75|0|0|9784
06:06:48|2618|2789|ABW440|104.366855621|33.429851532|9784|-10.5|237.75|0|0|9784
06:06:52|2618|2789|ABW440|104.366340637|33.4384346008|9784|-10.5|237.75|0|0|9784
06:06:56|2618|2789|ABW440|104.365997314|33.4470176697|9784|-10.5|237.75|0|0|9784
06:07:00|2618|2789|ABW440|104.365653992|33.454914093|9784|-10.5|237.25|0|0|9784
06:07:04|2618|2789|ABW440|104.365310669|33.4634971619|9784|-10.25|237.25|0|0|9784
06:07:08|2618|2789|ABW440|104.364967346|33.4715652466|9784|-10.25|237.25|0|0|9784
06:07:12|2618|2789|ABW440|104.364452362|33.4806632996|9784|-10.25|237.25|0|0|9784
06:07:16|2618|2789|ABW440|104.364109039|33.4894180298|9784|-10.25|236.75|0|0|9784
06:07:20|2618|2789|ABW440|104.363765717|33.4978294373|9784|-10.25|236.75|0|0|9784
06:07:24|2618|2789|ABW440|104.363250732|33.5064125061|9784|-10.25|236.75|0|0|9784
06:07:28|2618|2789|ABW440|104.36290741|33.5156822205|9784|-10.25|236.75|0|0|9784
06:07:32|2618|2789|ABW440|104.362564087|33.5235786438|9784|-10.25|236.75|0|0|9784
06:07:36|2618|2789|ABW440|104.362220764|33.5314750671|9784|-10.25|236.25|0|0|9784
06:07:40|2618|2789|ABW440|104.36170578|33.5402297974|9784|-10.25|236.25|0|0|9784
06:07:44|2618|2789|ABW440|104.361362457|33.5484695435|9784|-10.25|236.25|0|0|9784
06:07:48|2618|2789|ABW440|104.361019135|33.5570526123|9784|-10.25|235.75|0|0|9784
06:07:52|2618|2789|ABW440|104.36050415|33.5658073425|9784|-10.25|235.75|0|0|9784
06:07:56|2618|2789|ABW440|104.360160828|33.5731887817|9784|-10.25|235.75|0|0|9784
06:08:00|2618|2789|ABW440|104.359817505|33.581943512|9784|-10.25|235.25|0|0|9784
06:08:04|2618|2789|ABW440|104.359302521|33.5908699036|9784|-10.25|235.25|0|0|9784
06:08:08|2618|2789|ABW440|104.358959198|33.599281311|9784|-10.25|235.25|0|0|9784
06:08:12|2618|2789|ABW440|104.358444214|33.6085510254|9784|-10.25|235.25|0|0|9784
06:08:16|2618|2789|ABW440|104.358100891|33.6152458191|9784|-10.25|235.25|0|0|9784
06:08:20|2618|2789|ABW440|104.357757568|33.6246871948|9784|-10.25|235.25|0|0|9784
06:08:24|2618|2789|ABW440|104.357242584|33.6337852478|9784|-10.25|235.25|0|0|9784
06:08:28|2618|2789|ABW440|104.357070923|33.6403083801|9784|-10.25|235.0|0|0|9784
06:08:32|2618|2789|ABW440|104.356555939|33.6504364014|9784|-10.25|234.5|0|0|9784
06:08:36|2618|2789|ABW440|104.356040955|33.657989502|9784|-10.5|234.5|0|0|9784
06:08:40|2618|2789|ABW440|104.355697632|33.6660575867|9784|-10.5|234.5|0|0|9784
06:08:44|2618|2789|ABW440|104.355182648|33.6754989624|9784|-10.5|234.5|0|0|9784
06:08:48|2618|2789|ABW440|104.354667664|33.6842536926|9784|-10.5|234.5|0|0|9784
06:08:52|2618|2789|ABW440|104.354152679|33.6926651001|9784|-11.0|234.5|0|0|0
06:08:56|2618|2789|ABW440|104.353466034|33.7007331848|9784|-12.0|234.5|0|0|0
06:09:00|2618|2789|ABW440|104.353122711|33.7082862854|9784|-12.0|234.5|0|0|0
06:09:04|2618|2789|ABW440|104.352607727|33.7161827087|9784|-11.5|234.5|0|0|0
06:09:08|2618|2789|ABW440|104.352264404|33.72631073|9784|-11.5|234.5|0|0|0
06:09:12|2618|2789|ABW440|104.351406097|33.7345504761|9784|-12.5|234.5|0|0|0
06:09:16|2618|2789|ABW440|104.351062775|33.7429618835|9784|-12.0|234.5|0|0|0
06:09:20|2618|2789|ABW440|104.350719452|33.7505149841|9784|-11.5|234.5|0|0|0
06:09:24|2618|2789|ABW440|104.350376129|33.7587547302|9784|-11.5|235.0|0|0|0
06:09:28|2618|2789|ABW440|104.350032806|33.7685394287|9784|-11.0|235.0|0|0|0
06:09:32|2618|2789|ABW440|104.349861145|33.7766075134|9784|-10.5|235.0|0|0|0
06:09:36|2618|2789|ABW440|104.349517822|33.7843322754|9784|-10.5|235.25|0|0|0
06:09:40|2618|2789|ABW440|104.349002838|33.7929153442|9784|-10.5|235.75|0|0|0
06:09:44|2618|2789|ABW440|104.348659515|33.8032150269|9784|-10.5|235.75|0|0|0
06:09:48|2618|2789|ABW440|104.348316193|33.8109397888|9784|-10.5|236.25|0|0|0
06:09:52|2618|2789|ABW440|104.347801208|33.8191795349|9784|-10.5|236.25|0|0|0
06:09:56|2618|2789|ABW440|104.347457886|33.8277626038|9784|-10.5|236.25|0|0|0
06:10:00|2618|2789|ABW440|104.347114563|33.8356590271|9784|-10.5|236.25|0|0|0
06:10:04|2618|2789|ABW440|104.346599579|33.8457870483|9784|-10.5|236.75|0|0|0
06:10:08|2618|2789|ABW440|104.346256256|33.8540267944|9784|-10.25|236.75|0|0|0
06:10:12|2618|2789|ABW440|104.345912933|33.8620948792|9784|-10.25|237.25|0|0|0
06:10:16|2618|2789|ABW440|104.345569611|33.8705062866|9784|-10.25|237.25|0|0|0
06:10:20|2618|2789|ABW440|104.345397949|33.8785743713|9784|-10.25|237.25|0|0|0
06:10:24|2618|2789|ABW440|104.344882965|33.8887023926|9784|-10.25|237.25|0|0|0
06:10:28|2618|2789|ABW440|104.344539642|33.8967704773|9784|-10.25|237.75|0|0|0
06:10:32|2618|2789|ABW440|104.34419632|33.9050102234|9784|-9.75|237.75|0|0|0
06:10:36|2618|2789|ABW440|104.343852997|33.9132499695|9784|-9.75|237.75|0|0|0
06:10:40|2618|2789|ABW440|104.343338013|33.923034668|9784|-9.75|237.75|0|0|0
06:10:44|2618|2789|ABW440|104.34299469|33.9316177368|9784|-9.75|237.25|0|0|0
06:10:48|2618|2789|ABW440|104.342651367|33.9393424988|9784|-9.75|237.75|0|0|0
06:10:52|2618|2789|ABW440|104.342308044|33.9474105835|9784|-10.25|237.75|0|0|0
06:10:56|2618|2789|ABW440|104.34179306|33.9577102661|9784|-10.25|237.75|0|0|0
06:11:00|2618|2789|ABW440|104.341449738|33.9659500122|9784|-10.25|237.75|0|0|0
06:11:04|2618|2789|ABW440|104.341106415|33.9745330811|9784|-9.75|237.75|0|0|0
06:11:08|2618|2789|ABW440|104.340591431|33.9820861816|9784|-10.25|237.75|0|0|0
06:11:12|2618|2789|ABW440|104.340076447|33.9920425415|9784|-10.25|238.25|0|0|0
06:11:16|2618|2789|ABW440|104.339733124|34.0002822876|9784|-10.5|238.25|0|0|0
06:11:20|2618|2789|ABW440|104.33921814|34.0085220337|9784|-10.5|238.75|0|0|0
06:11:24|2618|2789|ABW440|104.338874817|34.0171051025|9784|-10.5|238.25|0|0|0
06:11:28|2618|2789|ABW440|104.338531494|34.0253448486|9784|-10.25|238.25|0|0|0
06:11:32|2618|2789|ABW440|104.33801651|34.0353012085|9784|-10.5|238.75|0|0|0
06:11:36|2618|2789|ABW440|104.337673187|34.0435409546|9784|-10.5|238.75|0|0|0
06:11:40|2618|2789|ABW440|104.337329865|34.0517807007|9784|-10.5|238.75|0|0|0
06:11:44|2618|2789|ABW440|104.33681488|34.0600204468|9784|-10.5|238.75|0|0|0
06:11:48|2618|2789|ABW440|104.336471558|34.0682601929|9784|-10.25|238.75|0|0|0
06:11:52|2618|2789|ABW440|104.336128235|34.07787323|9784|-10.25|238.75|0|0|0
06:11:56|2618|2789|ABW440|104.335784912|34.0862846375|9784|-10.25|238.75|0|0|0
06:12:00|2618|2789|ABW440|104.335441589|34.0945243835|9784|-10.25|238.75|0|0|0
06:12:04|2618|2789|ABW440|104.334926605|34.1024208069|9784|-10.25|239.25|0|0|0
06:12:08|2618|2789|ABW440|104.334583282|34.1111755371|9784|-10.25|238.75|0|0|0
06:12:12|2618|2789|ABW440|104.334068298|34.1213035583|9784|-10.25|238.75|0|0|0
06:12:16|2618|2789|ABW440|104.333724976|34.1290283203|9784|-10.25|238.75|0|0|0
06:12:20|2618|2789|ABW440|104.333381653|34.1372680664|9784|-10.25|238.75|0|0|0
06:12:24|2618|2789|ABW440|104.332866669|34.1453361511|9784|-10.25|238.75|0|0|0
06:12:28|2618|2789|ABW440|104.332523346|34.1558074951|9784|-10.25|238.75|0|0|0
06:12:32|2618|2789|ABW440|104.332008362|34.164390564|9784|-10.25|238.75|0|0|0
06:12:36|2618|2789|ABW440|104.331665039|34.1724586487|9784|-10.25|238.25|0|0|0
06:12:40|2618|2789|ABW440|104.331321716|34.1801834106|9784|-10.25|238.75|0|0|0
06:12:44|2618|2789|ABW440|104.330978394|34.1882514954|9784|-10.25|238.75|0|0|0
06:12:48|2618|2789|ABW440|104.330463409|34.1987228394|9784|-10.25|238.75|0|0|0
06:12:52|2618|2789|ABW440|104.330120087|34.2073059082|9784|-10.25|238.25|0|0|0
06:12:56|2618|2789|ABW440|104.329605103|34.2153739929|9784|-10.25|238.25|0|0|0
06:13:00|2618|2789|ABW440|104.32926178|34.2234420776|9784|-10.25|238.25|0|0|0
06:13:04|2618|2789|ABW440|104.328918457|34.2311668396|9784|-10.25|238.25|0|0|0
06:13:08|2618|2789|ABW440|104.328403473|34.2416381836|9784|-10.25|238.25|0|0|0
06:13:12|2618|2789|ABW440|104.32806015|34.2491912842|9784|-10.25|238.25|0|0|0
06:13:16|2618|2789|ABW440|104.327716827|34.2574310303|9784|-10.25|238.75|0|0|0
06:13:20|2618|2789|ABW440|104.327201843|34.2675590515|9784|-10.5|238.75|0|0|0
06:13:24|2618|2789|ABW440|104.326686859|34.2757987976|9784|-10.5|239.25|0|0|0
06:13:28|2618|2789|ABW440|104.326343536|34.2836952209|9784|-10.5|239.75|0|0|0
06:13:32|2618|2789|ABW440|104.325828552|34.291934967|9784|-11.0|240.25|0|0|0
06:13:36|2618|2789|ABW440|104.325313568|34.302406311|9784|-11.0|240.25|0|0|0
06:13:40|2618|2789|ABW440|104.324970245|34.3111610413|9784|-11.0|240.25|0|0|0
06:13:44|2618|2789|ABW440|104.324626923|34.3194007874|9784|-10.5|240.25|0|0|0
06:13:48|2618|2789|ABW440|104.324111938|34.3271255493|9784|-11.0|240.75|0|0|0
06:13:52|2618|2789|ABW440|104.323768616|34.3355369568|9784|-11.0|240.75|0|0|0
06:13:56|2618|2789|ABW440|104.323253632|34.3460083008|9784|-10.5|240.75|0|0|0
06:14:00|2618|2789|ABW440|104.322910309|34.3542480469|9784|-10.5|240.75|0|0|0
06:14:04|2618|2789|ABW440|104.322566986|34.3628311157|9784|-10.5|240.75|0|0|0
06:14:08|2618|2789|ABW440|104.322223663|34.3707275391|9784|-10.25|240.75|0|0|0
06:14:12|2618|2789|ABW440|104.321880341|34.3789672852|9784|-10.25|240.75|0|0|0
06:14:16|2618|2789|ABW440|104.321365356|34.3894386292|9784|-10.25|240.75|0|0|0
06:14:20|2618|2789|ABW440|104.321022034|34.3975067139|9784|-10.25|240.25|0|0|0
06:14:24|2618|2789|ABW440|104.320678711|34.4052314758|9784|-10.25|240.25|0|0|0
06:14:28|2618|2789|ABW440|104.320335388|34.4134712219|9784|-10.25|240.25|0|0|0
06:14:32|2618|2789|ABW440|104.319820404|34.4237709045|9784|-10.25|240.25|0|0|0
06:14:36|2618|2789|ABW440|104.319477081|34.4320106506|9784|-10.25|240.25|0|0|0
06:14:40|2618|2789|ABW440|104.319133759|34.4402503967|9784|-10.25|240.25|0|0|0
06:14:44|2618|2789|ABW440|104.318790436|34.4484901428|9784|-10.25|240.25|0|0|0
06:14:48|2618|2789|ABW440|104.318447113|34.457244873|9784|-9.75|240.25|0|0|0
06:14:52|2618|2789|ABW440|104.317932129|34.4666862488|9784|-10.25|240.25|0|0|0
06:14:56|2618|2789|ABW440|104.317417145|34.475440979|9784|-10.25|240.25|0|0|0
06:15:00|2618|2789|ABW440|104.317073822|34.4838523865|9784|-10.25|240.25|0|0|0
06:15:04|2618|2789|ABW440|104.316730499|34.4917488098|9784|-10.25|240.25|0|0|0
06:15:08|2618|2789|ABW440|104.316215515|34.5017051697|9784|-10.25|240.25|0|0|0
06:15:12|2618|2789|ABW440|104.315872192|34.5099449158|9784|-10.25|240.75|0|0|0
06:15:16|2618|2789|ABW440|104.315357208|34.5178413391|9784|-10.5|240.75|0|0|0
06:15:20|2618|2789|ABW440|104.315013885|34.5260810852|9784|-10.5|241.25|0|0|0
06:15:24|2618|2789|ABW440|104.314498901|34.5365524292|9784|-10.5|241.25|0|0|0
06:15:28|2618|2789|ABW440|104.314155579|34.5449638367|9784|-10.5|241.25|0|0|0
06:15:32|2618|2789|ABW440|104.313812256|34.5532035828|9784|-10.25|241.25|0|0|0
06:15:36|2618|2789|ABW440|104.313468933|34.5612716675|9784|-10.25|241.25|0|0|0
06:15:40|2618|2789|ABW440|104.31312561|34.5715713501|9784|-9.75|241.25|0|0|0
06:15:44|2618|2789|ABW440|104.312782288|34.5798110962|9784|-9.75|241.25|0|0|0
06:15:48|2618|2789|ABW440|104.312610626|34.5877075195|9784|-9.75|241.75|0|0|0
06:15:52|2618|2789|ABW440|104.312267303|34.5959472656|9784|-9.75|241.75|0|0|0
06:15:56|2618|2789|ABW440|104.311752319|34.6064186096|9784|-9.75|241.75|0|0|0
06:16:00|2618|2789|ABW440|104.311408997|34.6148300171|9784|-9.75|241.75|0|0|0
06:16:04|2618|2789|ABW440|104.311065674|34.6232414246|9784|-9.25|241.75|0|0|0
06:16:08|2618|2789|ABW440|104.310722351|34.6314811707|9784|-9.25|242.0|0|0|0
06:16:12|2618|2789|ABW440|104.310379028|34.6398925781|9784|-9.25|241.75|0|0|0
06:16:16|2618|2789|ABW440|104.310035706|34.6501922607|9784|-9.25|241.75|0|0|0
06:16:20|2618|2789|ABW440|104.309692383|34.6580886841|9784|-9.75|242.0|0|0|0
06:16:24|2618|2789|ABW440|104.309177399|34.6663284302|9784|-9.75|242.0|0|0|0
06:16:28|2618|2789|ABW440|104.308834076|34.67628479|9784|-9.75|241.75|0|0|0
06:16:32|2618|2789|ABW440|104.308319092|34.6846961975|9784|-9.75|241.75|0|0|0
06:16:36|2618|2789|ABW440|104.307975769|34.6929359436|9784|-10.25|241.75|0|0|0
06:16:40|2618|2789|ABW440|104.307460785|34.7006607056|9784|-10.25|241.75|0|0|0
06:16:44|2618|2789|ABW440|104.307117462|34.7106170654|9784|-10.25|241.75|0|0|0
06:16:48|2618|2789|ABW440|104.306602478|34.7193717957|9784|-10.25|241.75|0|0|0
06:16:52|2618|2789|ABW440|104.306087494|34.7281265259|9784|-10.5|241.25|0|0|0
06:16:56|2618|2789|ABW440|104.30557251|34.7372245789|9784|-10.5|241.75|0|0|0
06:17:00|2618|2789|ABW440|104.305229187|34.7459793091|9784|-10.5|241.75|0|0|0
06:17:04|2618|2789|ABW440|104.304714203|34.7540473938|9784|-10.5|241.75|0|0|0
06:17:08|2618|2789|ABW440|104.304199219|34.7624588013|9784|-11.0|241.25|0|0|0
06:17:12|2618|2789|ABW440|104.303855896|34.7701835632|9784|-11.0|241.75|0|0|0
06:17:16|2618|2789|ABW440|104.303340912|34.7789382935|9784|-11.0|241.25|0|0|0
06:17:20|2618|2789|ABW440|104.302654266|34.7892379761|9784|-11.0|241.25|0|0|0
06:17:24|2618|2789|ABW440|104.302310944|34.7966194153|9784|-11.0|241.75|0|0|0
06:17:28|2618|2789|ABW440|104.301967621|34.8050308228|9784|-11.0|241.75|0|0|0
06:17:32|2618|2789|ABW440|104.301280975|34.8155021667|9784|-11.0|241.75|0|0|0
06:17:36|2618|2789|ABW440|104.300937653|34.8232269287|9784|-11.5|241.75|0|0|0
06:17:40|2618|2789|ABW440|104.300422668|34.8314666748|9784|-11.5|241.75|0|0|0
06:17:44|2618|2789|ABW440|104.299907684|34.8397064209|9784|-11.5|241.75|0|0|0
06:17:48|2618|2789|ABW440|104.2993927|34.8501777649|9784|-11.5|241.25|0|0|0
06:17:52|2618|2789|ABW440|104.298877716|34.8582458496|9784|-11.5|241.25|0|0|0
06:17:56|2618|2789|ABW440|104.298362732|34.8663139343|9784|-11.5|241.25|0|0|0
06:18:00|2618|2789|ABW440|104.297847748|34.8748970032|9784|-12.0|241.25|0|0|0
06:18:04|2618|2789|ABW440|104.297504425|34.8829650879|9784|-12.0|240.75|0|0|0
06:18:08|2618|2789|ABW440|104.29681778|34.8934364319|9784|-12.0|240.75|0|0|0
06:18:12|2618|2789|ABW440|104.296302795|34.9015045166|9784|-12.0|240.75|0|0|0
06:18:16|2618|2789|ABW440|104.295959473|34.9097442627|9784|-12.0|240.25|0|0|0
06:18:20|2618|2789|ABW440|104.295444489|34.9178123474|9784|-12.0|240.25|0|0|0
06:18:24|2618|2789|ABW440|104.294929504|34.9260520935|9784|-12.0|240.25|0|0|0
06:18:28|2618|2789|ABW440|104.29441452|34.9363517761|9784|-12.0|240.25|0|0|0
06:18:32|2618|2789|ABW440|104.293899536|34.9444198608|9784|-12.0|240.25|0|0|0
06:18:36|2618|2789|ABW440|104.293556213|34.9526596069|9784|-12.0|240.25|0|0|0
06:18:40|2618|2789|ABW440|104.293041229|34.960899353|9784|-12.0|239.75|0|0|0
06:18:44|2618|2789|ABW440|104.292697906|34.9703407288|9784|-11.5|240.25|0|0|0
06:18:48|2618|2789|ABW440|104.292354584|34.9787521362|9784|-11.5|240.25|0|0|0
06:18:52|2618|2789|ABW440|104.2918396|34.9869918823|9784|-11.5|240.25|0|0|0
06:18:56|2618|2789|ABW440|104.291496277|34.9969482422|9784|-11.0|240.75|0|0|0
06:19:00|2618|2789|ABW440|104.290981293|35.0051879883|9784|-11.0|240.75|0|0|0
06:19:04|2618|2789|ABW440|104.29063797|35.0130844116|9784|-10.5|241.25|0|0|0
06:19:08|2618|2789|ABW440|104.290294647|35.0218391418|9784|-10.5|241.25|0|0|0
06:19:12|2618|2789|ABW440|104.289951324|35.0300788879|9784|-10.5|241.25|0|0|0
06:19:16|2618|2789|ABW440|104.289264679|35.0405502319|9784|-10.5|241.25|0|0|0
06:19:20|2618|2789|ABW440|104.288921356|35.048789978|9784|-10.5|241.25|0|0|0
06:19:24|2618|2789|ABW440|104.288578033|35.0568580627|9784|-10.5|241.25|0|0|0
06:19:28|2618|2789|ABW440|104.288234711|35.0650978088|9784|-10.5|240.75|0|0|0
06:19:32|2618|2789|ABW440|104.287719727|35.0733375549|9784|-10.5|240.75|0|0|0
06:19:36|2618|2789|ABW440|104.287204742|35.0838088989|9784|-10.5|240.75|0|0|0
06:19:40|2618|2789|ABW440|104.28686142|35.0918769836|9784|-10.5|240.75|0|0|0
06:19:44|2618|2789|ABW440|104.286346436|35.1002883911|9784|-10.5|240.25|0|0|0
06:19:48|2618|2789|ABW440|104.286003113|35.1081848145|9784|-10.5|240.25|0|0|0
06:19:52|2618|2789|ABW440|104.285488129|35.1184844971|9784|-10.5|240.25|0|0|0
06:19:56|2618|2789|ABW440|104.285144806|35.1260375977|9784|-10.5|240.25|0|0|0
06:20:00|2618|2789|ABW440|104.284801483|35.1342773438|9784|-10.5|240.75|0|0|0
06:20:04|2618|2789|ABW440|104.28445816|35.1425170898|9784|-10.25|240.75|0|0|0
06:20:08|2618|2789|ABW440|104.283943176|35.1529884338|9784|-10.25|240.75|0|0|0
06:20:12|2618|2789|ABW440|104.283599854|35.1612281799|9784|-10.25|240.75|0|0|0
06:20:16|2618|2789|ABW440|104.283256531|35.1692962646|9784|-10.25|240.75|0|0|0
06:20:20|2618|2789|ABW440|104.282913208|35.1777076721|9784|-10.25|240.75|0|0|0
06:20:24|2618|2789|ABW440|104.282398224|35.1859474182|9784|-10.25|240.75|0|0|0
06:20:28|2618|2789|ABW440|104.282054901|35.1962471008|9784|-10.25|240.75|0|0|0
06:20:32|2618|2789|ABW440|104.281539917|35.2048301697|9784|-10.25|240.25|0|0|0
06:20:36|2618|2789|ABW440|104.281196594|35.2128982544|9784|-10.25|240.25|0|0|0
06:20:40|2618|2789|ABW440|104.280853271|35.2211380005|9784|-10.25|239.75|0|0|0
06:20:44|2618|2789|ABW440|104.280338287|35.2292060852|9784|-10.25|239.75|0|0|0
06:20:48|2618|2789|ABW440|104.279994965|35.2372741699|9784|-10.25|239.75|0|0|0
06:20:52|2618|2789|ABW440|104.27947998|35.2477455139|9784|-10.25|239.75|0|0|0
06:20:56|2618|2789|ABW440|104.279136658|35.2554702759|9784|-10.25|239.75|0|0|0
06:21:00|2618|2789|ABW440|104.278793335|35.263710022|9784|-10.25|240.25|0|0|0
06:21:04|2618|2789|ABW440|104.278450012|35.2722930908|9784|-10.25|239.75|0|0|0
06:21:08|2618|2789|ABW440|104.277935028|35.2817344666|9784|-10.25|240.25|0|0|0
06:21:12|2618|2789|ABW440|104.277591705|35.2904891968|9784|-10.25|240.25|0|0|0
06:21:16|2618|2789|ABW440|104.277248383|35.2982139587|9784|-9.75|240.25|0|0|0
06:21:20|2618|2789|ABW440|104.27690506|35.3064537048|9784|-9.75|240.25|0|0|0
06:21:24|2618|2789|ABW440|104.276390076|35.3170967102|9784|-10.25|240.25|0|0|0
06:21:28|2618|2789|ABW440|104.275875092|35.3253364563|9784|-10.25|240.25|0|0|0
06:21:32|2618|2789|ABW440|104.275531769|35.3335762024|9784|-10.25|240.25|0|0|0
06:21:36|2618|2789|ABW440|104.275188446|35.3416442871|9784|-10.25|240.25|0|0|0
06:21:40|2618|2789|ABW440|104.274845123|35.3500556946|9784|-10.25|240.25|0|0|0
06:21:44|2618|2789|ABW440|104.274330139|35.3603553772|9784|-10.25|240.25|0|0|0
06:21:48|2618|2789|ABW440|104.273986816|35.3685951233|9784|-10.25|240.25|0|0|0
06:21:52|2618|2789|ABW440|104.273471832|35.376663208|9784|-10.25|240.25|0|0|0
06:21:56|2618|2789|ABW440|104.27312851|35.3849029541|9784|-10.25|240.25|0|0|0
06:22:00|2618|2789|ABW440|104.272785187|35.3931427002|9784|-10.25|240.25|0|0|0
06:22:04|2618|2789|ABW440|104.272270203|35.4034423828|9784|-10.25|240.25|0|0|0
06:22:08|2618|2789|ABW440|104.271755219|35.4116821289|9784|-10.25|240.25|0|0|0
06:22:12|2618|2789|ABW440|104.271411896|35.419921875|9784|-10.25|240.25|0|0|0
06:22:16|2618|2789|ABW440|104.270896912|35.4279899597|9784|-10.25|240.25|0|0|0
06:22:20|2618|2789|ABW440|104.270553589|35.4362297058|9784|-10.25|240.25|0|0|0
06:22:24|2618|2789|ABW440|104.270210266|35.4458427429|9784|-10.25|240.25|0|0|0
06:22:28|2618|2789|ABW440|104.269695282|35.4545974731|9784|-10.25|240.25|0|0|0
06:22:32|2618|2789|ABW440|104.269351959|35.4626655579|9784|-10.25|240.25|0|0|0
06:22:36|2618|2789|ABW440|104.269008636|35.470905304|9784|-10.25|240.25|0|0|0
06:22:40|2618|2789|ABW440|104.268665314|35.4813766479|9784|-9.75|240.25|0|0|0
06:22:44|2618|2789|ABW440|104.268321991|35.4891014099|9784|-9.75|240.75|0|0|0
06:22:48|2618|2789|ABW440|104.267807007|35.4978561401|9784|-9.75|240.75|0|0|0
06:22:52|2618|2789|ABW440|104.267463684|35.5057525635|9784|-9.75|240.75|0|0|0
06:22:56|2618|2789|ABW440|104.267120361|35.5143356323|9784|-9.75|240.75|0|0|0
06:23:00|2618|2789|ABW440|104.266433716|35.5248069763|9784|-10.25|240.75|0|0|0
06:23:04|2618|2789|ABW440|104.266090393|35.5325317383|9784|-10.25|241.25|0|0|0
06:23:08|2618|2789|ABW440|104.26574707|35.5409431458|9784|-10.25|241.25|0|0|0
06:23:12|2618|2789|ABW440|104.265232086|35.5491828918|9784|-10.25|241.75|0|0|0
06:23:16|2618|2789|ABW440|104.264717102|35.5598258972|9784|-10.25|241.75|0|0|0
06:23:20|2618|2789|ABW440|104.264373779|35.5680656433|9784|-10.25|241.75|0|0|0
06:23:24|2618|2789|ABW440|104.264030457|35.5763053894|9784|-10.25|241.75|0|0|0
06:23:28|2618|2789|ABW440|104.263687134|35.5848884583|9784|-9.75|241.75|0|0|0
06:23:32|2618|2789|ABW440|104.263343811|35.594329834|9784|-9.75|242.0|0|0|0
06:23:36|2618|2789|ABW440|104.263000488|35.6030845642|9784|-9.75|242.0|0|0|0
06:23:40|2618|2789|ABW440|104.262657166|35.6113243103|9784|-9.75|242.0|0|0|0
06:23:44|2618|2789|ABW440|104.262313843|35.6195640564|9784|-9.75|241.75|0|0|0
06:23:48|2618|2789|ABW440|104.261798859|35.6279754639|9784|-9.75|241.75|0|0|0
06:23:52|2618|2789|ABW440|104.261283875|35.6382751465|9784|-10.25|241.75|0|0|0
06:23:56|2618|2789|ABW440|104.26076889|35.6465148926|9784|-10.25|241.75|0|0|0
06:24:00|2618|2789|ABW440|104.260425568|35.6547546387|9784|-10.25|241.75|0|0|0
06:24:04|2618|2789|ABW440|104.259910583|35.6629943848|9784|-10.25|242.0|0|0|0
06:24:08|2618|2789|ABW440|104.259567261|35.6714057922|9784|-10.25|242.0|0|0|0
06:24:12|2618|2789|ABW440|104.258880615|35.6817054749|9784|-10.5|242.0|0|0|0
06:24:16|2618|2789|ABW440|104.258537292|35.6901168823|9784|-10.5|242.0|0|0|0
06:24:20|2618|2789|ABW440|104.25819397|35.6983566284|9784|-10.5|242.0|0|0|0
06:24:24|2618|2789|ABW440|104.257678986|35.7065963745|9784|-10.5|242.0|0|0|0
06:24:28|2618|2789|ABW440|104.257335663|35.715007782|9784|-10.5|242.0|0|0|0
06:24:32|2618|2789|ABW440|104.256649017|35.7253074646|9784|-10.5|242.0|0|0|0
06:24:36|2618|2789|ABW440|104.256305695|35.7335472107|9784|-10.5|242.0|0|0|0
06:24:40|2618|2789|ABW440|104.255962372|35.7419586182|9784|-10.5|242.0|0|0|0
06:24:44|2618|2789|ABW440|104.255447388|35.7500267029|9784|-10.5|242.0|0|0|0
06:24:48|2618|2789|ABW440|104.255104065|35.7598114014|9784|-10.5|242.0|0|0|0
06:24:52|2618|2789|ABW440|104.254589081|35.7685661316|9784|-10.5|242.0|0|0|0
06:24:56|2618|2789|ABW440|104.254074097|35.7768058777|9784|-10.5|242.0|0|0|0
06:25:00|2618|2789|ABW440|104.253730774|35.784702301|9784|-10.5|242.0|0|0|0
06:25:04|2618|2789|ABW440|104.25321579|35.7946586609|9784|-10.5|242.5|0|0|0
06:25:08|2618|2789|ABW440|104.252872467|35.8035850525|9784|-10.5|242.5|0|0|0
06:25:12|2618|2789|ABW440|104.252357483|35.8118247986|9784|-10.5|242.5|0|0|0
06:25:16|2618|2789|ABW440|104.25201416|35.8200645447|9784|-10.5|242.5|0|0|0
06:25:20|2618|2789|ABW440|104.251670837|35.8283042908|9784|-10.5|242.5|0|0|0
06:25:24|2618|2789|ABW440|104.251155853|35.8387756348|9784|-10.5|242.5|0|0|0
06:25:28|2618|2789|ABW440|104.250640869|35.8471870422|9784|-10.5|242.5|0|0|0
06:25:32|2618|2789|ABW440|104.250297546|35.8554267883|9784|-10.5|242.5|0|0|0
06:25:36|2618|2789|ABW440|104.249782562|35.8638381958|9784|-10.5|242.5|0|0|0
06:25:40|2618|2789|ABW440|104.24943924|35.8720779419|9784|-10.5|242.5|0|0|0
06:25:44|2618|2789|ABW440|104.248924255|35.8825492859|9784|-10.5|242.5|0|0|0
06:25:48|2618|2789|ABW440|104.248409271|35.890789032|9784|-10.5|242.5|0|0|0
06:25:52|2618|2789|ABW440|104.248065948|35.8990287781|9784|-10.5|242.5|0|0|0
06:25:56|2618|2789|ABW440|104.247550964|35.9072685242|9784|-10.5|242.5|0|0|0
06:26:00|2618|2789|ABW440|104.247207642|35.9155082703|9784|-10.5|242.5|0|0|0
06:26:04|2618|2789|ABW440|104.246692657|35.9256362915|9784|-10.5|242.5|0|0|0
06:26:08|2618|2789|ABW440|104.246349335|35.9338760376|9784|-10.5|242.5|0|0|0
06:26:12|2618|2789|ABW440|104.245834351|35.9421157837|9784|-10.5|242.5|0|0|0
06:26:16|2618|2789|ABW440|104.245319366|35.9505271912|9784|-10.5|242.5|0|0|0
06:26:20|2618|2789|ABW440|104.244804382|35.9609985352|9784|-11.0|242.5|0|0|0
06:26:24|2618|2789|ABW440|104.244289398|35.9692382812|9784|-11.0|242.5|0|0|0
06:26:28|2618|2789|ABW440|104.243774414|35.9774780273|9784|-11.0|242.5|0|0|0
06:26:32|2618|2789|ABW440|104.24325943|35.9858894348|9784|-11.0|242.5|0|0|0
06:26:36|2618|2789|ABW440|104.242744446|35.9941291809|9784|-11.5|242.5|0|0|0
06:26:40|2618|2789|ABW440|104.242229462|36.0046005249|9784|-11.5|242.5|0|0|0
06:26:44|2618|2789|ABW440|104.241714478|36.0131835938|9784|-11.5|242.5|0|0|0
06:26:48|2618|2789|ABW440|104.241199493|36.0212516785|9784|-11.5|242.5|0|0|0
06:26:52|2618|2789|ABW440|104.240856171|36.0296630859|9784|-11.5|242.5|0|0|0
06:26:56|2618|2789|ABW440|104.240341187|36.0396194458|9784|-11.5|243.0|0|0|0
06:27:00|2618|2789|ABW440|104.239826202|36.0485458374|9784|-11.5|243.0|0|0|0
06:27:04|2618|2789|ABW440|104.239311218|36.0562705994|9784|-11.5|243.5|0|0|0
06:27:08|2618|2789|ABW440|104.238967896|36.0648536682|9784|-11.0|243.5|0|0|0
06:27:12|2618|2789|ABW440|104.238452911|36.0732650757|9784|-11.0|243.5|0|0|0
06:27:16|2618|2789|ABW440|104.238109589|36.0833930969|9784|-11.0|243.5|0|0|0
06:27:20|2618|2789|ABW440|104.237594604|36.091632843|9784|-11.0|244.0|0|0|0
06:27:24|2618|2789|ABW440|104.237251282|36.1000442505|9784|-11.0|244.0|0|0|0
06:27:28|2618|2789|ABW440|104.236736298|36.108455658|9784|-11.0|244.0|0|0|0
06:27:32|2618|2789|ABW440|104.236221313|36.118927002|9784|-11.0|244.0|0|0|0
06:27:36|2618|2789|ABW440|104.235706329|36.127166748|9784|-11.0|244.0|0|0|0
06:27:40|2618|2789|ABW440|104.235363007|36.1355781555|9784|-11.0|243.5|0|0|0
06:27:44|2618|2789|ABW440|104.234848022|36.1438179016|9784|-11.0|243.5|0|0|0
06:27:48|2618|2789|ABW440|104.2345047|36.1522293091|9784|-11.0|243.5|0|0|0
06:27:52|2618|2789|ABW440|104.233989716|36.1625289917|9784|-11.0|243.5|0|0|0
06:27:56|2618|2789|ABW440|104.233646393|36.1709403992|9784|-10.5|243.5|0|0|0
06:28:00|2618|2789|ABW440|104.233131409|36.1791801453|9784|-10.5|243.5|0|0|0
06:28:04|2618|2789|ABW440|104.232788086|36.1875915527|9784|-10.5|243.5|0|0|0
06:28:08|2618|2789|ABW440|104.232444763|36.1958312988|9784|-10.5|243.5|0|0|0
06:28:12|2618|2789|ABW440|104.231929779|36.2064743042|9784|-10.5|243.5|0|0|0
06:28:16|2618|2789|ABW440|104.231414795|36.2147140503|9784|-10.5|243.5|0|0|0
06:28:20|2618|2789|ABW440|104.230899811|36.2231254578|9784|-11.0|243.5|0|0|0
06:28:24|2618|2789|ABW440|104.230556488|36.2313652039|9784|-10.5|243.5|0|0|0
06:28:28|2618|2789|ABW440|104.230041504|36.2411499023|9784|-10.5|244.0|0|0|0
06:28:32|2618|2789|ABW440|104.22952652|36.2497329712|9784|-10.5|244.0|0|0|0
06:28:36|2618|2789|ABW440|104.229011536|36.2584877014|9784|-11.0|244.0|0|0|0
06:28:40|2618|2789|ABW440|104.228496552|36.2667274475|9784|-11.0|244.0|0|0|0
06:28:44|2618|2789|ABW440|104.227981567|36.275138855|9784|-11.0|244.0|0|0|0
06:28:48|2618|2789|ABW440|104.227466583|36.2850952148|9784|-11.0|244.0|0|0|0
06:28:52|2618|2789|ABW440|104.22712326|36.2935066223|9784|-11.0|244.5|0|0|0
06:28:56|2618|2789|ABW440|104.226608276|36.3019180298|9784|-11.0|244.5|0|0|0
06:29:00|2618|2789|ABW440|104.226264954|36.3105010986|9784|-11.0|244.5|0|0|0
06:29:04|2618|2789|ABW440|104.225749969|36.3187408447|9784|-11.0|245.0|0|0|0
06:29:08|2618|2789|ABW440|104.225234985|36.3293838501|9784|-11.0|245.0|0|0|0
06:29:12|2618|2789|ABW440|104.224720001|36.3377952576|9784|-11.0|245.0|0|0|0
06:29:16|2618|2789|ABW440|104.224376678|36.346206665|9784|-11.0|245.0|0|0|0
06:29:20|2618|2789|ABW440|104.223861694|36.3546180725|9784|-11.0|245.0|0|0|0
06:29:24|2618|2789|ABW440|104.22334671|36.3652610779|9784|-11.0|245.0|0|0|0
06:29:28|2618|2789|ABW440|104.222831726|36.373500824|9784|-11.0|245.0|0|0|0
06:29:32|2618|2789|ABW440|104.222660065|36.3815689087|9784|-10.5|245.5|0|0|0
06:29:36|2618|2789|ABW440|104.222145081|36.3903236389|9784|-10.5|245.5|0|0|0
06:29:40|2618|2789|ABW440|104.221801758|36.3987350464|9784|-10.5|245.5|0|0|0
06:29:44|2618|2789|ABW440|104.221286774|36.4088630676|9784|-10.5|245.5|0|0|0
06:29:48|2618|2789|ABW440|104.220943451|36.4171028137|9784|-10.25|245.5|0|0|0
06:29:52|2618|2789|ABW440|104.220600128|36.4255142212|9784|-10.25|245.5|0|0|0
06:29:56|2618|2789|ABW440|104.220256805|36.4339256287|9784|-10.25|245.5|0|0|0
06:30:00|2618|2789|ABW440|104.219913483|36.444568634|9784|-9.75|245.5|0|0|0
06:30:04|2618|2789|ABW440|104.21957016|36.4529800415|9784|-9.75|245.5|0|0|0
06:30:08|2618|2789|ABW440|104.219226837|36.461391449|9784|-9.75|245.5|0|0|0
06:30:12|2618|2789|ABW440|104.218883514|36.4698028564|9784|-9.75|245.5|0|0|0
06:30:16|2618|2789|ABW440|104.218540192|36.4780426025|9784|-9.25|245.5|0|0|0
06:30:20|2618|2789|ABW440|104.218196869|36.4886856079|9784|-9.25|245.5|0|0|0
06:30:24|2618|2789|ABW440|104.217853546|36.4970970154|9784|-9.25|245.5|0|0|0
06:30:28|2618|2789|ABW440|104.217510223|36.5053367615|9784|-9.25|245.5|0|0|0
06:30:32|2618|2789|ABW440|104.217166901|36.5139198303|9784|-9.25|245.5|0|0|0
06:30:36|2618|2789|ABW440|104.216823578|36.5225028992|9784|-9.25|245.0|0|0|0
06:30:40|2618|2789|ABW440|104.216308594|36.5326309204|9784|-9.25|245.0|0|0|0
06:30:44|2618|2789|ABW440|104.215965271|36.540184021|9784|-9.25|245.5|0|0|0
06:30:48|2618|2789|ABW440|104.215278625|36.5491104126|9784|-10.25|245.5|0|0|0
06:30:52|2618|2789|ABW440|104.213047028|36.5590667725|9784|-15.0|245.0|0|0|0
06:30:56|2618|2789|ABW440|104.209270477|36.5669631958|9784|-36.75|242.0|0|0|0
06:31:00|2618|2789|ABW440|104.196052551|36.572971344|9784|-139.75|200.25|0|0|0
06:31:04|2618|2789|ABW440|104.188499451|36.5793228149|9784|-167.25|178.5|0|0|0
06:31:08|2618|2789|ABW440|104.181632996|36.5855026245|9784|-174.5|172.25|0|0|0
06:31:12|2618|2789|ABW440|104.174594879|36.5921974182|9784|-175.0|172.25|0|0|0
06:31:16|2618|2789|ABW440|104.16601181|36.5999221802|9784|-171.25|176.0|0|0|0
06:31:20|2618|2789|ABW440|104.157943726|36.6055870056|9784|-179.0|169.25|0|0|0
06:31:24|2618|2789|ABW440|104.149703979|36.6107368469|9784|-187.25|160.0|0|0|0
06:31:28|2618|2789|ABW440|104.141120911|36.6155433655|9784|-194.25|152.0|0|0|0
06:31:32|2618|2789|ABW440|104.130134583|36.6213798523|9784|-200.75|142.25|0|0|0
06:31:36|2618|2789|ABW440|104.120693207|36.6244697571|9784|-213.75|123.5|0|0|0
06:31:40|2618|2789|ABW440|104.110736847|36.6272163391|9784|-223.75|103.25|0|0|0
06:31:44|2618|2789|ABW440|104.100608826|36.6297912598|9784|-231.0|86.75|0|0|0
06:31:48|2618|2789|ABW440|104.088077545|36.6328811646|9784|-235.0|74.75|0|0|0
06:31:52|2618|2789|ABW440|104.07743454|36.6337394714|9784|-240.75|53.0|0|0|0
06:31:56|2618|2789|ABW440|104.067306519|36.6345977783|9784|-242.5|38.5|0|0|0
06:32:00|2618|2789|ABW440|104.056835175|36.6359710693|9784|-243.5|32.25|0|0|0
06:32:04|2618|2789|ABW440|104.046878815|36.6376876831|9784|-243.0|36.25|0|0|0
06:32:08|2618|2789|ABW440|104.034004211|36.6397476196|9784|-242.0|41.0|0|0|0
06:32:12|2618|2789|ABW440|104.024562836|36.6423225403|9784|-240.75|49.25|0|0|0
06:32:16|2618|2789|ABW440|104.014606476|36.6445541382|9784|-239.75|53.0|0|0|0
06:32:20|2618|2789|ABW440|104.004478455|36.6473007202|9784|-238.25|60.25|0|0|0
06:32:24|2618|2789|ABW440|103.992290497|36.6512489319|9784|-235.0|71.0|0|0|0
06:32:28|2618|2789|ABW440|103.983707428|36.6550254822|9784|-229.0|87.25|0|0|0
06:32:32|2618|2789|ABW440|103.973751068|36.6588020325|9784|-227.25|91.75|0|0|0
06:32:36|2618|2789|ABW440|103.964481354|36.6624069214|9784|-225.25|95.0|0|0|0
06:32:40|2618|2789|ABW440|103.955211639|36.6661834717|9784|-223.25|99.75|0|0|0
06:32:44|2618|2789|ABW440|103.944568634|36.6715049744|9784|-217.0|113.25|0|0|0
06:32:48|2618|2789|ABW440|103.935642242|36.6763114929|9784|-212.25|123.5|0|0|0
06:32:52|2618|2789|ABW440|103.926200867|36.6809463501|9784|-211.75|124.5|0|0|0
06:32:56|2618|2789|ABW440|103.917789459|36.6854095459|9784|-210.25|128.75|0|0|0
06:33:00|2618|2789|ABW440|103.908691406|36.6898727417|9784|-209.75|130.25|0|0|0
06:33:04|2618|2789|ABW440|103.897361755|36.6955375671|9784|-210.25|130.25|0|0|0
06:33:08|2618|2789|ABW440|103.888435364|36.7000007629|9784|-210.25|130.25|0|0|0
06:33:12|2618|2789|ABW440|103.879508972|36.7042922974|9784|-210.25|129.75|0|0|0
06:33:16|2618|2789|ABW440|103.870582581|36.7087554932|9784|-210.25|129.25|0|0|0
06:33:20|2618|2789|ABW440|103.859424591|36.7142486572|9784|-210.25|129.25|0|0|0
06:33:24|2618|2789|ABW440|103.851013184|36.7183685303|9784|-210.25|128.75|0|0|0
06:33:28|2618|2789|ABW440|103.842086792|36.7226600647|9784|-210.25|128.25|0|0|0
06:33:32|2618|2789|ABW440|103.833332062|36.7269515991|9784|-209.75|128.25|0|0|0
06:33:36|2618|2789|ABW440|103.824577332|36.7314147949|9784|-209.75|128.25|0|0|0
06:33:40|2618|2789|ABW440|103.813419342|36.736907959|9784|-209.75|128.25|0|0|0
06:33:44|2618|2789|ABW440|103.804664612|36.7411994934|9784|-209.25|128.25|0|0|0
06:33:48|2618|2789|ABW440|103.795909882|36.7454910278|9784|-209.25|127.75|0|0|0
06:33:52|2618|2789|ABW440|103.787326813|36.7499542236|9784|-208.75|128.25|0|0|0
06:33:56|2618|2789|ABW440|103.778572083|36.7544174194|9784|-208.25|128.25|0|0|0
06:34:00|2618|2789|ABW440|103.767585754|36.7599105835|9784|-208.25|128.25|0|0|0
06:34:04|2618|2789|ABW440|103.758831024|36.7642021179|9784|-207.75|128.25|0|0|0
06:34:08|2618|2789|ABW440|103.750076294|36.7686653137|9784|-207.75|128.25|0|0|0
06:34:12|2618|2789|ABW440|103.741149902|36.7729568481|9784|-207.75|128.25|0|0|0
06:34:16|2618|2789|ABW440|103.730163574|36.7784500122|9784|-207.75|128.25|0|0|0
06:34:20|2618|2789|ABW440|103.721580505|36.782913208|9784|-207.75|128.75|0|0|0
06:34:24|2618|2789|ABW440|103.712310791|36.7875480652|9784|-207.75|128.75|0|0|0
06:34:28|2618|2789|ABW440|103.703041077|36.7921829224|9784|-207.75|128.75|0|0|0
06:34:33|2618|2789|ABW440|103.703041077|36.7921829224|9784|-207.75|128.75|0|0|0
