09:00:04|1575|844|AMU197|105.216064453|28.7144851685|10081|74.75|-217.0|0|0|10088
09:00:08|1575|844|AMU197|105.218982697|28.7064170837|10081|74.75|-217.0|0|0|10088
09:00:12|1575|844|AMU197|105.222072601|28.6985206604|10081|74.75|-217.0|0|0|10088
09:00:16|1575|844|AMU197|105.224990845|28.6907958984|10081|74.75|-217.0|0|0|10088
09:00:20|1575|844|AMU197|105.227909088|28.6828994751|10081|74.75|-217.5|0|0|10088
09:00:24|1575|844|AMU197|105.23065567|28.6755180359|10081|74.75|-217.5|0|0|10088
09:00:28|1575|844|AMU197|105.233917236|28.6671066284|10081|75.25|-217.0|0|0|10088
09:00:32|1575|844|AMU197|105.237007141|28.6592102051|10081|75.25|-217.0|0|0|10088
09:00:36|1575|844|AMU197|105.239925385|28.6513137817|10097|75.25|-217.5|0|0|10088
09:00:40|1575|844|AMU197|105.242843628|28.6434173584|10097|74.75|-217.5|0|0|10088
09:00:44|1575|844|AMU197|105.24559021|28.6363792419|10097|74.75|-217.0|0|0|10088
09:00:48|1575|844|AMU197|105.248680115|28.6277961731|10097|74.75|-217.0|0|0|10088
09:00:52|1575|844|AMU197|105.25177002|28.6198997498|10097|74.75|-217.0|0|0|10088
09:00:56|1575|844|AMU197|105.254688263|28.6120033264|10097|74.75|-217.0|0|0|10088
09:01:00|1575|844|AMU197|105.257606506|28.6044502258|10097|74.75|-217.0|0|0|10088
09:01:04|1575|844|AMU197|105.26052475|28.5965538025|10097|74.75|-217.0|0|0|10088
09:01:08|1575|844|AMU197|105.263442993|28.5886573792|10097|74.75|-216.5|0|0|10088
09:01:12|1575|844|AMU197|105.266532898|28.5809326172|10097|74.75|-216.5|0|0|10088
09:01:16|1575|844|AMU197|105.269451141|28.5730361938|10097|75.25|-216.5|0|0|10088
09:01:20|1575|844|AMU197|105.272369385|28.5653114319|10097|74.75|-216.0|0|0|10088
09:01:24|1575|844|AMU197|105.275287628|28.5575866699|10097|74.75|-216.0|0|0|10088
09:01:28|1575|844|AMU197|105.278205872|28.549861908|10097|74.75|-216.0|0|0|10088
09:01:32|1575|844|AMU197|105.281124115|28.5419654846|10097|74.25|-216.0|0|0|10088
09:01:36|1575|844|AMU197|105.283870697|28.5342407227|10097|74.25|-216.0|0|0|10088
09:01:40|1575|844|AMU197|105.286960602|28.5263442993|10097|74.25|-216.0|0|0|10088
09:01:44|1575|844|AMU197|105.290222168|28.5174179077|10097|74.25|-216.0|0|0|10088
09:01:48|1575|844|AMU197|105.293140411|28.5096931458|10097|74.25|-215.5|0|0|10088
09:01:52|1575|844|AMU197|105.295715332|28.5031700134|10097|74.25|-215.5|0|0|10088
09:01:56|1575|844|AMU197|105.29914856|28.4940719604|10089|74.25|-215.5|0|0|10088
09:02:00|1575|844|AMU197|105.302066803|28.4865188599|10089|74.25|-215.5|0|0|10088
09:02:04|1575|844|AMU197|105.304470062|28.4798240662|10089|74.75|-215.5|0|0|10088
09:02:08|1575|844|AMU197|105.307559967|28.4719276428|10089|74.75|-215.5|0|0|10088
09:02:12|1575|844|AMU197|105.31047821|28.4642028809|10089|74.25|-215.5|0|0|10088
09:02:16|1575|844|AMU197|105.313396454|28.4563064575|10089|74.25|-215.5|0|0|10088
09:02:20|1575|844|AMU197|105.316314697|28.4484100342|10089|74.75|-215.5|0|0|10088
09:02:24|1575|844|AMU197|105.319576263|28.4399986267|10089|74.75|-215.5|0|0|10088
09:02:28|1575|844|AMU197|105.322494507|28.4321022034|10089|74.25|-215.5|0|0|10088
09:02:32|1575|844|AMU197|105.325241089|28.4250640869|10089|74.75|-215.0|0|0|10088
09:02:36|1575|844|AMU197|105.328159332|28.4171676636|10089|74.75|-215.0|0|0|10088
09:02:40|1575|844|AMU197|105.331249237|28.4089279175|10089|74.25|-215.0|0|0|10088
09:02:44|1575|844|AMU197|105.333995819|28.4017181396|10089|74.75|-215.0|0|0|10088
09:02:48|1575|844|AMU197|105.337085724|28.3938217163|10089|74.75|-214.5|0|0|10088
09:02:52|1575|844|AMU197|105.339832306|28.3864402771|10089|74.25|-215.0|0|0|10088
09:02:56|1575|844|AMU197|105.342578888|28.3785438538|10089|74.25|-215.0|0|0|10088
09:03:00|1575|844|AMU197|105.345497131|28.3708190918|10089|74.25|-215.0|0|0|10088
09:03:04|1575|844|AMU197|105.348758698|28.3624076843|10089|74.25|-215.0|0|0|10088
09:03:08|1575|844|AMU197|105.35150528|28.3553695679|10089|74.25|-214.5|0|0|10088
09:03:12|1575|844|AMU197|105.3540802|28.34815979|10089|73.75|-214.5|0|0|10088
09:03:16|1575|844|AMU197|105.356998444|28.3404350281|10089|73.75|-214.5|0|0|10088
09:03:20|1575|844|AMU197|105.359745026|28.3327102661|10089|73.75|-214.5|0|0|10088
09:03:24|1575|844|AMU197|105.36283493|28.3248138428|10089|73.75|-214.25|0|0|10088
09:03:28|1575|844|AMU197|105.365753174|28.3170890808|10089|74.25|-214.25|0|0|10088
09:03:32|1575|844|AMU197|105.368499756|28.3095359802|10089|73.75|-214.25|0|0|10088
09:03:36|1575|844|AMU197|105.371589661|28.3018112183|10089|74.25|-213.75|0|0|10088
09:03:40|1575|844|AMU197|105.374336243|28.2940864563|10089|73.75|-213.75|0|0|10088
09:03:44|1575|844|AMU197|105.377941132|28.2844734192|10089|73.75|-213.75|0|0|10088
09:03:48|1575|844|AMU197|105.380687714|28.2769203186|10089|73.75|-213.75|0|0|10088
09:03:52|1575|844|AMU197|105.383605957|28.2691955566|10089|73.75|-213.75|0|0|10088
09:03:56|1575|844|AMU197|105.385837555|28.2633590698|10089|73.75|-213.75|0|0|10088
09:04:00|1575|844|AMU197|105.389442444|28.2535743713|10089|73.75|-213.25|0|0|10088
09:04:04|1575|844|AMU197|105.392360687|28.2460212708|10089|74.25|-213.25|0|0|10088
09:04:08|1575|844|AMU197|105.394935608|28.2386398315|10089|73.75|-213.25|0|0|10088
09:04:12|1575|844|AMU197|105.397853851|28.2309150696|10089|73.25|-213.75|0|0|10088
09:04:16|1575|844|AMU197|105.400772095|28.2231903076|10089|73.25|-213.75|0|0|10088
09:04:20|1575|844|AMU197|105.403862|28.2151222229|10089|73.75|-213.25|0|0|10088
09:04:24|1575|844|AMU197|105.406093597|28.2092857361|10089|73.75|-213.25|0|0|10088
09:04:28|1575|844|AMU197|105.408840179|28.2015609741|10089|73.75|-213.25|0|0|10088
09:04:32|1575|844|AMU197|105.412445068|28.191947937|10089|73.25|-213.25|0|0|10088
09:04:36|1575|844|AMU197|105.414848328|28.1861114502|10089|74.25|-212.75|0|0|10088
09:04:40|1575|844|AMU197|105.417766571|28.1785583496|10089|74.25|-212.75|0|0|10088
09:04:44|1575|844|AMU197|105.421543121|28.1689453125|10089|74.75|-212.75|0|0|10088
09:04:48|1575|844|AMU197|105.424289703|28.1631088257|10089|76.75|-212.25|0|0|10088
09:04:52|1575|844|AMU197|105.427894592|28.1555557251|10089|78.5|-212.25|0|0|10088
09:04:56|1575|844|AMU197|105.432014465|28.1474876404|10089|81.5|-211.25|0|0|10088
09:05:00|1575|844|AMU197|105.436134338|28.1383895874|10089|82.0|-211.25|0|0|10088
09:05:04|1575|844|AMU197|105.440254211|28.1310081482|10074|85.75|-209.75|0|0|10088
09:05:08|1575|844|AMU197|105.444717407|28.1244850159|10074|95.0|-207.0|0|0|10088
09:05:12|1575|844|AMU197|105.449352264|28.1171035767|10074|99.75|-206.0|0|0|10088
09:05:16|1575|844|AMU197|105.45381546|28.1083488464|10074|97.0|-208.25|0|0|10088
09:05:20|1575|844|AMU197|105.45759201|28.1014823914|10074|100.75|-208.25|0|0|10088
09:05:24|1575|844|AMU197|105.461368561|28.0947875977|10074|102.75|-209.25|0|0|10088
09:05:28|1575|844|AMU197|105.466690063|28.0850028992|10074|103.75|-210.25|0|0|10088
09:05:32|1575|844|AMU197|105.471153259|28.0772781372|10074|105.25|-210.25|0|0|10088
09:05:36|1575|844|AMU197|105.474414825|28.0714416504|10074|105.25|-211.25|0|0|10088
09:05:40|1575|844|AMU197|105.479393005|28.0618286133|10074|103.25|-211.75|0|0|10088
09:05:44|1575|844|AMU197|105.48368454|28.0541038513|10074|104.75|-211.75|0|0|10088
09:05:48|1575|844|AMU197|105.48746109|28.0474090576|10074|105.5|-210.75|0|0|10088
09:05:52|1575|844|AMU197|105.491752625|28.039855957|10074|106.0|-210.25|0|0|10088
09:05:56|1575|844|AMU197|105.496387482|28.0311012268|10074|105.5|-211.25|0|0|10088
09:06:00|1575|844|AMU197|105.500507355|28.0235481262|10074|105.5|-211.25|0|0|10088
09:06:04|1575|844|AMU197|105.504283905|28.0168533325|10074|105.5|-210.75|0|0|10088
09:06:08|1575|844|AMU197|105.508060455|28.0098152161|10074|105.5|-210.75|0|0|10088
09:06:12|1575|844|AMU197|105.513038635|28.0005455017|10074|105.25|-211.25|0|0|10088
09:06:16|1575|844|AMU197|105.516643524|27.993850708|10074|105.5|-210.75|0|0|10088
09:06:20|1575|844|AMU197|105.521278381|27.9852676392|10074|105.25|-211.25|0|0|10088
09:06:24|1575|844|AMU197|105.524711609|27.9789161682|10074|105.25|-211.25|0|0|10088
09:06:28|1575|844|AMU197|105.528831482|27.9711914062|10074|105.25|-211.75|0|0|10088
09:06:32|1575|844|AMU197|105.533466339|27.9629516602|10074|105.5|-211.25|0|0|10088
09:06:36|1575|844|AMU197|105.537586212|27.9553985596|10074|105.25|-211.25|0|0|10088
09:06:40|1575|844|AMU197|105.542221069|27.9468154907|10074|105.25|-211.75|0|0|10088
09:06:44|1575|844|AMU197|105.545825958|27.9399490356|10074|105.25|-211.75|0|0|10088
09:06:48|1575|844|AMU197|105.549945831|27.9322242737|10074|105.25|-211.75|0|0|10088
09:06:52|1575|844|AMU197|105.554580688|27.9234695435|10074|105.25|-212.25|0|0|10088
09:06:56|1575|844|AMU197|105.558700562|27.9157447815|10074|104.75|-212.25|0|0|10088
09:07:00|1575|844|AMU197|105.562648773|27.9088783264|10074|105.5|-212.25|0|0|10088
09:07:04|1575|844|AMU197|105.566425323|27.9016685486|10074|105.25|-212.25|0|0|10088
09:07:08|1575|844|AMU197|105.570716858|27.8939437866|10074|105.5|-212.25|0|0|10088
09:07:12|1575|844|AMU197|105.575351715|27.8853607178|10074|105.5|-212.25|0|0|10088
09:07:16|1575|844|AMU197|105.57964325|27.8776359558|10074|106.0|-212.25|0|0|10088
09:07:20|1575|844|AMU197|105.583934784|27.8699111938|10089|106.0|-212.25|0|0|10088
09:07:24|1575|844|AMU197|105.587882996|27.8625297546|10089|106.0|-212.25|0|0|10088
09:07:28|1575|844|AMU197|105.592002869|27.8548049927|10089|106.0|-212.25|0|0|10088
09:07:32|1575|844|AMU197|105.596466064|27.846736908|10089|106.0|-212.75|0|0|10088
09:07:36|1575|844|AMU197|105.600757599|27.839012146|10089|106.0|-212.75|0|0|10088
09:07:40|1575|844|AMU197|105.604877472|27.831287384|10089|106.0|-212.75|0|0|10088
09:07:44|1575|844|AMU197|105.608997345|27.8235626221|10089|106.0|-212.75|0|0|10088
09:07:48|1575|844|AMU197|105.613288879|27.8156661987|10089|106.0|-212.75|0|0|10088
09:07:52|1575|844|AMU197|105.617408752|27.8079414368|10089|106.0|-212.75|0|0|10088
09:07:56|1575|844|AMU197|105.621700287|27.8002166748|10089|106.0|-213.25|0|0|10088
09:08:00|1575|844|AMU197|105.62582016|27.7923202515|10089|106.0|-213.25|0|0|10088
09:08:04|1575|844|AMU197|105.630283356|27.7840805054|10089|106.0|-213.25|0|0|10088
09:08:08|1575|844|AMU197|105.634231567|27.7766990662|10089|106.0|-213.75|0|0|10088
09:08:12|1575|844|AMU197|105.63835144|27.7689743042|10089|106.0|-213.75|0|0|10088
09:08:16|1575|844|AMU197|105.642642975|27.7610778809|10089|106.0|-213.75|0|0|10088
09:08:20|1575|844|AMU197|105.646934509|27.7533531189|10089|106.5|-213.75|0|0|10088
09:08:24|1575|844|AMU197|105.651054382|27.7454566956|10089|106.0|-214.25|0|0|10088
09:08:28|1575|844|AMU197|105.655345917|27.7375602722|10089|106.0|-214.25|0|0|10088
09:08:32|1575|844|AMU197|105.65946579|27.7298355103|10089|106.0|-214.25|0|0|10088
09:08:36|1575|844|AMU197|105.663585663|27.7221107483|10089|106.0|-214.25|0|0|10088
09:08:40|1575|844|AMU197|105.667877197|27.7140426636|10089|106.0|-214.5|0|0|10088
09:08:44|1575|844|AMU197|105.671825409|27.7066612244|10089|106.0|-215.0|0|0|10088
09:08:48|1575|844|AMU197|105.676288605|27.6984214783|10089|106.0|-215.0|0|0|10088
09:08:52|1575|844|AMU197|105.680580139|27.6905250549|10089|106.5|-215.0|0|0|10088
09:08:56|1575|844|AMU197|105.684871674|27.6826286316|10089|106.5|-215.0|0|0|10088
09:09:00|1575|844|AMU197|105.688819885|27.675075531|10089|106.5|-215.0|0|0|10088
09:09:04|1575|844|AMU197|105.692939758|27.667350769|10097|106.5|-215.5|0|0|10088
09:09:08|1575|844|AMU197|105.697231293|27.6596260071|10097|106.5|-215.5|0|0|10088
09:09:12|1575|844|AMU197|105.701351166|27.6519012451|10097|106.5|-215.0|0|0|10088
09:09:16|1575|844|AMU197|105.705986023|27.6434898376|10097|107.0|-215.0|0|0|10088
09:09:20|1575|844|AMU197|105.710105896|27.6361083984|10097|107.5|-214.5|0|0|10088
09:09:24|1575|844|AMU197|105.714054108|27.6288986206|10097|107.5|-214.5|0|0|10088
09:09:28|1575|844|AMU197|105.718860626|27.6201438904|10097|107.5|-214.5|0|0|10088
09:09:32|1575|844|AMU197|105.722637177|27.6131057739|10097|107.5|-214.5|0|0|10088
09:09:36|1575|844|AMU197|105.727443695|27.6041793823|10097|107.5|-214.5|0|0|10088
09:09:40|1575|844|AMU197|105.731391907|27.5967979431|10097|107.5|-214.5|0|0|10088
09:09:44|1575|844|AMU197|105.735683441|27.5890731812|10097|107.5|-214.5|0|0|10088
09:09:48|1575|844|AMU197|105.739631653|27.5813484192|10097|107.5|-214.5|0|0|10088
09:09:52|1575|844|AMU197|105.74426651|27.5731086731|10097|107.0|-214.5|0|0|10088
09:09:56|1575|844|AMU197|105.74804306|27.5658988953|10097|107.0|-214.5|0|0|10088
09:10:00|1575|844|AMU197|105.752334595|27.5581741333|10097|107.5|-214.25|0|0|10088
09:10:04|1575|844|AMU197|105.756626129|27.55027771|10097|107.5|-214.25|0|0|10088
09:10:08|1575|844|AMU197|105.760746002|27.5422096252|10097|106.5|-214.25|0|0|10088
09:10:12|1575|844|AMU197|105.764694214|27.534828186|10089|106.5|-214.25|0|0|10088
09:10:16|1575|844|AMU197|105.768642426|27.5271034241|10089|106.0|-214.25|0|0|10088
09:10:20|1575|844|AMU197|105.772762299|27.5193786621|10089|106.0|-214.25|0|0|10088
09:10:24|1575|844|AMU197|105.776882172|27.5116539001|10089|106.0|-214.25|0|0|10088
09:10:28|1575|844|AMU197|105.780830383|27.5044441223|10089|105.5|-214.25|0|0|10088
09:10:32|1575|844|AMU197|105.785121918|27.4963760376|10089|105.5|-213.75|0|0|10088
09:10:36|1575|844|AMU197|105.789070129|27.488822937|10089|105.5|-213.75|0|0|10088
09:10:40|1575|844|AMU197|105.793533325|27.4807548523|10089|106.0|-213.25|0|0|10088
09:10:44|1575|844|AMU197|105.797138214|27.4740600586|10089|105.5|-213.25|0|0|10088
09:10:48|1575|844|AMU197|105.801944733|27.4654769897|10089|106.0|-212.75|0|0|10088
09:10:52|1575|844|AMU197|105.806064606|27.4577522278|10089|106.0|-212.75|0|0|10088
09:10:56|1575|844|AMU197|105.810184479|27.4501991272|10089|106.0|-212.25|0|0|10088
09:11:00|1575|844|AMU197|105.81413269|27.4424743652|10089|106.0|-212.75|0|0|10088
09:11:04|1575|844|AMU197|105.818595886|27.4344062805|10089|105.5|-212.25|0|0|10088
09:11:08|1575|844|AMU197|105.822029114|27.4280548096|10089|106.0|-212.25|0|0|10088
09:11:12|1575|844|AMU197|105.826663971|27.419128418|10089|105.25|-211.75|0|0|10088
09:11:16|1575|844|AMU197|105.830783844|27.4115753174|10089|105.25|-211.75|0|0|10088
09:11:20|1575|844|AMU197|105.834903717|27.4041938782|10089|105.5|-211.25|0|0|10088
09:11:24|1575|844|AMU197|105.839195251|27.396812439|10089|106.0|-210.75|0|0|10088
09:11:28|1575|844|AMU197|105.843315125|27.389087677|10089|105.5|-211.25|0|0|10088
09:11:32|1575|844|AMU197|105.847263336|27.3811912537|10089|104.75|-211.25|0|0|10088
09:11:36|1575|844|AMU197|105.851039886|27.3739814758|10089|105.25|-210.75|0|0|10088
09:11:40|1575|844|AMU197|105.85515976|27.3664283752|10089|105.25|-210.75|0|0|10088
09:11:44|1575|844|AMU197|105.859279633|27.3588752747|10089|105.25|-210.75|0|0|10088
09:11:48|1575|844|AMU197|105.863399506|27.3514938354|10089|105.5|-210.25|0|0|10088
09:11:52|1575|844|AMU197|105.86769104|27.3439407349|10089|106.0|-209.75|0|0|10088
09:11:56|1575|844|AMU197|105.871982574|27.3360443115|10089|105.5|-209.75|0|0|10088
09:12:00|1575|844|AMU197|105.875930786|27.3284912109|10089|105.5|-209.75|0|0|10088
09:12:04|1575|844|AMU197|105.879707336|27.3214530945|10089|105.25|-209.75|0|0|10088
09:12:08|1575|844|AMU197|105.883827209|27.3137283325|10089|105.25|-209.75|0|0|10088
09:12:12|1575|844|AMU197|105.888805389|27.3049736023|10089|105.5|-209.75|0|0|10088
09:12:16|1575|844|AMU197|105.892410278|27.2981071472|10089|105.5|-209.25|0|0|10088
09:12:20|1575|844|AMU197|105.896873474|27.2898674011|10089|105.5|-209.25|0|0|10088
09:12:24|1575|844|AMU197|105.901165009|27.2823143005|10089|105.5|-209.25|0|0|10088
09:12:28|1575|844|AMU197|105.905284882|27.2745895386|10089|105.5|-209.25|0|0|10088
09:12:32|1575|844|AMU197|105.909233093|27.267036438|10089|105.5|-209.25|0|0|10088
09:12:36|1575|844|AMU197|105.913352966|27.2594833374|10089|105.5|-209.25|0|0|10088
09:12:40|1575|844|AMU197|105.917472839|27.2517585754|10089|105.25|-209.25|0|0|10088
09:12:44|1575|844|AMU197|105.921592712|27.2442054749|10089|105.25|-209.25|0|0|10088
09:12:48|1575|844|AMU197|105.925540924|27.2366523743|10081|105.25|-209.25|0|0|10088
09:12:52|1575|844|AMU197|105.929660797|27.2290992737|10081|105.25|-209.25|0|0|10088
09:12:56|1575|844|AMU197|105.932750702|27.2230911255|10081|105.25|-209.25|0|0|10088
09:13:00|1575|844|AMU197|105.937900543|27.2138214111|10081|105.25|-209.25|0|0|10088
09:13:04|1575|844|AMU197|105.941848755|27.2060966492|10081|104.75|-209.25|0|0|10088
09:13:08|1575|844|AMU197|105.945968628|27.19871521|10081|105.25|-209.25|0|0|10088
09:13:12|1575|844|AMU197|105.94991684|27.190990448|10081|104.75|-209.25|0|0|10088
09:13:16|1575|844|AMU197|105.953865051|27.1834373474|10081|104.75|-209.25|0|0|10088
09:13:20|1575|844|AMU197|105.95746994|27.1767425537|10081|104.75|-209.25|0|0|10088
09:13:24|1575|844|AMU197|105.961761475|27.1691894531|10081|105.5|-208.75|0|0|10088
09:13:28|1575|844|AMU197|105.965881348|27.1612930298|10081|105.25|-209.25|0|0|10088
09:13:32|1575|844|AMU197|105.970172882|27.1535682678|10081|105.25|-209.25|0|0|10088
09:13:36|1575|844|AMU197|105.974121094|27.1460151672|10081|104.75|-209.75|0|0|10088
09:13:40|1575|844|AMU197|105.978240967|27.1382904053|10081|105.25|-209.75|0|0|10088
09:13:44|1575|844|AMU197|105.983047485|27.1307373047|10081|107.5|-208.75|0|0|10088
09:13:48|1575|844|AMU197|105.987510681|27.1228408813|10081|107.5|-209.25|0|0|10088
09:13:52|1575|844|AMU197|105.992145538|27.1159744263|10081|110.0|-208.25|0|0|10088
09:13:56|1575|844|AMU197|105.997638702|27.1075630188|10081|113.25|-207.5|0|0|10088
09:14:00|1575|844|AMU197|106.003303528|27.1015548706|10081|125.0|-201.5|0|0|10088
09:14:04|1575|844|AMU197|106.00982666|27.0934867859|10081|133.0|-198.75|0|0|10088
09:14:08|1575|844|AMU197|106.015834808|27.0862770081|10081|139.75|-196.25|0|0|10088
09:14:12|1575|844|AMU197|106.020126343|27.0795822144|10081|134.0|-200.75|0|0|10088
09:14:16|1575|844|AMU197|106.026821136|27.0739173889|10081|154.75|-186.75|0|0|10088
09:14:20|1575|844|AMU197|106.034889221|27.0651626587|10081|159.75|-184.75|0|0|10088
09:14:24|1575|844|AMU197|106.040725708|27.0581245422|10081|156.75|-187.25|0|0|10088
09:14:28|1575|844|AMU197|106.046047211|27.0528030396|10081|162.0|-185.25|0|0|10088
09:14:32|1575|844|AMU197|106.053771973|27.0440483093|10081|159.25|-189.0|0|0|10088
09:14:36|1575|844|AMU197|106.059780121|27.0368385315|10081|158.75|-191.5|0|0|10088
09:14:40|1575|844|AMU197|106.066131592|27.0294570923|10081|158.75|-193.0|0|0|10088
09:14:44|1575|844|AMU197|106.073684692|27.02293396|10081|166.0|-187.5|0|0|10088
09:14:48|1575|844|AMU197|106.080551147|27.0164108276|10081|167.75|-186.75|0|0|10088
09:14:52|1575|844|AMU197|106.087760925|27.0092010498|10081|170.25|-187.25|0|0|10088
09:14:56|1575|844|AMU197|106.09462738|27.0021629333|10081|171.75|-188.0|0|0|10088
09:15:00|1575|844|AMU197|106.102180481|26.9952964783|10081|175.5|-186.75|0|0|10088
09:15:04|1575|844|AMU197|106.109390259|26.9906616211|10081|184.25|-177.5|0|0|10088
09:15:08|1575|844|AMU197|106.118831635|26.9841384888|10081|193.5|-169.25|0|0|10088
09:15:12|1575|844|AMU197|106.125869751|26.9784736633|10081|195.25|-169.25|0|0|10088
09:15:16|1575|844|AMU197|106.133594513|26.9722938538|10081|196.25|-171.25|0|0|10088
09:15:20|1575|844|AMU197|106.142177582|26.9655990601|10081|200.25|-169.25|0|0|10088
09:15:24|1575|844|AMU197|106.150588989|26.9594192505|10081|204.5|-166.0|0|0|10088
09:15:28|1575|844|AMU197|106.159515381|26.9535827637|10081|210.25|-161.5|0|0|10088
09:15:32|1575|844|AMU197|106.170158386|26.94688797|10081|213.75|-157.25|0|0|10088
09:15:36|1575|844|AMU197|106.179084778|26.9408798218|10081|215.0|-157.25|0|0|10088
09:15:40|1575|844|AMU197|106.186466217|26.936416626|10081|218.5|-155.25|0|0|10088
09:15:44|1575|844|AMU197|106.195392609|26.9304084778|10081|219.5|-156.75|0|0|10088
09:15:48|1575|844|AMU197|106.204147339|26.9244003296|10081|219.5|-157.25|0|0|10088
09:15:52|1575|844|AMU197|106.212902069|26.9185638428|10081|219.5|-157.75|0|0|10088
09:15:56|1575|844|AMU197|106.222171783|26.9122123718|10081|219.5|-157.75|0|0|10088
09:16:00|1575|844|AMU197|106.23041153|26.9068908691|10081|220.0|-157.75|0|0|10088
09:16:04|1575|844|AMU197|106.240882874|26.8995094299|10081|220.0|-158.75|0|0|10088
09:16:08|1575|844|AMU197|106.247749329|26.8947029114|10081|219.5|-159.75|0|0|10088
09:16:12|1575|844|AMU197|106.256504059|26.8886947632|10081|219.5|-160.0|0|0|10088
09:16:16|1575|844|AMU197|106.265087128|26.882686615|10081|219.5|-159.75|0|0|10088
09:16:20|1575|844|AMU197|106.274528503|26.8765068054|10081|219.5|-159.75|0|0|10088
09:16:24|1575|844|AMU197|106.283111572|26.8704986572|10081|219.5|-160.0|0|0|10088
09:16:28|1575|844|AMU197|106.291351318|26.8648338318|10081|220.0|-160.0|0|0|10088
09:16:32|1575|844|AMU197|106.300106049|26.858997345|10089|220.0|-159.75|0|0|10088
09:16:36|1575|844|AMU197|106.30903244|26.8531608582|10089|220.5|-159.75|0|0|10088
09:16:40|1575|844|AMU197|106.31778717|26.84715271|10089|220.5|-159.75|0|0|10088
09:16:44|1575|844|AMU197|106.326541901|26.8413162231|10089|220.5|-159.75|0|0|10088
09:16:48|1575|844|AMU197|106.337184906|26.8339347839|10089|220.5|-159.75|0|0|10088
09:16:52|1575|844|AMU197|106.346111298|26.8280982971|10089|221.0|-159.25|0|0|10088
09:16:56|1575|844|AMU197|106.353321075|26.8238067627|10089|221.25|-158.25|0|0|10088
09:17:00|1575|844|AMU197|106.362075806|26.8176269531|10089|221.0|-158.75|0|0|10088
09:17:04|1575|844|AMU197|106.370658875|26.8117904663|10089|221.0|-159.25|0|0|10088
09:17:08|1575|844|AMU197|106.379413605|26.8056106567|10089|220.5|-159.75|0|0|10088
09:17:12|1575|844|AMU197|106.389884949|26.7987442017|10089|221.0|-159.25|0|0|10088
09:17:16|1575|844|AMU197|106.398639679|26.7927360535|10089|221.0|-159.25|0|0|10088
09:17:20|1575|844|AMU197|106.405677795|26.7879295349|10089|221.0|-159.75|0|0|10088
09:17:24|1575|844|AMU197|106.416149139|26.7808914185|10089|221.0|-159.75|0|0|10088
09:17:28|1575|844|AMU197|106.423187256|26.7760848999|10089|221.0|-159.75|0|0|10088
09:17:32|1575|844|AMU197|106.431941986|26.7700767517|10089|221.0|-159.75|0|0|10088
09:17:36|1575|844|AMU197|106.440525055|26.7640686035|10089|221.0|-159.75|0|0|10088
09:17:40|1575|844|AMU197|106.449108124|26.7582321167|10089|220.5|-159.75|0|0|10088
09:17:44|1575|844|AMU197|106.457862854|26.7522239685|10089|220.5|-159.75|0|0|10088
09:17:48|1575|844|AMU197|106.466617584|26.7462158203|10089|220.5|-160.0|0|0|10088
09:17:52|1575|844|AMU197|106.475372314|26.7403793335|10089|221.0|-159.75|0|0|10088
09:17:56|1575|844|AMU197|106.484127045|26.7343711853|10089|220.5|-160.0|0|0|10088
09:18:00|1575|844|AMU197|106.494598389|26.7273330688|10089|221.0|-159.75|0|0|10088
09:18:04|1575|844|AMU197|106.503353119|26.721496582|10089|221.25|-159.25|0|0|10088
09:18:08|1575|844|AMU197|106.51227951|26.7158317566|10089|221.75|-158.75|0|0|10088
09:18:12|1575|844|AMU197|106.519317627|26.711025238|10089|221.25|-159.25|0|0|10088
09:18:16|1575|844|AMU197|106.528072357|26.7051887512|10089|221.25|-159.25|0|0|10088
09:18:20|1575|844|AMU197|106.538543701|26.6981506348|10089|221.75|-158.75|0|0|10088
09:18:24|1575|844|AMU197|106.545066833|26.693687439|10089|221.25|-159.25|0|0|10088
09:18:28|1575|844|AMU197|106.555366516|26.6868209839|10089|221.25|-158.75|0|0|10088
09:18:32|1575|844|AMU197|106.563091278|26.6814994812|10089|221.25|-158.75|0|0|10088
09:18:36|1575|844|AMU197|106.571674347|26.6756629944|10089|221.25|-159.25|0|0|10088
09:18:40|1575|844|AMU197|106.580085754|26.6699981689|10089|221.25|-158.75|0|0|10088
09:18:44|1575|844|AMU197|106.590042114|26.6633033752|10089|221.0|-158.75|0|0|10088
09:18:48|1575|844|AMU197|106.599655151|26.6569519043|10089|221.25|-158.75|0|0|10088
09:18:52|1575|844|AMU197|106.608409882|26.6509437561|10089|221.25|-158.75|0|0|10088
09:18:56|1575|844|AMU197|106.615276337|26.6461372375|10089|221.0|-158.75|0|0|10088
09:19:00|1575|844|AMU197|106.623859406|26.6403007507|10089|220.5|-158.75|0|0|10088
09:19:04|1575|844|AMU197|106.632099152|26.6348075867|10089|220.5|-158.75|0|0|10088
09:19:08|1575|844|AMU197|106.64308548|26.6274261475|10089|221.0|-158.75|0|0|10088
09:19:12|1575|844|AMU197|106.651668549|26.6214179993|10089|221.0|-159.25|0|0|10088
09:19:16|1575|844|AMU197|106.658363342|26.6171264648|10089|220.5|-158.75|0|0|10088
09:19:20|1575|844|AMU197|106.667289734|26.6109466553|10089|220.5|-159.25|0|0|10088
09:19:24|1575|844|AMU197|106.677417755|26.6040802002|10089|220.0|-158.75|0|0|10088
09:19:28|1575|844|AMU197|106.686172485|26.598072052|10089|220.0|-158.75|0|0|10088
09:19:32|1575|844|AMU197|106.693210602|26.5934371948|10089|220.0|-158.75|0|0|10088
09:19:36|1575|844|AMU197|106.702308655|26.5870857239|10089|219.5|-158.75|0|0|10088
09:19:40|1575|844|AMU197|106.710891724|26.5810775757|10089|219.5|-159.25|0|0|10088
09:19:44|1575|844|AMU197|106.718444824|26.5759277344|10089|218.5|-158.75|0|0|10088
09:19:48|1575|844|AMU197|106.728057861|26.5695762634|10089|219.0|-158.25|0|0|10088
09:19:52|1575|844|AMU197|106.73664093|26.5635681152|10089|219.0|-158.75|0|0|10088
09:19:56|1575|844|AMU197|106.744365692|26.5584182739|10089|218.5|-158.25|0|0|10088
09:20:00|1575|844|AMU197|106.753635406|26.5517234802|10089|218.0|-159.25|0|0|10088
09:20:04|1575|844|AMU197|106.762218475|26.545715332|10089|218.0|-159.25|0|0|10088
09:20:08|1575|844|AMU197|106.770801544|26.5397071838|10089|218.0|-159.75|0|0|10088
09:20:12|1575|844|AMU197|106.779384613|26.5335273743|10089|218.0|-160.5|0|0|10088
09:20:16|1575|844|AMU197|106.787796021|26.5273475647|10089|217.5|-160.5|0|0|10088
09:20:20|1575|844|AMU197|106.796207428|26.5213394165|10089|217.0|-161.0|0|0|10088
09:20:24|1575|844|AMU197|106.804275513|26.5168762207|10089|219.0|-158.25|0|0|10088
09:20:28|1575|844|AMU197|106.81268692|26.5098381042|10089|212.75|-163.5|0|0|10088
09:20:32|1575|844|AMU197|106.821098328|26.5038299561|10089|212.75|-163.5|0|0|10088
09:20:36|1575|844|AMU197|106.824703217|26.4959335327|10089|162.5|-207.75|0|0|10088
09:20:40|1575|844|AMU197|106.83259964|26.4880371094|10089|168.75|-202.5|0|0|10088
09:20:44|1575|844|AMU197|106.839637756|26.4822006226|10089|188.0|-182.75|0|0|10088
09:20:48|1575|844|AMU197|106.848220825|26.4744758606|10074|191.5|-183.75|0|0|10088
09:20:52|1575|844|AMU197|106.855773926|26.4677810669|10074|193.5|-185.75|0|0|10088
09:20:56|1575|844|AMU197|106.863498688|26.4602279663|10074|191.0|-188.5|0|0|10088
09:21:00|1575|844|AMU197|106.870880127|26.4535331726|10074|194.0|-188.0|0|0|10088
09:21:04|1575|844|AMU197|106.880321503|26.4454650879|10074|196.75|-186.75|0|0|10088
09:21:08|1575|844|AMU197|106.887187958|26.4403152466|10074|199.75|-183.25|0|0|10088
09:21:12|1575|844|AMU197|106.894397736|26.4332771301|10074|193.5|-185.25|0|0|10088
09:21:16|1575|844|AMU197|106.901607513|26.4260673523|10074|190.0|-187.25|0|0|10088
09:21:20|1575|844|AMU197|106.908302307|26.41954422|10074|189.5|-187.25|0|0|10088
09:21:24|1575|844|AMU197|106.915683746|26.4126777649|10074|189.5|-186.75|0|0|10088
09:21:28|1575|844|AMU197|106.923065186|26.4059829712|10074|189.0|-186.25|0|0|10088
09:21:32|1575|844|AMU197|106.930274963|26.3991165161|10074|189.0|-186.75|0|0|10088
09:21:36|1575|844|AMU197|106.937656403|26.392250061|10074|189.0|-186.75|0|0|10088
09:21:40|1575|844|AMU197|106.945037842|26.385383606|10074|188.5|-186.75|0|0|10088
09:21:44|1575|844|AMU197|106.952419281|26.3786888123|10074|189.0|-185.75|0|0|10088
09:21:48|1575|844|AMU197|106.959972382|26.3716506958|10074|188.5|-185.75|0|0|10088
09:21:52|1575|844|AMU197|106.967182159|26.3647842407|10074|188.5|-185.75|0|0|10088
09:21:56|1575|844|AMU197|106.974563599|26.358089447|10074|188.5|-185.25|0|0|10088
09:22:00|1575|844|AMU197|106.981945038|26.3513946533|10074|188.5|-184.75|0|0|10088
09:22:04|1575|844|AMU197|106.989326477|26.3446998596|10074|188.5|-184.75|0|0|10088
09:22:08|1575|844|AMU197|106.996707916|26.3381767273|10074|188.5|-183.75|0|0|10088
09:22:12|1575|844|AMU197|107.004089355|26.3314819336|10089|189.0|-183.25|0|0|10088
09:22:16|1575|844|AMU197|107.011470795|26.3247871399|10089|189.0|-183.25|0|0|10088
09:22:20|1575|844|AMU197|107.019367218|26.3186073303|10089|190.5|-181.75|0|0|10088
09:22:24|1575|844|AMU197|107.026748657|26.3124275208|10089|190.5|-180.5|0|0|10088
09:22:28|1575|844|AMU197|107.034301758|26.3059043884|10089|190.5|-180.5|0|0|10088
09:22:32|1575|844|AMU197|107.041683197|26.2992095947|10089|190.5|-180.0|0|0|10088
09:22:36|1575|844|AMU197|107.048377991|26.2933731079|10089|191.0|-180.0|0|0|10088
09:22:40|1575|844|AMU197|107.056102753|26.2865066528|10089|191.0|-180.5|0|0|10088
09:22:44|1575|844|AMU197|107.063484192|26.2796401978|10089|191.0|-180.5|0|0|10088
09:22:48|1575|844|AMU197|107.071037292|26.2729454041|10089|191.5|-180.75|0|0|10088
09:22:52|1575|844|AMU197|107.078590393|26.266078949|10089|191.5|-181.25|0|0|10088
09:22:56|1575|844|AMU197|107.085971832|26.2593841553|10089|191.0|-180.75|0|0|10088
09:23:00|1575|844|AMU197|107.093353271|26.2526893616|10089|191.0|-180.75|0|0|10088
09:23:04|1575|844|AMU197|107.100734711|26.2459945679|10089|190.5|-180.75|0|0|10088
09:23:08|1575|844|AMU197|107.10811615|26.2391281128|10089|190.5|-181.25|0|0|10088
09:23:12|1575|844|AMU197|107.115497589|26.2324333191|10089|190.5|-181.25|0|0|10088
09:23:16|1575|844|AMU197|107.122879028|26.225566864|10089|190.5|-181.75|0|0|10088
09:23:20|1575|844|AMU197|107.130260468|26.2188720703|10089|190.5|-181.75|0|0|10088
09:23:24|1575|844|AMU197|107.137985229|26.2118339539|10089|190.5|-182.25|0|0|10088
09:23:28|1575|844|AMU197|107.14553833|26.2047958374|10089|190.5|-182.75|0|0|10088
09:23:32|1575|844|AMU197|107.153263092|26.1977577209|10089|190.5|-182.75|0|0|10088
09:23:36|1575|844|AMU197|107.160301208|26.19140625|10089|190.5|-182.25|0|0|10088
09:23:40|1575|844|AMU197|107.167682648|26.1847114563|10089|190.0|-182.25|0|0|10088
09:23:44|1575|844|AMU197|107.175064087|26.1780166626|10089|190.0|-182.25|0|0|10088
09:23:48|1575|844|AMU197|107.182273865|26.1713218689|10089|190.0|-181.75|0|0|10088
09:23:52|1575|844|AMU197|107.189655304|26.1646270752|10104|190.0|-181.75|0|0|10088
09:23:56|1575|844|AMU197|107.197036743|26.1579322815|10104|189.5|-181.75|0|0|10088
09:24:00|1575|844|AMU197|107.204246521|26.1512374878|10104|189.5|-181.75|0|0|10088
09:24:04|1575|844|AMU197|107.211799622|26.1443710327|10104|189.5|-182.25|0|0|10088
09:24:08|1575|844|AMU197|107.219181061|26.137676239|10104|189.5|-181.75|0|0|10088
09:24:12|1575|844|AMU197|107.2265625|26.1308097839|10104|189.5|-181.75|0|0|10088
09:24:16|1575|844|AMU197|107.233943939|26.1241149902|10104|189.0|-181.25|0|0|10088
09:24:20|1575|844|AMU197|107.241325378|26.1174201965|10104|189.0|-181.25|0|0|10088
09:24:24|1575|844|AMU197|107.248191833|26.1110687256|10104|189.0|-181.25|0|0|10088
09:24:28|1575|844|AMU197|107.255916595|26.1038589478|10104|189.0|-181.25|0|0|10088
09:24:32|1575|844|AMU197|107.263126373|26.0976791382|10089|189.5|-180.0|0|0|10088
09:24:36|1575|844|AMU197|107.270679474|26.0909843445|10089|189.0|-180.5|0|0|10088
09:24:40|1575|844|AMU197|107.277889252|26.0841178894|10089|189.0|-180.75|0|0|10088
09:24:44|1575|844|AMU197|107.285270691|26.0772514343|10089|189.0|-181.25|0|0|10088
09:24:48|1575|844|AMU197|107.292823792|26.0703849792|10089|189.0|-181.25|0|0|10088
09:24:52|1575|844|AMU197|107.300205231|26.0636901855|10089|189.0|-181.25|0|0|10088
09:24:56|1575|844|AMU197|107.307415009|26.0568237305|10089|188.5|-181.25|0|0|10088
09:25:00|1575|844|AMU197|107.314281464|26.0506439209|10089|188.5|-181.25|0|0|10088
09:25:04|1575|844|AMU197|107.321662903|26.0439491272|10089|188.5|-180.75|0|0|10088
09:25:08|1575|844|AMU197|107.329730988|26.036567688|10089|188.5|-181.25|0|0|10088
09:25:12|1575|844|AMU197|107.336940765|26.0298728943|10089|188.5|-181.25|0|0|10088
09:25:16|1575|844|AMU197|107.344150543|26.0236930847|10089|189.5|-180.0|0|0|10088
09:25:20|1575|844|AMU197|107.351016998|26.0173416138|10089|189.0|-180.75|0|0|10088
09:25:24|1575|844|AMU197|107.358398438|26.0104751587|10089|188.5|-180.75|0|0|10088
09:25:28|1575|844|AMU197|107.365608215|26.003780365|10089|188.5|-180.75|0|0|10088
09:25:32|1575|844|AMU197|107.373504639|25.9965705872|10089|189.0|-180.75|0|0|10088
09:25:36|1575|844|AMU197|107.380371094|25.990562439|10089|189.0|-180.5|0|0|10088
09:25:40|1575|844|AMU197|107.388439178|25.9850692749|10089|196.25|-170.25|0|0|10088
09:25:44|1575|844|AMU197|107.395305634|25.9782028198|10089|190.5|-176.5|0|0|10088
09:25:48|1575|844|AMU197|107.402515411|25.9713363647|10089|189.0|-177.5|0|0|10088
09:25:52|1575|844|AMU197|107.409553528|25.9642982483|10074|187.5|-179.5|0|0|10088
09:25:56|1575|844|AMU197|107.415733337|25.9582901001|10074|186.25|-180.0|0|0|10088
09:26:00|1575|844|AMU197|107.424316406|25.950050354|10074|185.75|-180.5|0|0|10088
09:26:04|1575|844|AMU197|107.430324554|25.9447288513|10074|186.25|-179.0|0|0|10088
09:26:08|1575|844|AMU197|107.437705994|25.9380340576|10074|186.25|-180.0|0|0|10088
09:26:12|1575|844|AMU197|107.444915771|25.9311676025|10074|186.25|-180.5|0|0|10088
09:26:16|1575|844|AMU197|107.451782227|25.9246444702|10074|186.25|-180.75|0|0|10088
09:26:20|1575|844|AMU197|107.460021973|25.9177780151|10074|186.25|-178.5|0|0|10088
09:26:24|1575|844|AMU197|107.467746735|25.9122848511|10074|194.25|-168.75|0|0|10088
09:26:28|1575|844|AMU197|107.474784851|25.9062767029|10074|194.75|-168.25|0|0|10088
09:26:32|1575|844|AMU197|107.482509613|25.8995819092|10074|193.5|-169.75|0|0|10088
09:26:36|1575|844|AMU197|107.4883461|25.8925437927|10074|185.25|-178.0|0|0|10088
09:26:40|1575|844|AMU197|107.494697571|25.8851623535|10074|177.5|-184.75|0|0|10088
09:26:44|1575|844|AMU197|107.501907349|25.8788108826|10074|182.75|-178.5|0|0|10088
09:26:48|1575|844|AMU197|107.511177063|25.8741760254|10074|220.5|-130.25|0|0|10088
09:26:52|1575|844|AMU197|107.516326904|25.8662796021|10074|185.75|-174.5|0|0|10088
09:26:56|1575|844|AMU197|107.522850037|25.8592414856|10074|180.5|-180.75|0|0|10088
09:27:00|1575|844|AMU197|107.531604767|25.8511734009|10074|182.75|-180.5|0|0|10088
09:27:04|1575|844|AMU197|107.537269592|25.8458518982|10074|183.25|-180.0|0|0|10088
09:27:08|1575|844|AMU197|107.54447937|25.8391571045|10074|185.25|-180.75|0|0|10088
09:27:12|1575|844|AMU197|107.553062439|25.8326339722|10074|196.75|-166.75|0|0|10088
09:27:16|1575|844|AMU197|107.561302185|25.8269691467|10074|207.0|-154.75|0|0|10088
09:27:20|1575|844|AMU197|107.569713593|25.8213043213|10074|209.25|-151.5|0|0|10088
09:27:24|1575|844|AMU197|107.577610016|25.8151245117|10074|204.0|-160.5|0|0|10088
09:27:28|1575|844|AMU197|107.585506439|25.808429718|10074|199.75|-168.25|0|0|10088
09:27:32|1575|844|AMU197|107.592372894|25.8015632629|10074|191.0|-179.5|0|0|10088
09:27:36|1575|844|AMU197|107.596149445|25.7934951782|10074|133.0|-218.0|0|0|10088
09:27:40|1575|844|AMU197|107.60181427|25.7862854004|10074|133.5|-215.5|0|0|10088
09:27:44|1575|844|AMU197|107.609539032|25.7792472839|10074|181.75|-179.0|0|0|10088
09:27:48|1575|844|AMU197|107.617778778|25.7718658447|10074|185.25|-178.5|0|0|10088
09:27:52|1575|844|AMU197|107.624988556|25.765171051|10074|184.75|-180.5|0|0|10088
09:27:56|1575|844|AMU197|107.632713318|25.7595062256|10074|201.5|-162.0|0|0|10088
09:28:00|1575|844|AMU197|107.642841339|25.7552146912|10074|235.75|-113.25|0|0|10088
09:28:04|1575|844|AMU197|107.650909424|25.7486915588|10074|220.5|-143.25|0|0|10088
09:28:08|1575|844|AMU197|107.65794754|25.7413101196|10074|197.25|-172.75|0|0|10088
09:28:12|1575|844|AMU197|107.664642334|25.7341003418|10089|183.75|-186.25|0|0|10088
09:28:16|1575|844|AMU197|107.670478821|25.7265472412|10089|170.75|-199.75|0|0|10088
09:28:20|1575|844|AMU197|107.677001953|25.7171058655|10089|158.25|-209.75|0|0|10088
09:28:24|1575|844|AMU197|107.684898376|25.7124710083|10089|193.0|-173.75|0|0|10088
09:28:28|1575|844|AMU197|107.692108154|25.7057762146|10089|190.0|-178.5|0|0|10088
09:28:32|1575|844|AMU197|107.699146271|25.699596405|10089|189.5|-179.0|0|0|10088
09:28:36|1575|844|AMU197|107.706184387|25.6929016113|10089|187.5|-181.25|0|0|10088
09:28:40|1575|844|AMU197|107.713737488|25.6856918335|10089|187.25|-182.25|0|0|10088
09:28:44|1575|844|AMU197|107.720603943|25.6784820557|10089|184.75|-185.25|0|0|10088
09:28:48|1575|844|AMU197|107.727470398|25.6716156006|10089|184.25|-185.25|0|0|10088
09:28:52|1575|844|AMU197|107.735366821|25.6649208069|10089|186.75|-182.25|0|0|10088
09:28:56|1575|844|AMU197|107.741546631|25.6582260132|10089|184.75|-184.25|0|0|10088
09:29:00|1575|844|AMU197|107.748756409|25.6515312195|10089|185.25|-184.25|0|0|10088
09:29:04|1575|844|AMU197|107.756137848|25.6446647644|10089|185.75|-184.25|0|0|10088
09:29:08|1575|844|AMU197|107.763347626|25.6377983093|10089|186.25|-183.75|0|0|10088
09:29:12|1575|844|AMU197|107.771759033|25.629901886|10089|186.75|-183.25|0|0|10088
09:29:16|1575|844|AMU197|107.77759552|25.6245803833|10089|187.25|-182.75|0|0|10088
09:29:20|1575|844|AMU197|107.786006927|25.6170272827|10104|187.25|-181.75|0|0|10088
09:29:24|1575|844|AMU197|107.793045044|25.6106758118|10104|187.5|-180.75|0|0|10088
09:29:28|1575|844|AMU197|107.80128479|25.6032943726|10104|188.0|-180.5|0|0|10088
09:29:32|1575|844|AMU197|107.808494568|25.5969429016|10104|188.5|-180.0|0|0|10088
09:29:36|1575|844|AMU197|107.815704346|25.5904197693|10104|189.0|-179.5|0|0|10088
09:29:40|1575|844|AMU197|107.822742462|25.583896637|10104|188.5|-179.0|0|0|10088
09:29:44|1575|844|AMU197|107.829265594|25.5778884888|10104|188.0|-179.0|0|0|10088
09:29:48|1575|844|AMU197|107.836475372|25.5717086792|10104|189.0|-176.5|0|0|10088
09:29:52|1575|844|AMU197|107.843856812|25.5651855469|10104|188.5|-176.5|0|0|10088
09:29:56|1575|844|AMU197|107.851238251|25.5583190918|10097|187.5|-177.0|0|0|10088
09:30:00|1575|844|AMU197|107.857933044|25.5521392822|10097|187.5|-177.5|0|0|10088
09:30:04|1575|844|AMU197|107.864971161|25.5454444885|10097|187.25|-177.5|0|0|10088
09:30:08|1575|844|AMU197|107.872524261|25.5385780334|10097|187.25|-177.5|0|0|10088
09:30:12|1575|844|AMU197|107.879390717|25.5318832397|10097|186.75|-178.0|0|0|10088
09:30:16|1575|844|AMU197|107.886257172|25.5253601074|10097|186.25|-178.5|0|0|10088
09:30:20|1575|844|AMU197|107.893123627|25.518321991|10097|184.75|-180.0|0|0|10088
09:30:24|1575|844|AMU197|107.899303436|25.5114555359|10097|180.75|-182.25|0|0|10088
09:30:28|1575|844|AMU197|107.9047966|25.5040740967|10097|171.75|-189.0|0|0|10088
09:30:32|1575|844|AMU197|107.909259796|25.4965209961|10097|153.75|-200.25|0|0|10088
09:30:36|1575|844|AMU197|107.914237976|25.4887962341|10097|139.5|-208.75|0|0|10088
09:30:40|1575|844|AMU197|107.919216156|25.4817581177|10097|135.0|-209.75|0|0|10088
09:30:44|1575|844|AMU197|107.92470932|25.4731750488|10081|131.75|-210.75|0|0|10088
09:30:48|1575|844|AMU197|107.930717468|25.4664802551|10081|145.25|-200.25|0|0|10088
09:30:52|1575|844|AMU197|107.934494019|25.4596138|10081|132.25|-208.75|0|0|10088
09:30:56|1575|844|AMU197|107.93844223|25.4522323608|10081|125.5|-212.25|0|0|10088
09:31:00|1575|844|AMU197|107.942218781|25.4439926147|10081|114.75|-215.5|0|0|10088
09:31:04|1575|844|AMU197|107.944965363|25.4366111755|10081|104.25|-219.0|0|0|10088
09:31:08|1575|844|AMU197|107.950801849|25.4276847839|10081|116.25|-209.75|0|0|10088
09:31:12|1575|844|AMU197|107.953891754|25.4215049744|10081|113.25|-211.75|0|0|10088
09:31:16|1575|844|AMU197|107.959213257|25.4125785828|10081|115.25|-208.75|0|0|10088
09:31:20|1575|844|AMU197|107.961959839|25.4060554504|10081|106.0|-208.25|0|0|10088
09:31:24|1575|844|AMU197|107.962646484|25.3978157043|10081|80.5|-216.5|0|0|10088
09:31:28|1575|844|AMU197|107.964706421|25.3916358948|10081|71.75|-215.5|0|0|10088
09:31:32|1575|844|AMU197|107.966938019|25.3835678101|10081|68.0|-218.0|0|0|10088
09:31:36|1575|844|AMU197|107.967796326|25.3744697571|10081|52.5|-222.75|0|0|10088
09:31:40|1575|844|AMU197|107.970542908|25.3660583496|10081|60.25|-221.0|0|0|10088
09:31:44|1575|844|AMU197|107.972431183|25.3583335876|10081|59.75|-221.25|0|0|10088
09:31:48|1575|844|AMU197|107.974319458|25.3504371643|10081|58.25|-221.75|0|0|10088
09:31:52|1575|844|AMU197|107.976036072|25.3428840637|10081|57.0|-222.25|0|0|10088
09:31:56|1575|844|AMU197|107.978096008|25.3332710266|10081|54.5|-221.75|0|0|10088
09:32:00|1575|844|AMU197|107.979297638|25.325717926|10081|51.5|-221.25|0|0|10088
09:32:04|1575|844|AMU197|107.980499268|25.3183364868|10081|48.75|-221.0|0|0|10088
09:32:08|1575|844|AMU197|107.981529236|25.3109550476|10081|45.75|-220.5|0|0|10088
09:32:12|1575|844|AMU197|107.982215881|25.3037452698|10081|41.5|-220.0|0|0|10088
09:32:16|1575|844|AMU197|107.983417511|25.2946472168|10081|39.0|-218.5|0|0|10088
09:32:20|1575|844|AMU197|107.984275818|25.2881240845|10081|37.5|-218.0|0|0|10088
09:32:24|1575|844|AMU197|107.98582077|25.2807426453|10081|39.0|-215.0|0|0|10088
09:32:28|1575|844|AMU197|107.986335754|25.2733612061|10081|35.25|-213.75|0|0|10088
09:32:32|1575|844|AMU197|107.987365723|25.2666664124|10081|34.25|-208.25|0|0|10088
09:32:36|1575|844|AMU197|107.988739014|25.2613449097|10081|35.25|-198.25|0|0|10088
09:32:40|1575|844|AMU197|107.989768982|25.2534484863|10081|35.75|-202.5|0|0|10088
09:32:44|1575|844|AMU197|107.990627289|25.2453804016|10081|35.25|-206.0|0|0|10088
09:32:48|1575|844|AMU197|107.991657257|25.2367973328|10081|34.75|-207.0|0|0|10088
09:32:52|1575|844|AMU197|107.992343903|25.228729248|10081|32.75|-208.75|0|0|10088
09:32:56|1575|844|AMU197|107.993717194|25.2213478088|10081|34.25|-208.25|0|0|10088
09:33:00|1575|844|AMU197|107.995090485|25.214138031|10081|34.75|-205.5|0|0|10088
09:33:04|1575|844|AMU197|107.995605469|25.2076148987|10081|33.25|-207.5|0|0|10088
09:33:08|1575|844|AMU197|107.996635437|25.1992034912|10081|32.25|-205.0|0|0|10088
09:33:12|1575|844|AMU197|107.997322083|25.1921653748|10081|30.75|-204.5|0|0|10088
09:33:16|1575|844|AMU197|107.998352051|25.1842689514|10081|31.25|-206.5|0|0|10088
09:33:20|1575|844|AMU197|107.999382019|25.1763725281|10081|31.75|-207.75|0|0|10088
09:33:24|1575|844|AMU197|108.000411987|25.1686477661|10081|31.75|-208.75|0|0|10088
09:33:28|1575|844|AMU197|108.001270294|25.1609230042|10081|31.75|-209.25|0|0|10088
09:33:32|1575|844|AMU197|108.002300262|25.1537132263|10081|31.75|-208.75|0|0|10088
09:33:36|1575|844|AMU197|108.003330231|25.145816803|10081|31.75|-209.75|0|0|10088
09:33:40|1575|844|AMU197|108.004188538|25.138092041|10081|31.75|-210.75|0|0|10088
09:33:44|1575|844|AMU197|108.005046844|25.1301956177|10081|31.25|-212.25|0|0|10088
09:33:48|1575|844|AMU197|108.005905151|25.1224708557|10081|31.25|-212.75|0|0|10088
09:33:52|1575|844|AMU197|108.00693512|25.1142311096|10081|31.25|-213.75|0|0|10088
09:33:56|1575|844|AMU197|108.007793427|25.1065063477|10081|31.25|-213.75|0|0|10088
09:34:00|1575|844|AMU197|108.008823395|25.0984382629|10081|30.75|-214.25|0|0|10088
09:34:04|1575|844|AMU197|108.00951004|25.0910568237|10081|30.5|-214.25|0|0|10088
09:34:08|1575|844|AMU197|108.010368347|25.0835037231|10081|30.5|-214.5|0|0|10088
09:34:12|1575|844|AMU197|108.011226654|25.0761222839|10081|30.5|-215.0|0|0|10088
09:34:16|1575|844|AMU197|108.012428284|25.0673675537|10081|30.75|-215.0|0|0|10088
09:34:20|1575|844|AMU197|108.013458252|25.0596427917|10081|31.25|-215.5|0|0|10088
09:34:24|1575|844|AMU197|108.01448822|25.051574707|10081|31.25|-216.0|0|0|10088
09:34:28|1575|844|AMU197|108.015174866|25.044708252|10081|30.5|-215.5|0|0|10088
09:34:32|1575|844|AMU197|108.016033173|25.0364685059|10081|30.5|-214.5|0|0|10088
09:34:36|1575|844|AMU197|108.017063141|25.0285720825|10081|30.75|-214.5|0|0|10088
09:34:40|1575|844|AMU197|108.018264771|25.0206756592|10081|31.25|-214.25|0|0|10088
09:34:44|1575|844|AMU197|108.019294739|25.0138092041|10081|31.75|-214.25|0|0|10088
09:34:48|1575|844|AMU197|108.019981384|25.0060844421|10081|31.25|-214.5|0|0|10088
09:34:52|1575|844|AMU197|108.020839691|24.9976730347|10081|30.75|-214.5|0|0|10088
09:34:56|1575|844|AMU197|108.021869659|24.9901199341|10081|30.75|-214.5|0|0|10088
09:35:00|1575|844|AMU197|108.022899628|24.9822235107|10081|30.75|-214.5|0|0|10088
09:35:04|1575|844|AMU197|108.023757935|24.9750137329|10081|31.25|-215.0|0|0|10088
09:35:08|1575|844|AMU197|108.024959564|24.9662590027|10081|31.75|-215.0|0|0|10088
09:35:12|1575|844|AMU197|108.025989532|24.9593925476|10081|32.25|-215.0|0|0|10088
09:35:16|1575|844|AMU197|108.026847839|24.9508094788|10097|31.25|-215.0|0|0|10088
09:35:20|1575|844|AMU197|108.027362823|24.9435997009|10097|30.0|-215.5|0|0|10088
09:35:24|1575|844|AMU197|108.02822113|24.9365615845|10097|30.5|-215.5|0|0|10088
09:35:28|1575|844|AMU197|108.02942276|24.9278068542|10097|30.5|-215.5|0|0|10088
09:35:32|1575|844|AMU197|108.030281067|24.9195671082|10097|30.0|-216.0|0|0|10088
09:35:36|1575|844|AMU197|108.031311035|24.9127006531|10097|30.75|-216.0|0|0|10088
09:35:40|1575|844|AMU197|108.032341003|24.9049758911|10097|31.75|-216.0|0|0|10088
09:35:44|1575|844|AMU197|108.033370972|24.8974227905|10097|32.25|-216.0|0|0|10088
09:35:48|1575|844|AMU197|108.034229279|24.8883247375|10097|30.75|-216.0|0|0|10088
09:35:52|1575|844|AMU197|108.034915924|24.8816299438|10097|30.5|-216.5|0|0|10088
09:35:56|1575|844|AMU197|108.035945892|24.871673584|10097|30.5|-217.0|0|0|10088
09:36:00|1575|844|AMU197|108.036975861|24.8641204834|10097|30.5|-217.0|0|0|10088
09:36:04|1575|844|AMU197|108.037834167|24.8562240601|10097|30.5|-217.0|0|0|10088
09:36:08|1575|844|AMU197|108.038349152|24.8491859436|10097|29.5|-217.5|0|0|10088
09:36:12|1575|844|AMU197|108.039207458|24.8406028748|10097|29.0|-217.5|0|0|10088
09:36:16|1575|844|AMU197|108.039894104|24.83253479|10097|28.5|-217.5|0|0|10088
09:36:20|1575|844|AMU197|108.040752411|24.8246383667|10097|28.5|-217.5|0|0|10088
09:36:24|1575|844|AMU197|108.041610718|24.8172569275|10097|29.0|-218.0|0|0|10088
09:36:28|1575|844|AMU197|108.042297363|24.8095321655|10097|28.5|-218.0|0|0|10088
09:36:32|1575|844|AMU197|108.04315567|24.8019790649|10097|28.5|-218.0|0|0|10088
09:36:36|1575|844|AMU197|108.044013977|24.7944259644|10097|29.0|-218.0|0|0|10088
09:36:40|1575|844|AMU197|108.045043945|24.7849845886|10097|29.0|-218.0|0|0|10088
09:36:44|1575|844|AMU197|108.045902252|24.777431488|10097|29.5|-218.5|0|0|10088
09:36:48|1575|844|AMU197|108.04693222|24.7697067261|10097|29.5|-218.5|0|0|10088
09:36:52|1575|844|AMU197|108.047790527|24.7623252869|10097|30.0|-218.5|0|0|10088
09:36:56|1575|844|AMU197|108.048992157|24.7535705566|10097|30.5|-218.5|0|0|10088
09:37:00|1575|844|AMU197|108.049850464|24.7458457947|10097|30.5|-219.0|0|0|10088
09:37:04|1575|844|AMU197|108.050708771|24.7382926941|10097|30.5|-219.0|0|0|10088
09:37:08|1575|844|AMU197|108.051738739|24.730052948|10097|30.75|-219.0|0|0|10088
09:37:12|1575|844|AMU197|108.052768707|24.7221565247|10097|30.75|-219.0|0|0|10088
09:37:16|1575|844|AMU197|108.053627014|24.7149467468|10097|30.75|-218.5|0|0|10088
09:37:20|1575|844|AMU197|108.054656982|24.7065353394|10097|31.25|-219.0|0|0|10088
09:37:24|1575|844|AMU197|108.055686951|24.6984672546|10097|31.25|-219.5|0|0|10088
09:37:28|1575|844|AMU197|108.056716919|24.6902275085|10097|31.25|-220.0|0|0|10088
09:37:32|1575|844|AMU197|108.057918549|24.6818161011|10097|31.75|-219.5|0|0|10088
09:37:36|1575|844|AMU197|108.058776855|24.6740913391|10097|31.75|-219.5|0|0|10088
09:37:40|1575|844|AMU197|108.059635162|24.6665382385|10097|31.25|-219.0|0|0|10088
09:37:44|1575|844|AMU197|108.060493469|24.6591567993|10097|31.25|-219.0|0|0|10088
09:37:48|1575|844|AMU197|108.061180115|24.6517753601|10097|30.75|-218.5|0|0|10088
09:37:52|1575|844|AMU197|108.062381744|24.6423339844|10097|31.25|-218.5|0|0|10088
09:37:56|1575|844|AMU197|108.063411713|24.6349525452|10097|31.25|-218.5|0|0|10088
09:38:00|1575|844|AMU197|108.06427002|24.627571106|10097|31.25|-218.5|0|0|10088
09:38:04|1575|844|AMU197|108.065299988|24.6200180054|10097|31.25|-218.5|0|0|10088
09:38:08|1575|844|AMU197|108.066329956|24.6112632751|10097|31.25|-219.0|0|0|10088
09:38:12|1575|844|AMU197|108.067359924|24.6030235291|10097|31.75|-219.5|0|0|10088
09:38:16|1575|844|AMU197|108.068389893|24.5949554443|10097|31.75|-219.5|0|0|10088
09:38:20|1575|844|AMU197|108.069419861|24.5868873596|10097|32.25|-220.0|0|0|10088
09:38:24|1575|844|AMU197|108.070449829|24.5795059204|10097|32.75|-220.0|0|0|10088
09:38:28|1575|844|AMU197|108.071479797|24.5710945129|10097|32.25|-219.5|0|0|10088
09:38:32|1575|844|AMU197|108.072509766|24.563369751|10097|32.25|-219.5|0|0|10088
09:38:36|1575|844|AMU197|108.073711395|24.5546150208|10097|33.25|-221.25|0|0|10088
09:38:40|1575|844|AMU197|108.075084686|24.5458602905|10097|34.75|-225.75|0|0|10088
09:38:44|1575|844|AMU197|108.07559967|24.5398521423|10097|33.25|-221.75|0|0|10088
09:38:48|1575|844|AMU197|108.076457977|24.5309257507|10097|31.75|-220.0|0|0|10088
09:38:52|1575|844|AMU197|108.077144623|24.5235443115|10097|31.25|-219.5|0|0|10088
09:38:56|1575|844|AMU197|108.077831268|24.5163345337|10097|30.5|-218.5|0|0|10088
09:39:00|1575|844|AMU197|108.078517914|24.5089530945|10097|30.0|-217.5|0|0|10088
09:39:04|1575|844|AMU197|108.079719543|24.4995117188|10097|30.5|-218.5|0|0|10088
09:39:08|1575|844|AMU197|108.080749512|24.4926452637|10097|31.25|-218.0|0|0|10088
09:39:12|1575|844|AMU197|108.081607819|24.4847488403|10097|30.75|-217.5|0|0|10088
09:39:16|1575|844|AMU197|108.082637787|24.4758224487|10097|30.75|-218.5|0|0|10088
09:39:20|1575|844|AMU197|108.083496094|24.4692993164|10097|31.25|-218.5|0|0|10088
09:39:24|1575|844|AMU197|108.084354401|24.4614028931|10097|30.75|-219.0|0|0|10088
09:39:28|1575|844|AMU197|108.08555603|24.4533348083|10097|31.75|-219.5|0|0|10088
09:39:32|1575|844|AMU197|108.086929321|24.4450950623|10097|33.75|-222.25|0|0|10088
09:39:36|1575|844|AMU197|108.088817596|24.4351387024|10097|35.75|-222.25|0|0|10088
09:39:40|1575|844|AMU197|108.089504242|24.4274139404|10097|33.75|-224.25|0|0|10088
09:39:44|1575|844|AMU197|108.089504242|24.4195175171|10097|30.0|-224.25|0|0|10088
09:39:48|1575|844|AMU197|108.090362549|24.4116210938|10097|30.0|-223.75|0|0|10088
09:39:52|1575|844|AMU197|108.091392517|24.4028663635|10097|30.5|-221.75|0|0|10088
09:39:56|1575|844|AMU197|108.092250824|24.3956565857|10097|30.5|-223.25|0|0|10088
09:40:00|1575|844|AMU197|108.093280792|24.3870735168|10097|31.25|-223.25|0|0|10088
09:40:04|1575|844|AMU197|108.09431076|24.3793487549|10097|31.75|-223.25|0|0|10088
09:40:08|1575|844|AMU197|108.095169067|24.3717956543|10097|31.75|-223.25|0|0|10088
09:40:12|1575|844|AMU197|108.096542358|24.3630409241|10097|32.75|-220.5|0|0|10088
09:40:16|1575|844|AMU197|108.097400665|24.3560028076|10097|31.75|-218.5|0|0|10088
09:40:20|1575|844|AMU197|108.098258972|24.3477630615|10097|31.75|-219.5|0|0|10088
09:40:24|1575|844|AMU197|108.09928894|24.3398666382|10097|31.75|-218.5|0|0|10088
09:40:28|1575|844|AMU197|108.100147247|24.3326568604|10097|31.75|-217.5|0|0|10088
09:40:32|1575|844|AMU197|108.101005554|24.3251037598|10081|31.25|-216.5|0|0|10088
09:40:36|1575|844|AMU197|108.102035522|24.317035675|10081|31.25|-216.5|0|0|10088
09:40:40|1575|844|AMU197|108.102550507|24.3103408813|10081|30.0|-213.75|0|0|10088
09:40:44|1575|844|AMU197|108.103237152|24.3031311035|10081|30.0|-212.75|0|0|10088
09:40:48|1575|844|AMU197|108.104095459|24.2952346802|10081|29.5|-212.25|0|0|10088
09:40:52|1575|844|AMU197|108.104953766|24.287853241|10081|30.0|-213.25|0|0|10088
09:40:56|1575|844|AMU197|108.106155396|24.2799568176|10081|30.5|-212.75|0|0|10088
09:41:00|1575|844|AMU197|108.107185364|24.2725753784|10081|31.25|-212.25|0|0|10088
09:41:04|1575|844|AMU197|108.108558655|24.2639923096|10081|32.25|-212.75|0|0|10088
09:41:08|1575|844|AMU197|108.109588623|24.2572975159|10081|33.25|-213.25|0|0|10088
09:41:12|1575|844|AMU197|108.110275269|24.2490577698|10081|32.25|-217.5|0|0|10088
09:41:16|1575|844|AMU197|108.111305237|24.2401313782|10081|32.25|-221.0|0|0|10088
09:41:20|1575|844|AMU197|108.112506866|24.2305183411|10081|32.75|-221.75|0|0|10088
09:41:24|1575|844|AMU197|108.113708496|24.2214202881|10081|34.25|-230.0|0|0|10088
09:41:28|1575|844|AMU197|108.114051819|24.2152404785|10081|32.25|-224.75|0|0|10088
09:41:32|1575|844|AMU197|108.115768433|24.2066574097|10081|33.25|-217.0|0|0|10088
09:41:36|1575|844|AMU197|108.116283417|24.2006492615|10081|31.75|-214.5|0|0|10088
09:41:40|1575|844|AMU197|108.116970062|24.1917228699|10081|30.75|-219.0|0|0|10088
09:41:44|1575|844|AMU197|108.118000031|24.183139801|10081|30.5|-217.0|0|0|10088
09:41:48|1575|844|AMU197|108.118686676|24.1774749756|10081|30.75|-215.5|0|0|10088
09:41:52|1575|844|AMU197|108.119716644|24.1690635681|10081|31.25|-217.5|0|0|10088
09:41:56|1575|844|AMU197|108.121089935|24.1592788696|10081|31.75|-219.0|0|0|10088
09:42:00|1575|844|AMU197|108.122119904|24.151725769|10081|31.75|-217.5|0|0|10088
09:42:04|1575|844|AMU197|108.12297821|24.1440010071|10081|31.75|-216.5|0|0|10088
09:42:08|1575|844|AMU197|108.124008179|24.1364479065|10081|31.75|-216.5|0|0|10088
09:42:12|1575|844|AMU197|108.125209808|24.1287231445|10081|32.75|-216.0|0|0|10088
09:42:16|1575|844|AMU197|108.126239777|24.1209983826|10081|32.75|-215.5|0|0|10088
09:42:20|1575|844|AMU197|108.127098083|24.1131019592|10081|32.25|-216.5|0|0|10088
09:42:24|1575|844|AMU197|108.128128052|24.1050338745|10081|32.25|-219.5|0|0|10088
09:42:28|1575|844|AMU197|108.128986359|24.0967941284|10081|31.75|-221.0|0|0|10088
09:42:32|1575|844|AMU197|108.129673004|24.0895843506|10081|31.75|-222.25|0|0|10088
09:42:36|1575|844|AMU197|108.131046295|24.0796279907|10081|32.75|-224.25|0|0|10088
09:42:40|1575|844|AMU197|108.132247925|24.071559906|10081|33.25|-225.25|0|0|10088
09:42:44|1575|844|AMU197|108.133449554|24.0634918213|10081|34.25|-226.75|0|0|10088
09:42:48|1575|844|AMU197|108.134479523|24.0554237366|10081|34.25|-225.25|0|0|10088
09:42:52|1575|844|AMU197|108.13533783|24.0483856201|10081|33.25|-224.25|0|0|10088
09:42:56|1575|844|AMU197|108.13533783|24.0403175354|10081|30.0|-224.25|0|0|10088
09:43:00|1575|844|AMU197|108.136539459|24.0312194824|10081|30.75|-224.25|0|0|10088
09:43:04|1575|844|AMU197|108.137569427|24.0240097046|10081|31.75|-224.75|0|0|10088
09:43:08|1575|844|AMU197|108.138771057|24.0159416199|10081|33.25|-224.25|0|0|10088
09:43:12|1575|844|AMU197|108.140144348|24.0080451965|10081|34.75|-223.25|0|0|10088
09:43:16|1575|844|AMU197|108.142375946|24.0003204346|10081|41.0|-221.25|0|0|10088
09:43:20|1575|844|AMU197|108.143920898|23.9912223816|10081|41.5|-221.25|0|0|10088
09:43:24|1575|844|AMU197|108.145637512|23.9828109741|10081|43.5|-221.0|0|0|10088
09:43:28|1575|844|AMU197|108.147010803|23.9768028259|10081|47.25|-220.0|0|0|10088
09:43:32|1575|844|AMU197|108.150100708|23.9671897888|10081|54.5|-218.5|0|0|10088
09:43:36|1575|844|AMU197|108.156967163|23.9601516724|10081|95.5|-209.25|0|0|10088
09:43:40|1575|844|AMU197|108.160572052|23.9529418945|10081|100.25|-208.75|0|0|10088
09:43:44|1575|844|AMU197|108.164176941|23.9433288574|10081|99.75|-210.25|0|0|10088
09:43:48|1575|844|AMU197|108.168468475|23.9359474182|10081|114.75|-204.0|0|0|10088
09:43:52|1575|844|AMU197|108.173618317|23.9290809631|10081|133.0|-194.75|0|0|10088
09:43:56|1575|844|AMU197|108.179626465|23.9222145081|10081|149.0|-186.75|0|0|10088
09:44:00|1575|844|AMU197|108.185977936|23.9151763916|10081|161.0|-180.75|0|0|10088
09:44:04|1575|844|AMU197|108.192157745|23.9077949524|10081|162.5|-184.75|0|0|10088
09:44:08|1575|844|AMU197|108.199539185|23.8992118835|10097|161.5|-187.5|0|0|10088
09:44:12|1575|844|AMU197|108.205375671|23.8923454285|10097|163.0|-187.5|0|0|10088
09:44:16|1575|844|AMU197|108.212757111|23.8849639893|10097|168.25|-184.25|0|0|10088
09:44:20|1575|844|AMU197|108.219108582|23.8782691956|10097|170.25|-183.75|0|0|10088
09:44:24|1575|844|AMU197|108.225975037|23.8710594177|10097|170.75|-183.75|0|0|10088
09:44:28|1575|844|AMU197|108.232326508|23.8648796082|10097|172.25|-182.25|0|0|10088
09:44:32|1575|844|AMU197|108.240222931|23.8581848145|10097|179.5|-177.0|0|0|10088
09:44:36|1575|844|AMU197|108.24640274|23.8537216187|10097|185.75|-171.75|0|0|10088
09:44:40|1575|844|AMU197|108.254985809|23.8458251953|10097|185.75|-171.75|0|0|10088
09:44:44|1575|844|AMU197|108.262882233|23.8403320312|10097|192.5|-165.0|0|0|10088
09:44:48|1575|844|AMU197|108.270435333|23.8353538513|10097|198.75|-157.75|0|0|10088
09:44:52|1575|844|AMU197|108.277988434|23.8305473328|10097|203.0|-152.0|0|0|10088
09:44:56|1575|844|AMU197|108.285369873|23.8250541687|10097|202.0|-153.0|0|0|10088
09:45:00|1575|844|AMU197|108.293437958|23.8195610046|10097|204.0|-151.0|0|0|10088
09:45:04|1575|844|AMU197|108.304424286|23.8147544861|10097|218.5|-130.25|0|0|10088
09:45:08|1575|844|AMU197|108.312835693|23.8109779358|10097|226.25|-117.75|0|0|10088
09:45:12|1575|844|AMU197|108.321590424|23.8073730469|10097|234.0|-105.25|0|0|10088
09:45:16|1575|844|AMU197|108.331031799|23.8032531738|10097|239.75|-98.75|0|0|10088
09:45:20|1575|844|AMU197|108.340816498|23.7991333008|10097|245.0|-93.5|0|0|10088
09:45:24|1575|844|AMU197|108.352489471|23.7944984436|10097|250.75|-90.25|0|0|10088
09:45:28|1575|844|AMU197|108.36227417|23.7912368774|10097|254.75|-85.0|0|0|10088
09:45:32|1575|844|AMU197|108.372058868|23.7878036499|10097|257.5|-81.0|0|0|10088
09:45:36|1575|844|AMU197|108.384075165|23.7836837769|10097|258.5|-81.0|0|0|10088
09:45:40|1575|844|AMU197|108.391971588|23.7809371948|10097|259.5|-81.5|0|0|10088
09:45:44|1575|844|AMU197|108.404159546|23.7768173218|10097|260.5|-81.5|0|0|10088
09:45:48|1575|844|AMU197|108.413085938|23.7742424011|10097|262.25|-77.75|0|0|10088
09:45:52|1575|844|AMU197|108.423557281|23.7714958191|10097|263.25|-73.75|0|0|10088
09:45:56|1575|844|AMU197|108.435916901|23.7697792053|10097|267.25|-60.75|0|0|10088
09:46:00|1575|844|AMU197|108.445358276|23.7682342529|10097|268.25|-54.5|0|0|10088
09:46:04|1575|844|AMU197|108.455486298|23.7670326233|10097|270.0|-45.75|0|0|10088
09:46:08|1575|844|AMU197|108.46578598|23.7658309937|10097|272.0|-37.25|0|0|10088
09:46:12|1575|844|AMU197|108.478832245|23.7641143799|10097|273.0|-35.25|0|0|10088
09:46:16|1575|844|AMU197|108.488960266|23.763256073|10097|273.5|-30.5|0|0|10088
09:46:20|1575|844|AMU197|108.49943161|23.7620544434|10097|274.5|-28.0|0|0|10088
09:46:24|1575|844|AMU197|108.510074615|23.7610244751|10097|275.0|-25.5|0|0|10088
09:46:28|1575|844|AMU197|108.520202637|23.7601661682|10097|275.0|-23.75|0|0|10088
09:46:32|1575|844|AMU197|108.532562256|23.7589645386|10097|275.5|-22.25|0|0|10088
09:46:36|1575|844|AMU197|108.542861938|23.7581062317|10081|275.75|-21.25|0|0|10088
09:46:40|1575|844|AMU197|108.553676605|23.7570762634|10081|275.75|-21.25|0|0|10088
09:46:44|1575|844|AMU197|108.564147949|23.755531311|10081|276.25|-23.25|0|0|10088
09:46:48|1575|844|AMU197|108.57427597|23.7543296814|10081|276.75|-23.25|0|0|10088
09:46:52|1575|844|AMU197|108.587322235|23.752784729|10081|276.75|-22.75|0|0|10088
09:46:56|1575|844|AMU197|108.596248627|23.7519264221|10081|277.25|-22.75|0|0|10088
09:47:00|1575|844|AMU197|108.607234955|23.7508964539|10081|277.25|-21.75|0|0|10088
09:47:04|1575|844|AMU197|108.618049622|23.7495231628|10081|277.25|-22.25|0|0|10088
09:47:08|1575|844|AMU197|108.630409241|23.7478065491|10081|276.25|-24.0|0|0|10088
09:47:12|1575|844|AMU197|108.639678955|23.7467765808|10081|275.5|-24.0|0|0|10088
09:47:16|1575|844|AMU197|108.650493622|23.7457466125|10081|275.75|-23.75|0|0|10088
09:47:20|1575|844|AMU197|108.663024902|23.7442016602|10081|276.25|-24.0|0|0|10088
09:47:24|1575|844|AMU197|108.672294617|23.7431716919|10081|275.75|-23.75|0|0|10088
09:47:28|1575|844|AMU197|108.682937622|23.7421417236|10081|275.75|-23.25|0|0|10088
09:47:32|1575|844|AMU197|108.693065643|23.7411117554|10081|275.75|-22.75|0|0|10088
09:47:36|1575|844|AMU197|108.705253601|23.7399101257|10081|275.5|-22.75|0|0|10088
09:47:40|1575|844|AMU197|108.715381622|23.7387084961|10081|275.5|-22.75|0|0|10088
09:47:44|1575|844|AMU197|108.725509644|23.7375068665|10081|275.0|-23.25|0|0|10088
09:47:48|1575|844|AMU197|108.735980988|23.7363052368|10081|275.0|-23.75|0|0|10088
09:47:52|1575|844|AMU197|108.745594025|23.7351036072|10081|275.0|-23.25|0|0|10088
09:47:56|1575|844|AMU197|108.756408691|23.7340736389|10081|275.5|-22.75|0|0|10088
09:48:00|1575|844|AMU197|108.769283295|23.7330436707|10081|275.5|-21.75|0|0|10088
09:48:04|1575|844|AMU197|108.779582977|23.7325286865|10081|275.5|-19.25|0|0|10088
09:48:08|1575|844|AMU197|108.789196014|23.731842041|10081|275.75|-18.25|0|0|10088
09:48:12|1575|844|AMU197|108.800010681|23.73046875|10081|276.25|-19.75|0|0|10088
09:48:16|1575|844|AMU197|108.810138702|23.7301254272|10081|275.75|-16.5|0|0|10088
09:48:20|1575|844|AMU197|108.82232666|23.7306404114|10081|275.5|-9.75|0|0|10088
09:48:24|1575|844|AMU197|108.832454681|23.73046875|10081|275.0|-8.25|0|0|10088
09:48:28|1575|844|AMU197|108.842411041|23.73046875|10081|274.5|-5.25|0|0|10088
09:48:32|1575|844|AMU197|108.855113983|23.7301254272|10081|274.5|-3.75|0|0|10088
09:48:36|1575|844|AMU197|108.86472702|23.7297821045|10081|275.0|-3.0|0|0|10088
09:48:40|1575|844|AMU197|108.875541687|23.7296104431|10081|275.0|-2.5|0|0|10088
09:48:44|1575|844|AMU197|108.885669708|23.7292671204|10081|275.0|-2.0|0|0|10088
09:48:48|1575|844|AMU197|108.896312714|23.7284088135|10081|275.5|-3.0|0|0|10088
09:48:52|1575|844|AMU197|108.909015656|23.7278938293|10081|275.5|-3.0|0|0|10088
09:48:56|1575|844|AMU197|108.919315338|23.727722168|10081|275.75|-1.5|0|0|10088
09:49:00|1575|844|AMU197|108.929958344|23.7268638611|10081|276.25|-3.0|0|0|10088
09:49:04|1575|844|AMU197|108.941116333|23.7261772156|10081|276.25|-3.5|0|0|10088
09:49:08|1575|844|AMU197|108.952960968|23.7254905701|10097|276.75|-3.75|0|0|10088
09:49:12|1575|844|AMU197|108.963088989|23.7248039246|10097|276.75|-3.75|0|0|10088
09:49:16|1575|844|AMU197|108.973560333|23.7242889404|10097|276.75|-4.25|0|0|10088
09:49:20|1575|844|AMU197|108.98557663|23.7236022949|10097|277.25|-4.25|0|0|10088
09:49:24|1575|844|AMU197|108.996562958|23.7229156494|10097|277.75|-4.75|0|0|10088
09:49:28|1575|844|AMU197|109.007034302|23.7222290039|10097|277.25|-4.75|0|0|10088
09:49:32|1575|844|AMU197|109.016647339|23.7215423584|10097|276.25|-5.75|0|0|10088
09:49:36|1575|844|AMU197|109.02677536|23.7210273743|10097|276.75|-5.75|0|0|10088
09:49:40|1575|844|AMU197|109.037590027|23.7203407288|10097|276.25|-5.75|0|0|10088
09:49:44|1575|844|AMU197|109.047718048|23.7198257446|10097|276.25|-5.75|0|0|10088
09:49:48|1575|844|AMU197|109.060249329|23.7189674377|10097|276.75|-6.25|0|0|10088
09:49:52|1575|844|AMU197|109.070892334|23.7182807922|10097|277.25|-6.25|0|0|10088
09:49:56|1575|844|AMU197|109.081192017|23.7174224854|10097|277.25|-6.75|0|0|10088
09:50:00|1575|844|AMU197|109.093551636|23.7167358398|10097|277.75|-6.75|0|0|10088
09:50:04|1575|844|AMU197|109.104366302|23.715877533|10097|277.75|-7.25|0|0|10088
09:50:08|1575|844|AMU197|109.114494324|23.7151908875|10097|277.75|-7.75|0|0|10088
09:50:12|1575|844|AMU197|109.124794006|23.7141609192|10097|277.75|-8.75|0|0|10088
09:50:16|1575|844|AMU197|109.135608673|23.7133026123|10097|278.25|-9.75|0|0|10088
09:50:20|1575|844|AMU197|109.146080017|23.7121009827|10097|278.25|-11.0|0|0|10088
09:50:24|1575|844|AMU197|109.158439636|23.710899353|10097|278.25|-12.0|0|0|10088
09:50:28|1575|844|AMU197|109.167537689|23.7100410461|10097|278.75|-12.0|0|0|10088
09:50:32|1575|844|AMU197|109.179039001|23.7083244324|10097|278.25|-16.5|0|0|10088
09:50:36|1575|844|AMU197|109.189853668|23.7059211731|10097|277.75|-23.25|0|0|10088
09:50:40|1575|844|AMU197|109.200668335|23.7021446228|10097|273.0|-41.0|0|0|10088
09:50:44|1575|844|AMU197|109.210281372|23.6999130249|10097|270.5|-45.75|0|0|10088
09:50:48|1575|844|AMU197|109.220752716|23.697681427|10097|271.5|-48.25|0|0|10088
09:50:52|1575|844|AMU197|109.233112335|23.6951065063|10097|272.0|-48.75|0|0|10088
09:50:56|1575|844|AMU197|109.243240356|23.6928749084|10097|272.0|-49.75|0|0|10088
09:51:00|1575|844|AMU197|109.253368378|23.6908149719|10097|272.0|-50.25|0|0|10088
09:51:04|1575|844|AMU197|109.263496399|23.688583374|10097|273.0|-50.25|0|0|10088
09:51:08|1575|844|AMU197|109.275684357|23.6861801147|10097|274.0|-49.75|0|0|10088
09:51:12|1575|844|AMU197|109.284267426|23.6846351624|10097|274.0|-48.25|0|0|10088
09:51:16|1575|844|AMU197|109.296283722|23.6818885803|10097|273.0|-49.75|0|0|10088
09:51:20|1575|844|AMU197|109.305896759|23.6798286438|10097|272.5|-49.75|0|0|10088
09:51:24|1575|844|AMU197|109.316539764|23.6775970459|10097|273.0|-49.75|0|0|10088
09:51:28|1575|844|AMU197|109.326496124|23.6755371094|10097|273.0|-49.75|0|0|10088
09:51:32|1575|844|AMU197|109.336452484|23.6736488342|10097|272.5|-49.25|0|0|10088
09:51:36|1575|844|AMU197|109.348983765|23.6710739136|10097|272.5|-49.25|0|0|10088
09:51:40|1575|844|AMU197|109.357738495|23.6695289612|10097|272.5|-48.25|0|0|10088
09:51:44|1575|844|AMU197|109.368896484|23.6672973633|10097|272.5|-47.75|0|0|10088
09:51:48|1575|844|AMU197|109.379024506|23.6654090881|10097|272.0|-47.75|0|0|10088
09:51:52|1575|844|AMU197|109.390354156|23.6628341675|10097|271.0|-48.25|0|0|10088
09:51:56|1575|844|AMU197|109.399795532|23.6609458923|10097|269.5|-48.25|0|0|10088
09:52:00|1575|844|AMU197|109.409923553|23.6590576172|10097|270.5|-48.25|0|0|10088
09:52:04|1575|844|AMU197|109.419879913|23.6569976807|10097|271.0|-48.25|0|0|10088
09:52:08|1575|844|AMU197|109.432411194|23.65442276|10097|270.5|-48.25|0|0|10088
09:52:12|1575|844|AMU197|109.442024231|23.6525344849|10097|271.0|-48.25|0|0|10088
09:52:16|1575|844|AMU197|109.451980591|23.6504745483|10097|271.5|-47.75|0|0|10088
09:52:20|1575|844|AMU197|109.461936951|23.6484146118|10097|271.5|-47.75|0|0|10088
09:52:24|1575|844|AMU197|109.474639893|23.6460113525|10097|272.0|-47.75|0|0|10088
09:52:28|1575|844|AMU197|109.484596252|23.643951416|10097|271.5|-47.75|0|0|10088
09:52:32|1575|844|AMU197|109.494380951|23.6418914795|10097|272.0|-47.75|0|0|10088
09:52:36|1575|844|AMU197|109.504337311|23.639831543|10097|272.0|-47.75|0|0|10088
09:52:40|1575|844|AMU197|109.517040253|23.6372566223|10097|272.0|-47.75|0|0|10088
09:52:44|1575|844|AMU197|109.526824951|23.6351966858|10097|271.5|-47.75|0|0|10088
09:52:48|1575|844|AMU197|109.536952972|23.6331367493|10097|272.0|-47.75|0|0|10088
09:52:52|1575|844|AMU197|109.546737671|23.6312484741|10097|271.5|-47.75|0|0|10088
09:52:56|1575|844|AMU197|109.556179047|23.629360199|10097|270.5|-47.25|0|0|10088
09:53:00|1575|844|AMU197|109.568710327|23.6267852783|10097|270.0|-47.25|0|0|10088
09:53:04|1575|844|AMU197|109.577636719|23.6248970032|10097|268.25|-47.25|0|0|10088
09:53:08|1575|844|AMU197|109.587421417|23.623008728|10097|267.75|-47.25|0|0|10088
09:53:12|1575|844|AMU197|109.596862793|23.6209487915|10097|268.25|-47.25|0|0|0
09:53:16|1575|844|AMU197|109.609222412|23.6183738708|10097|267.75|-47.25|0|0|0
09:53:20|1575|844|AMU197|109.619178772|23.6163139343|10097|268.25|-47.25|0|0|0
09:53:24|1575|844|AMU197|109.628791809|23.6144256592|10097|267.75|-47.25|0|0|10088
09:53:28|1575|844|AMU197|109.638404846|23.6123657227|10081|267.25|-47.25|0|0|10088
09:53:32|1575|844|AMU197|109.651107788|23.609790802|10081|267.75|-47.25|0|0|10088
09:53:36|1575|844|AMU197|109.661064148|23.6077308655|10081|267.75|-47.25|0|0|10088
09:53:40|1575|844|AMU197|109.670162201|23.6058425903|10081|267.75|-47.25|0|0|10088
09:53:44|1575|844|AMU197|109.680290222|23.6037826538|10081|268.25|-47.25|0|0|10088
09:53:48|1575|844|AMU197|109.690074921|23.6018943787|10081|267.75|-47.25|0|0|10088
09:53:52|1575|844|AMU197|109.70243454|23.599319458|10081|267.75|-47.25|0|0|10088
09:53:56|1575|844|AMU197|109.713249207|23.5970878601|10081|268.75|-47.25|0|0|10088
09:54:00|1575|844|AMU197|109.723033905|23.5950279236|10081|268.75|-47.25|0|0|10088
09:54:04|1575|844|AMU197|109.732646942|23.5931396484|10081|269.5|-47.25|0|0|10088
09:54:08|1575|844|AMU197|109.745349884|23.5905647278|10081|269.5|-47.25|0|0|10088
09:54:12|1575|844|AMU197|109.754962921|23.5885047913|10081|270.0|-47.25|0|0|10088
09:54:16|1575|844|AMU197|109.765090942|23.5864448547|10081|270.0|-47.25|0|0|10088
09:54:20|1575|844|AMU197|109.774532318|23.5845565796|10081|270.0|-47.25|0|0|10088
09:54:24|1575|844|AMU197|109.787578583|23.5818099976|10081|270.5|-47.25|0|0|10088
09:54:28|1575|844|AMU197|109.797534943|23.579750061|10081|270.5|-47.25|0|0|10088
09:54:32|1575|844|AMU197|109.807319641|23.5778617859|10081|270.0|-47.25|0|0|10088
09:54:36|1575|844|AMU197|109.81710434|23.5758018494|10081|269.5|-47.25|0|0|10088
09:54:40|1575|844|AMU197|109.827060699|23.5737419128|10081|269.5|-47.25|0|0|10088
09:54:44|1575|844|AMU197|109.837017059|23.5716819763|10081|269.5|-47.25|0|0|10088
09:54:48|1575|844|AMU197|109.848861694|23.5691070557|10081|269.5|-47.25|0|0|10088
09:54:52|1575|844|AMU197|109.859161377|23.5670471191|10081|270.0|-47.75|0|0|10088
09:54:56|1575|844|AMU197|109.869289398|23.5649871826|10081|270.5|-47.75|0|0|10088
09:55:00|1575|844|AMU197|109.881477356|23.562412262|10081|271.0|-47.75|0|0|10088
09:55:04|1575|844|AMU197|109.891605377|23.5603523254|10081|271.0|-47.75|0|0|10088
09:55:08|1575|844|AMU197|109.901561737|23.5581207275|10081|271.0|-47.75|0|0|10088
09:55:12|1575|844|AMU197|109.911689758|23.556060791|10081|271.5|-47.75|0|0|10088
09:55:16|1575|844|AMU197|109.921989441|23.5540008545|10081|271.0|-47.75|0|0|10088
09:55:20|1575|844|AMU197|109.933834076|23.5515975952|10081|272.0|-47.75|0|0|10088
09:55:24|1575|844|AMU197|109.943790436|23.5495376587|10081|272.0|-47.75|0|0|10088
09:55:28|1575|844|AMU197|109.954090118|23.5473060608|10081|272.5|-47.75|0|0|10088
09:55:32|1575|844|AMU197|109.964046478|23.5452461243|10081|272.5|-47.75|0|0|10088
09:55:36|1575|844|AMU197|109.976577759|23.5426712036|10081|272.5|-47.75|0|0|10088
09:55:40|1575|844|AMU197|109.98670578|23.5406112671|10081|272.5|-47.75|0|0|10088
09:55:44|1575|844|AMU197|109.997005463|23.5385513306|10081|272.0|-47.75|0|0|10088
09:55:48|1575|844|AMU197|110.006446838|23.536491394|10081|272.0|-47.75|0|0|10088
09:55:52|1575|844|AMU197|110.016231537|23.5344314575|10081|272.0|-47.75|0|0|10088
09:55:56|1575|844|AMU197|110.028591156|23.5318565369|10081|271.5|-47.75|0|0|10088
09:56:00|1575|844|AMU197|110.038547516|23.5297966003|10081|271.5|-47.75|0|0|10088
09:56:04|1575|844|AMU197|110.048332214|23.5277366638|10081|271.0|-47.25|0|0|10088
09:56:08|1575|844|AMU197|110.058460236|23.5256767273|10081|271.5|-47.75|0|0|10088
09:56:12|1575|844|AMU197|110.068244934|23.5236167908|10081|271.0|-47.25|0|0|10088
09:56:16|1575|844|AMU197|110.079917908|23.5212135315|10081|271.0|-47.25|0|0|10088
09:56:20|1575|844|AMU197|110.089874268|23.519153595|10081|271.0|-47.75|0|0|10088
09:56:24|1575|844|AMU197|110.099830627|23.5170936584|10081|271.0|-47.25|0|0|10088
09:56:28|1575|844|AMU197|110.109786987|23.5150337219|10081|270.5|-47.25|0|0|10088
09:56:32|1575|844|AMU197|110.121631622|23.5126304626|10081|271.5|-47.25|0|0|10088
09:56:36|1575|844|AMU197|110.132274628|23.5103988647|10081|271.5|-47.25|0|0|10088
09:56:40|1575|844|AMU197|110.141716003|23.5085105896|10081|272.0|-47.25|0|0|10088
09:56:44|1575|844|AMU197|110.154418945|23.5059356689|10081|272.0|-47.25|0|0|10088
09:56:48|1575|844|AMU197|110.164375305|23.503704071|10081|272.0|-47.25|0|0|10088
09:56:52|1575|844|AMU197|110.174846649|23.5016441345|10081|271.5|-47.25|0|0|10088
09:56:56|1575|844|AMU197|110.184631348|23.499584198|10081|271.5|-47.25|0|0|10088
09:57:00|1575|844|AMU197|110.193901062|23.4975242615|10081|271.0|-47.75|0|0|10088
09:57:04|1575|844|AMU197|110.206432343|23.4949493408|10081|271.0|-47.25|0|0|10088
09:57:08|1575|844|AMU197|110.216560364|23.4928894043|10081|271.0|-47.25|0|0|10088
09:57:12|1575|844|AMU197|110.226173401|23.4908294678|10081|271.5|-47.75|0|0|10088
09:57:16|1575|844|AMU197|110.236129761|23.4887695312|10081|271.5|-47.75|0|0|10088
09:57:20|1575|844|AMU197|110.246429443|23.4865379333|10081|271.5|-47.25|0|0|10088
09:57:24|1575|844|AMU197|110.258789062|23.4839630127|10081|271.5|-47.25|0|0|10088
09:57:28|1575|844|AMU197|110.2684021|23.4819030762|10081|271.0|-47.75|0|0|10088
09:57:32|1575|844|AMU197|110.278358459|23.4798431396|10081|271.0|-47.75|0|0|10088
09:57:36|1575|844|AMU197|110.288486481|23.4777832031|10081|271.0|-47.25|0|0|10088
09:57:40|1575|844|AMU197|110.298442841|23.4757232666|10081|271.5|-47.25|0|0|10088
09:57:44|1575|844|AMU197|110.310630798|23.4733200073|10081|271.5|-46.75|0|0|10088
09:57:48|1575|844|AMU197|110.320587158|23.4714317322|10081|271.5|-46.25|0|0|10088
09:57:52|1575|844|AMU197|110.330543518|23.469543457|10081|271.5|-45.25|0|0|10088
09:57:56|1575|844|AMU197|110.342559814|23.4673118591|10081|271.5|-45.25|0|0|10088
09:58:00|1575|844|AMU197|110.352687836|23.4655952454|10081|272.0|-44.25|0|0|10088
09:58:04|1575|844|AMU197|110.362815857|23.4638786316|10081|272.5|-44.0|0|0|10088
09:58:08|1575|844|AMU197|110.372943878|23.4619903564|10081|272.5|-43.0|0|0|10088
09:58:12|1575|844|AMU197|110.383071899|23.4602737427|10081|272.5|-42.5|0|0|10088
09:58:16|1575|844|AMU197|110.393371582|23.4585571289|10081|273.0|-41.5|0|0|10088
09:58:20|1575|844|AMU197|110.406246185|23.456325531|10081|273.0|-41.0|0|0|10088
09:58:24|1575|844|AMU197|110.416202545|23.4547805786|10081|273.5|-40.0|0|0|10088
09:58:28|1575|844|AMU197|110.425987244|23.4528923035|10081|273.0|-40.0|0|0|10088
09:58:32|1575|844|AMU197|110.435771942|23.4511756897|10081|273.0|-40.0|0|0|10088
09:58:36|1575|844|AMU197|110.448646545|23.4489440918|10081|273.0|-39.5|0|0|10088
09:58:40|1575|844|AMU197|110.458774567|23.447227478|10081|273.0|-39.0|0|0|10088
09:58:44|1575|844|AMU197|110.468730927|23.4455108643|10081|273.0|-38.5|0|0|10088
09:58:48|1575|844|AMU197|110.478515625|23.4437942505|10081|272.5|-38.5|0|0|10088
09:58:52|1575|844|AMU197|110.489845276|23.441734314|10081|272.5|-38.5|0|0|10088
09:58:56|1575|844|AMU197|110.500659943|23.4400177002|10081|273.0|-38.0|0|0|10088
09:59:00|1575|844|AMU197|110.510616302|23.438129425|10081|273.0|-38.0|0|0|10088
09:59:04|1575|844|AMU197|110.520401001|23.4362411499|10081|272.5|-38.5|0|0|10088
09:59:08|1575|844|AMU197|110.530529022|23.4345245361|10081|272.5|-38.0|0|0|10088
09:59:12|1575|844|AMU197|110.54271698|23.4324645996|10081|272.5|-38.0|0|0|10088
09:59:16|1575|844|AMU197|110.552845001|23.4307479858|10081|272.5|-38.0|0|0|10088
09:59:20|1575|844|AMU197|110.563144684|23.4290313721|10081|273.0|-37.5|0|0|10088
09:59:24|1575|844|AMU197|110.572757721|23.4273147583|10081|273.0|-38.0|0|0|10088
09:59:28|1575|844|AMU197|110.585289001|23.424911499|10081|273.0|-38.0|0|0|10088
09:59:32|1575|844|AMU197|110.595245361|23.4231948853|10081|273.0|-38.0|0|0|10088
09:59:36|1575|844|AMU197|110.605373383|23.4214782715|10081|273.5|-37.5|0|0|10088
09:59:40|1575|844|AMU197|110.615329742|23.4195899963|10081|273.0|-38.0|0|0|10088
09:59:44|1575|844|AMU197|110.625286102|23.4178733826|10081|273.0|-38.0|0|0|10088
09:59:48|1575|844|AMU197|110.637989044|23.4156417847|10081|273.0|-37.5|0|0|10088
09:59:52|1575|844|AMU197|110.647773743|23.4139251709|10081|273.0|-37.5|0|0|10088
09:59:56|1575|844|AMU197|110.657901764|23.4120368958|10081|273.0|-37.5|0|0|6705
