06:00:04|376|1868|AMU198|106.674156189|26.8953895569|9784|-133.0|143.75|0|0|9784
06:00:08|376|1868|AMU198|106.669006348|26.9007110596|9784|-132.75|144.25|0|0|9784
06:00:12|376|1868|AMU198|106.664028168|26.9060325623|9784|-132.25|145.25|0|0|9784
06:00:16|376|1868|AMU198|106.658363342|26.9118690491|9784|-132.75|145.75|0|0|9784
06:00:20|376|1868|AMU198|106.65304184|26.9173622131|9784|-133.0|146.25|0|0|9784
06:00:24|376|1868|AMU198|106.648750305|26.9216537476|9784|-133.0|146.25|0|0|9784
06:00:28|376|1868|AMU198|106.642742157|26.9280052185|9784|-133.5|146.25|0|0|9784
06:00:32|376|1868|AMU198|106.637248993|26.9336700439|9784|-133.5|146.25|0|0|9784
06:00:36|376|1868|AMU198|106.632957458|26.9379615784|9784|-133.5|146.25|0|0|9784
06:00:40|376|1868|AMU198|106.627807617|26.9432830811|9784|-133.5|146.25|0|0|9784
06:00:44|376|1868|AMU198|106.622486115|26.9487762451|9784|-133.5|146.25|0|0|9784
06:00:48|376|1868|AMU198|106.616134644|26.9551277161|9784|-133.5|145.75|0|0|9784
06:00:52|376|1868|AMU198|106.610984802|26.9604492188|9784|-134.0|145.75|0|0|9784
06:00:56|376|1868|AMU198|106.6056633|26.9657707214|9784|-134.0|145.75|0|0|9784
06:01:00|376|1868|AMU198|106.600513458|26.9710922241|9784|-133.5|145.75|0|0|9784
06:01:04|376|1868|AMU198|106.595191956|26.9764137268|9784|-133.5|145.75|0|0|9784
06:01:08|376|1868|AMU198|106.590557098|26.9812202454|9784|-133.5|145.75|0|0|9784
06:01:12|376|1868|AMU198|106.584892273|26.9870567322|9784|-133.5|145.75|0|0|9784
06:01:16|376|1868|AMU198|106.579742432|26.9922065735|9784|-133.5|145.75|0|0|9784
06:01:20|376|1868|AMU198|106.575107574|26.997013092|9784|-133.5|145.75|0|0|9784
06:01:24|376|1868|AMU198|106.569099426|27.0028495789|9784|-134.0|145.25|0|0|9784
06:01:28|376|1868|AMU198|106.563949585|27.0083427429|9784|-133.5|145.75|0|0|9784
06:01:32|376|1868|AMU198|106.558628082|27.0134925842|9784|-133.5|145.25|0|0|9784
06:01:36|376|1868|AMU198|106.554164886|27.0181274414|9784|-133.5|145.25|0|0|9784
06:01:40|376|1868|AMU198|106.547985077|27.024307251|9784|-133.5|145.25|0|0|9784
06:01:44|376|1868|AMU198|106.543178558|27.0292854309|9784|-133.0|145.25|0|0|9784
06:01:48|376|1868|AMU198|106.537857056|27.034778595|9784|-133.0|145.25|0|0|9784
06:01:52|376|1868|AMU198|106.532707214|27.0401000977|9784|-132.75|145.25|0|0|9784
06:01:56|376|1868|AMU198|106.527729034|27.0450782776|9784|-133.0|145.25|0|0|9784
06:02:00|376|1868|AMU198|106.522750854|27.0503997803|9784|-132.75|145.25|0|0|9784
06:02:04|376|1868|AMU198|106.51725769|27.0558929443|9784|-132.75|144.75|0|0|9784
06:02:08|376|1868|AMU198|106.512107849|27.0610427856|9784|-132.75|144.75|0|0|9784
06:02:12|376|1868|AMU198|106.507301331|27.066192627|9784|-132.75|144.75|0|0|9784
06:02:16|376|1868|AMU198|106.502151489|27.0711708069|9784|-132.75|144.75|0|0|9784
06:02:20|376|1868|AMU198|106.496829987|27.0766639709|9784|-132.75|144.75|0|0|9784
06:02:24|376|1868|AMU198|106.491508484|27.082157135|9784|-132.75|144.75|0|0|9784
06:02:28|376|1868|AMU198|106.486530304|27.0871353149|9784|-132.75|144.75|0|0|9784
06:02:32|376|1868|AMU198|106.481208801|27.0928001404|9784|-132.25|144.75|0|0|9784
06:02:36|376|1868|AMU198|106.47605896|27.0981216431|9784|-132.25|145.25|0|0|9784
06:02:40|376|1868|AMU198|106.470909119|27.1034431458|9784|-132.25|145.25|0|0|9784
06:02:44|376|1868|AMU198|106.465759277|27.1085929871|9784|-132.25|145.25|0|0|9784
06:02:48|376|1868|AMU198|106.460609436|27.1139144897|9784|-132.25|144.75|0|0|9784
06:02:52|376|1868|AMU198|106.455459595|27.1195793152|9784|-131.75|145.75|0|0|9784
06:02:56|376|1868|AMU198|106.450309753|27.1247291565|9784|-132.25|145.25|0|0|9784
06:03:00|376|1868|AMU198|106.445159912|27.1297073364|9784|-132.25|144.75|0|0|9784
06:03:04|376|1868|AMU198|106.440010071|27.1348571777|9784|-132.25|144.75|0|0|9784
06:03:08|376|1868|AMU198|106.434688568|27.1401786804|9784|-132.25|144.25|0|0|9784
06:03:12|376|1868|AMU198|106.429710388|27.1451568604|9784|-132.25|143.75|0|0|9784
06:03:16|376|1868|AMU198|106.424732208|27.1501350403|9784|-132.25|143.75|0|0|9784
06:03:20|376|1868|AMU198|106.419410706|27.155456543|9784|-132.25|143.25|0|0|9784
06:03:24|376|1868|AMU198|106.414260864|27.1612930298|9784|-131.75|144.75|0|0|9784
06:03:28|376|1868|AMU198|106.409111023|27.1662712097|9784|-131.75|144.25|0|0|9784
06:03:32|376|1868|AMU198|106.403961182|27.171421051|9784|-132.25|143.75|0|0|9784
06:03:36|376|1868|AMU198|106.397609711|27.1776008606|9784|-132.25|143.25|0|0|9784
06:03:40|376|1868|AMU198|106.393489838|27.1817207336|9784|-132.25|143.75|0|0|9784
06:03:44|376|1868|AMU198|106.387310028|27.1879005432|9784|-132.25|143.25|0|0|9784
06:03:48|376|1868|AMU198|106.381988525|27.1932220459|9784|-131.75|142.75|0|0|9784
06:03:52|376|1868|AMU198|106.377696991|27.1975135803|9784|-132.25|142.25|0|0|9784
06:03:56|376|1868|AMU198|106.371688843|27.2035217285|9776|-131.75|142.75|0|0|9784
06:04:00|376|1868|AMU198|106.366539001|27.2088432312|9776|-131.75|142.75|0|0|9784
06:04:04|376|1868|AMU198|106.361560822|27.2138214111|9776|-131.75|142.25|0|0|9784
06:04:08|376|1868|AMU198|106.357097626|27.2182846069|9776|-131.75|142.25|0|0|9784
06:04:12|376|1868|AMU198|106.351947784|27.2234344482|9776|-131.75|142.25|0|0|9784
06:04:16|376|1868|AMU198|106.346111298|27.2292709351|9776|-131.75|142.25|0|0|9784
06:04:20|376|1868|AMU198|106.341133118|27.2345924377|9776|-131.25|142.75|0|0|9784
06:04:24|376|1868|AMU198|106.33649826|27.2392272949|9776|-131.25|142.75|0|0|9784
06:04:28|376|1868|AMU198|106.331520081|27.2443771362|9776|-131.25|142.75|0|0|9784
06:04:32|376|1868|AMU198|106.326026917|27.2498703003|9776|-131.25|143.25|0|0|9784
06:04:36|376|1868|AMU198|106.321392059|27.2548484802|9776|-130.75|143.25|0|0|9784
06:04:40|376|1868|AMU198|106.316242218|27.2599983215|9776|-130.75|143.25|0|0|9784
06:04:44|376|1868|AMU198|106.310405731|27.2661781311|9776|-130.75|143.75|0|0|9784
06:04:48|376|1868|AMU198|106.305770874|27.2708129883|9776|-130.75|143.75|0|0|9784
06:04:52|376|1868|AMU198|106.299762726|27.2771644592|9776|-130.25|143.75|0|0|9784
06:04:56|376|1868|AMU198|106.295642853|27.2812843323|9776|-130.75|143.75|0|0|9784
06:05:00|376|1868|AMU198|106.289978027|27.2869491577|9776|-130.75|143.75|0|0|9784
06:05:04|376|1868|AMU198|106.284828186|27.2922706604|9776|-130.75|144.25|0|0|9784
06:05:08|376|1868|AMU198|106.279335022|27.2981071472|9776|-130.75|144.25|0|0|9784
06:05:12|376|1868|AMU198|106.275043488|27.3023986816|9776|-130.75|144.25|0|0|9784
06:05:16|376|1868|AMU198|106.268520355|27.308921814|9776|-130.75|144.25|0|0|9784
06:05:20|376|1868|AMU198|106.264228821|27.3135566711|9776|-130.75|144.25|0|0|9784
06:05:24|376|1868|AMU198|106.259078979|27.3187065125|9776|-130.75|144.25|0|0|9784
06:05:28|376|1868|AMU198|106.253757477|27.3240280151|9776|-130.75|144.25|0|0|9784
06:05:32|376|1868|AMU198|106.24912262|27.3288345337|9776|-130.75|144.25|0|0|9784
06:05:36|376|1868|AMU198|106.243457794|27.3346710205|9776|-130.75|144.25|0|0|9784
06:05:40|376|1868|AMU198|106.238136292|27.3399925232|9776|-130.75|144.25|0|0|9784
06:05:44|376|1868|AMU198|106.233158112|27.3453140259|9776|-130.75|144.25|0|0|9784
06:05:48|376|1868|AMU198|106.227836609|27.3506355286|9776|-131.25|144.25|0|0|9784
06:05:52|376|1868|AMU198|106.223201752|27.3554420471|9776|-130.75|144.25|0|0|9784
06:05:56|376|1868|AMU198|106.217880249|27.3609352112|9776|-130.75|144.25|0|0|9784
06:06:00|376|1868|AMU198|106.212558746|27.3662567139|9776|-130.75|144.75|0|0|9784
06:06:04|376|1868|AMU198|106.207408905|27.3715782166|9776|-130.75|144.75|0|0|9784
06:06:08|376|1868|AMU198|106.202259064|27.3768997192|9776|-130.75|144.75|0|0|9784
06:06:12|376|1868|AMU198|106.1967659|27.3825645447|9776|-130.75|144.75|0|0|9784
06:06:16|376|1868|AMU198|106.19178772|27.387714386|9776|-130.75|144.75|0|0|9784
06:06:20|376|1868|AMU198|106.18560791|27.3940658569|9776|-130.75|145.25|0|0|9784
06:06:24|376|1868|AMU198|106.180458069|27.3993873596|9776|-130.75|145.25|0|0|9784
06:06:28|376|1868|AMU198|106.175479889|27.4043655396|9776|-131.25|144.75|0|0|9784
06:06:32|376|1868|AMU198|106.170158386|27.4098587036|9776|-131.25|145.25|0|0|9784
06:06:36|376|1868|AMU198|106.165180206|27.4151802063|9776|-130.75|145.25|0|0|9784
06:06:40|376|1868|AMU198|106.160373688|27.4199867249|9776|-131.25|145.25|0|0|9784
06:06:44|376|1868|AMU198|106.155395508|27.4253082275|9776|-130.75|145.25|0|0|9784
06:06:48|376|1868|AMU198|106.150245667|27.4306297302|9776|-130.75|145.25|0|0|9784
06:06:52|376|1868|AMU198|106.145095825|27.4359512329|9776|-130.25|145.75|0|0|9784
06:06:56|376|1868|AMU198|106.139774323|27.441444397|9776|-130.75|145.75|0|0|9784
06:07:00|376|1868|AMU198|106.134624481|27.4467658997|9776|-130.75|145.75|0|0|9784
06:07:04|376|1868|AMU198|106.12947464|27.4520874023|9776|-130.75|145.25|0|0|9784
06:07:08|376|1868|AMU198|106.124153137|27.457408905|9776|-130.75|145.75|0|0|9784
06:07:12|376|1868|AMU198|106.119003296|27.4627304077|9776|-131.25|145.75|0|0|9784
06:07:16|376|1868|AMU198|106.113681793|27.4680519104|9776|-131.25|145.75|0|0|9784
06:07:20|376|1868|AMU198|106.108531952|27.4733734131|9776|-131.25|145.75|0|0|9784
06:07:24|376|1868|AMU198|106.103210449|27.4786949158|9776|-131.25|145.75|0|0|9784
06:07:28|376|1868|AMU198|106.098060608|27.4841880798|9776|-131.25|145.75|0|0|9784
06:07:32|376|1868|AMU198|106.092567444|27.4896812439|9776|-131.75|145.75|0|0|9784
06:07:36|376|1868|AMU198|106.087932587|27.4944877625|9776|-131.25|145.75|0|0|9784
06:07:40|376|1868|AMU198|106.082439423|27.5001525879|9776|-131.75|145.75|0|0|9784
06:07:44|376|1868|AMU198|106.077461243|27.5051307678|9776|-131.75|145.75|0|0|9784
06:07:48|376|1868|AMU198|106.071453094|27.511138916|9776|-131.75|145.75|0|0|9784
06:07:52|376|1868|AMU198|106.06716156|27.5156021118|9776|-131.75|145.75|0|0|9784
06:07:56|376|1868|AMU198|106.06098175|27.5217819214|9784|-132.25|145.75|0|0|9784
06:08:00|376|1868|AMU198|106.056346893|27.5265884399|9784|-131.75|145.75|0|0|9784
06:08:04|376|1868|AMU198|106.051197052|27.532081604|9784|-132.25|145.75|0|0|9784
06:08:08|376|1868|AMU198|106.045360565|27.5379180908|9784|-132.25|145.75|0|0|9784
06:08:12|376|1868|AMU198|106.040382385|27.5430679321|9784|-132.25|146.25|0|0|9784
06:08:16|376|1868|AMU198|106.035060883|27.5483894348|9784|-132.25|146.25|0|0|9784
06:08:20|376|1868|AMU198|106.02973938|27.5537109375|9784|-132.25|146.25|0|0|9784
06:08:24|376|1868|AMU198|106.024589539|27.5590324402|9784|-132.25|146.25|0|0|9784
06:08:28|376|1868|AMU198|106.019268036|27.5643539429|9784|-132.25|146.25|0|0|9784
06:08:32|376|1868|AMU198|106.014118195|27.5696754456|9784|-132.75|146.25|0|0|9784
06:08:36|376|1868|AMU198|106.008968353|27.5749969482|9784|-132.75|146.25|0|0|9784
06:08:40|376|1868|AMU198|106.003646851|27.5801467896|9784|-132.75|146.25|0|0|9784
06:08:44|376|1868|AMU198|105.998325348|27.5856399536|9784|-132.75|146.25|0|0|9784
06:08:48|376|1868|AMU198|105.993003845|27.5909614563|9784|-132.75|146.25|0|0|9784
06:08:52|376|1868|AMU198|105.987682343|27.596282959|9784|-133.0|146.25|0|0|9784
06:08:56|376|1868|AMU198|105.982532501|27.6016044617|9784|-132.75|146.25|0|0|9784
06:09:00|376|1868|AMU198|105.977210999|27.6069259644|9784|-132.75|146.25|0|0|9784
06:09:04|376|1868|AMU198|105.972061157|27.6124191284|9784|-132.75|146.25|0|0|9784
06:09:08|376|1868|AMU198|105.965709686|27.6189422607|9784|-132.75|146.5|0|0|9784
06:09:12|376|1868|AMU198|105.960388184|27.6242637634|9784|-132.75|146.5|0|0|9784
06:09:16|376|1868|AMU198|105.956439972|27.6283836365|9784|-132.25|146.5|0|0|9784
06:09:20|376|1868|AMU198|105.950088501|27.6350784302|9784|-132.25|146.5|0|0|9784
06:09:24|376|1868|AMU198|105.944595337|27.6403999329|9784|-132.75|146.5|0|0|9784
06:09:28|376|1868|AMU198|105.939617157|27.6455497742|9784|-132.75|146.5|0|0|9784
06:09:32|376|1868|AMU198|105.934295654|27.6508712769|9784|-132.75|146.5|0|0|9784
06:09:36|376|1868|AMU198|105.928974152|27.6561927795|9784|-132.75|146.5|0|0|9784
06:09:40|376|1868|AMU198|105.92382431|27.6615142822|9784|-132.75|146.25|0|0|9784
06:09:44|376|1868|AMU198|105.919189453|27.6663208008|9784|-132.75|146.5|0|0|9784
06:09:48|376|1868|AMU198|105.913352966|27.6721572876|9784|-132.75|146.25|0|0|9784
06:09:52|376|1868|AMU198|105.908718109|27.6769638062|9784|-132.75|146.25|0|0|9784
06:09:56|376|1868|AMU198|105.903053284|27.682800293|9784|-132.75|146.25|0|0|9784
06:10:00|376|1868|AMU198|105.897903442|27.6881217957|9784|-132.25|146.5|0|0|9784
06:10:04|376|1868|AMU198|105.89258194|27.6934432983|9784|-132.25|146.5|0|0|9784
06:10:08|376|1868|AMU198|105.886745453|27.6994514465|9784|-132.75|146.5|0|0|9784
06:10:12|376|1868|AMU198|105.882110596|27.7040863037|9784|-132.25|146.5|0|0|9784
06:10:16|376|1868|AMU198|105.877132416|27.709236145|9792|-132.25|146.25|0|0|9784
06:10:20|376|1868|AMU198|105.871810913|27.7145576477|9792|-132.25|146.25|0|0|9784
06:10:24|376|1868|AMU198|105.866661072|27.7198791504|9792|-132.25|146.25|0|0|9784
06:10:28|376|1868|AMU198|105.86151123|27.7250289917|9792|-132.25|146.25|0|0|9784
06:10:32|376|1868|AMU198|105.856189728|27.7303504944|9792|-132.25|146.25|0|0|9784
06:10:36|376|1868|AMU198|105.851211548|27.7356719971|9792|-131.75|146.25|0|0|9784
06:10:40|376|1868|AMU198|105.846061707|27.7408218384|9792|-131.75|146.25|0|0|9784
06:10:44|376|1868|AMU198|105.840911865|27.7461433411|9792|-131.75|146.25|0|0|9784
06:10:48|376|1868|AMU198|105.835590363|27.7514648438|9792|-131.75|146.25|0|0|9784
06:10:52|376|1868|AMU198|105.830440521|27.7567863464|9792|-131.75|146.25|0|0|9784
06:10:56|376|1868|AMU198|105.824260712|27.7631378174|9792|-131.75|146.25|0|0|9784
06:11:00|376|1868|AMU198|105.819797516|27.7676010132|9792|-131.75|145.75|0|0|9784
06:11:04|376|1868|AMU198|105.813617706|27.7737808228|9792|-131.75|146.25|0|0|9784
06:11:08|376|1868|AMU198|105.808811188|27.7789306641|9792|-131.25|146.25|0|0|9784
06:11:12|376|1868|AMU198|105.803661346|27.7842521667|9792|-131.25|146.25|0|0|9784
06:11:16|376|1868|AMU198|105.798511505|27.7895736694|9792|-131.25|146.25|0|0|9784
06:11:20|376|1868|AMU198|105.793190002|27.7948951721|9792|-131.25|146.25|0|0|9784
06:11:24|376|1868|AMU198|105.7878685|27.8003883362|9792|-131.25|146.25|0|0|9784
06:11:28|376|1868|AMU198|105.782546997|27.8057098389|9784|-131.25|146.25|0|0|9784
06:11:32|376|1868|AMU198|105.777397156|27.8110313416|9784|-131.25|146.25|0|0|9784
06:11:36|376|1868|AMU198|105.772418976|27.8160095215|9784|-131.25|145.75|0|0|9784
06:11:40|376|1868|AMU198|105.767269135|27.8213310242|9784|-131.25|145.75|0|0|9784
06:11:44|376|1868|AMU198|105.762290955|27.8263092041|9784|-131.25|145.75|0|0|9784
06:11:48|376|1868|AMU198|105.756969452|27.8316307068|9784|-131.25|145.25|0|0|9784
06:11:52|376|1868|AMU198|105.751819611|27.8367805481|9784|-131.25|145.25|0|0|9784
06:11:56|376|1868|AMU198|105.746669769|27.8421020508|9784|-131.25|145.25|0|0|9784
06:12:00|376|1868|AMU198|105.741348267|27.8474235535|9784|-131.25|144.75|0|0|9784
06:12:04|376|1868|AMU198|105.736541748|27.8520584106|9784|-131.25|144.75|0|0|9784
06:12:08|376|1868|AMU198|105.730190277|27.8584098816|9784|-131.25|144.25|0|0|9784
06:12:12|376|1868|AMU198|105.725383759|27.8633880615|9784|-131.25|144.25|0|0|9784
06:12:16|376|1868|AMU198|105.72057724|27.8680229187|9784|-131.25|143.75|0|0|9784
06:12:20|376|1868|AMU198|105.715255737|27.8735160828|9784|-130.75|143.75|0|0|9784
06:12:24|376|1868|AMU198|105.710277557|27.8784942627|9784|-130.75|143.75|0|0|9784
06:12:28|376|1868|AMU198|105.704612732|27.8843307495|9784|-130.75|143.75|0|0|9784
06:12:32|376|1868|AMU198|105.699291229|27.8896522522|9784|-130.75|144.25|0|0|9784
06:12:36|376|1868|AMU198|105.694999695|27.8939437866|9776|-130.75|143.75|0|0|9784
06:12:40|376|1868|AMU198|105.688648224|27.9002952576|9776|-130.75|143.75|0|0|9784
06:12:44|376|1868|AMU198|105.684700012|27.9042434692|9776|-130.75|143.75|0|0|9784
06:12:48|376|1868|AMU198|105.67937851|27.9097366333|9776|-130.75|144.25|0|0|9784
06:12:52|376|1868|AMU198|105.674057007|27.915058136|9776|-130.75|143.75|0|0|9784
06:12:56|376|1868|AMU198|105.667877197|27.9212379456|9776|-130.75|143.75|0|0|9784
06:13:00|376|1868|AMU198|105.663585663|27.9257011414|9776|-130.75|143.75|0|0|9784
06:13:04|376|1868|AMU198|105.65826416|27.931022644|9776|-130.75|143.75|0|0|9784
06:13:08|376|1868|AMU198|105.652599335|27.9366874695|9776|-130.75|143.75|0|0|9784
06:13:12|376|1868|AMU198|105.646934509|27.9425239563|9776|-130.75|143.75|0|0|9784
06:13:16|376|1868|AMU198|105.642299652|27.9473304749|9776|-130.25|144.25|0|0|9784
06:13:20|376|1868|AMU198|105.637836456|27.951965332|9776|-129.75|144.75|0|0|9784
06:13:24|376|1868|AMU198|105.632686615|27.9572868347|9776|-129.75|144.75|0|0|9784
06:13:28|376|1868|AMU198|105.627365112|27.9626083374|9776|-129.75|144.75|0|0|9784
06:13:32|376|1868|AMU198|105.622215271|27.9681015015|9776|-129.25|144.75|0|0|9784
06:13:36|376|1868|AMU198|105.61706543|27.9732513428|9776|-129.75|144.75|0|0|9784
06:13:40|376|1868|AMU198|105.611915588|27.9784011841|9776|-129.75|144.25|0|0|9784
06:13:44|376|1868|AMU198|105.606765747|27.9837226868|9776|-129.75|144.25|0|0|9784
06:13:48|376|1868|AMU198|105.601615906|27.9890441895|9776|-129.75|144.25|0|0|9784
06:13:52|376|1868|AMU198|105.596294403|27.9941940308|9776|-129.75|144.25|0|0|9784
06:13:56|376|1868|AMU198|105.590801239|27.9998588562|9776|-129.75|144.25|0|0|9784
06:14:00|376|1868|AMU198|105.585823059|28.0048370361|9776|-130.25|144.25|0|0|9784
06:14:04|376|1868|AMU198|105.580329895|28.0103302002|9776|-130.25|144.25|0|0|9784
06:14:08|376|1868|AMU198|105.575351715|28.0154800415|9776|-129.75|144.25|0|0|9784
06:14:12|376|1868|AMU198|105.570030212|28.0208015442|9776|-129.75|144.25|0|0|9784
06:14:16|376|1868|AMU198|105.565052032|28.0259513855|9776|-129.75|144.25|0|0|9784
06:14:20|376|1868|AMU198|105.559558868|28.0316162109|9776|-129.75|144.25|0|0|9784
06:14:24|376|1868|AMU198|105.554237366|28.0369377136|9776|-129.75|144.25|0|0|9784
06:14:28|376|1868|AMU198|105.549259186|28.0419158936|9776|-130.25|144.25|0|0|9784
06:14:32|376|1868|AMU198|105.544109344|28.0470657349|9776|-130.25|144.25|0|0|9784
06:14:36|376|1868|AMU198|105.538787842|28.0523872375|9776|-130.25|144.25|0|0|9784
06:14:40|376|1868|AMU198|105.533466339|28.0575370789|9776|-130.25|143.75|0|0|9784
06:14:44|376|1868|AMU198|105.528144836|28.0628585815|9776|-130.75|143.75|0|0|9784
06:14:48|376|1868|AMU198|105.522994995|28.0681800842|9776|-130.25|143.75|0|0|9784
06:14:52|376|1868|AMU198|105.518016815|28.0731582642|9776|-130.25|143.75|0|0|9784
06:14:56|376|1868|AMU198|105.51235199|28.0788230896|9776|-130.75|144.25|0|0|9784
06:15:00|376|1868|AMU198|105.507030487|28.0843162537|9776|-130.25|143.75|0|0|9784
06:15:04|376|1868|AMU198|105.501880646|28.089466095|9776|-130.25|144.25|0|0|9784
06:15:08|376|1868|AMU198|105.497245789|28.0941009521|9776|-130.25|144.25|0|0|9784
06:15:12|376|1868|AMU198|105.491409302|28.099937439|9776|-130.25|144.25|0|0|9784
06:15:16|376|1868|AMU198|105.486602783|28.1049156189|9776|-130.25|144.25|0|0|9784
06:15:20|376|1868|AMU198|105.481109619|28.110408783|9776|-130.25|144.25|0|0|9784
06:15:24|376|1868|AMU198|105.476303101|28.1153869629|9776|-130.25|144.25|0|0|9784
06:15:28|376|1868|AMU198|105.470638275|28.1210517883|9776|-130.25|144.25|0|0|9784
06:15:32|376|1868|AMU198|105.465316772|28.1265449524|9776|-130.25|144.25|0|0|9784
06:15:36|376|1868|AMU198|105.45999527|28.1318664551|9776|-130.25|144.75|0|0|9784
06:15:40|376|1868|AMU198|105.455188751|28.1366729736|9776|-130.25|144.75|0|0|9784
06:15:44|376|1868|AMU198|105.449180603|28.1426811218|9776|-130.25|144.75|0|0|9784
06:15:48|376|1868|AMU198|105.444717407|28.1471443176|9776|-130.75|144.75|0|0|9784
06:15:52|376|1868|AMU198|105.439395905|28.1524658203|9776|-130.75|144.75|0|0|9784
06:15:56|376|1868|AMU198|105.434246063|28.157787323|9776|-130.75|144.75|0|0|9784
06:16:00|376|1868|AMU198|105.428924561|28.1629371643|9784|-130.75|144.75|0|0|9784
06:16:04|376|1868|AMU198|105.423259735|28.1686019897|9784|-131.25|144.25|0|0|9784
06:16:08|376|1868|AMU198|105.417766571|28.1737518311|9784|-131.75|143.75|0|0|9784
06:16:12|376|1868|AMU198|105.41261673|28.1785583496|9784|-132.25|143.25|0|0|9784
06:16:16|376|1868|AMU198|105.406951904|28.1835365295|9784|-133.5|142.25|0|0|9784
06:16:20|376|1868|AMU198|105.400772095|28.1886863708|9784|-136.0|139.0|0|0|9784
06:16:24|376|1868|AMU198|105.394763947|28.1929779053|9784|-141.75|132.75|0|0|8412
06:16:28|376|1868|AMU198|105.388584137|28.1969261169|9784|-147.0|125.5|0|0|8412
06:16:32|376|1868|AMU198|105.382919312|28.2017326355|9784|-143.75|127.75|0|0|8412
06:16:36|376|1868|AMU198|105.376911163|28.2061958313|9784|-146.5|124.5|0|0|8412
06:16:40|376|1868|AMU198|105.371417999|28.2104873657|9784|-146.25|124.0|0|0|8412
06:16:44|376|1868|AMU198|105.366096497|28.2147789001|9761|-145.75|124.5|-2|0|8412
06:16:48|376|1868|AMU198|105.360088348|28.2194137573|9738|-145.75|124.5|-4|0|8412
06:16:52|376|1868|AMU198|105.354423523|28.2238769531|9700|-145.25|124.5|-5|0|8412
06:16:56|376|1868|AMU198|105.348930359|28.2283401489|9662|-144.25|124.5|-7|0|8412
06:17:00|376|1868|AMU198|105.343437195|28.2328033447|9616|-143.25|124.5|-9|0|8412
06:17:04|376|1868|AMU198|105.337772369|28.2372665405|9571|-142.75|124.5|-9|0|8412
06:17:08|376|1868|AMU198|105.332279205|28.241558075|9533|-143.25|124.5|-10|0|8412
06:17:12|376|1868|AMU198|105.32661438|28.2460212708|9487|-142.75|124.5|-10|0|8412
06:17:16|376|1868|AMU198|105.320606232|28.2508277893|9441|-142.25|124.0|-10|0|8412
06:17:20|376|1868|AMU198|105.315113068|28.2552909851|9403|-141.75|124.0|-10|0|8412
06:17:24|376|1868|AMU198|105.308418274|28.2606124878|9373|-142.25|124.0|-10|0|8412
06:17:28|376|1868|AMU198|105.303783417|28.2642173767|9327|-142.25|124.0|-10|0|8412
06:17:32|376|1868|AMU198|105.29794693|28.2688522339|9289|-141.75|124.0|-10|0|8412
06:17:36|376|1868|AMU198|105.291423798|28.2740020752|9258|-142.25|124.0|-10|0|8412
06:17:40|376|1868|AMU198|105.286617279|28.2777786255|9213|-141.75|124.0|-10|0|8412
06:17:44|376|1868|AMU198|105.280952454|28.2822418213|9167|-142.25|124.0|-11|0|8412
06:17:48|376|1868|AMU198|105.27425766|28.287563324|9114|-141.75|124.0|-11|0|8412
06:17:52|376|1868|AMU198|105.268936157|28.2920265198|9068|-141.75|124.5|-11|0|8412
06:17:56|376|1868|AMU198|105.262756348|28.2968330383|9030|-141.75|124.5|-11|0|8412
06:18:00|376|1868|AMU198|105.257434845|28.3011245728|8992|-141.75|124.5|-11|0|8412
06:18:04|376|1868|AMU198|105.251598358|28.3059310913|8946|-141.25|124.5|-10|0|8412
06:18:08|376|1868|AMU198|105.246963501|28.3097076416|8908|-141.25|125.0|-10|0|8412
06:18:12|376|1868|AMU198|105.240268707|28.3152008057|8862|-140.75|125.0|-11|0|8412
06:18:16|376|1868|AMU198|105.235118866|28.3193206787|8824|-140.75|125.0|-11|0|8412
06:18:20|376|1868|AMU198|105.229454041|28.3239555359|8778|-140.75|125.0|-10|0|8412
06:18:24|376|1868|AMU198|105.223445892|28.3287620544|8733|-140.75|125.0|-11|0|8412
06:18:28|376|1868|AMU198|105.217781067|28.3332252502|8694|-140.75|125.0|-11|0|8412
06:18:32|376|1868|AMU198|105.212287903|28.3375167847|8649|-140.75|124.5|-11|0|8412
06:18:36|376|1868|AMU198|105.206623077|28.3419799805|8618|-141.25|124.5|-11|0|8412
06:18:40|376|1868|AMU198|105.200786591|28.3466148376|8565|-141.25|124.5|-10|0|8412
06:18:44|376|1868|AMU198|105.195121765|28.3510780334|8527|-141.25|124.5|-10|0|8412
06:18:48|376|1868|AMU198|105.189285278|28.3555412292|8481|-141.75|124.0|-10|0|8412
06:18:52|376|1868|AMU198|105.183620453|28.360004425|8458|-141.25|124.0|-9|0|8412
06:18:56|376|1868|AMU198|105.177955627|28.3646392822|8435|-141.25|124.0|-8|0|8412
06:19:00|376|1868|AMU198|105.172634125|28.3687591553|8420|-141.25|124.0|-6|0|8412
06:19:04|376|1868|AMU198|105.166969299|28.3733940125|8412|-140.75|123.5|-4|0|8412
06:19:08|376|1868|AMU198|105.161476135|28.3776855469|8412|-140.75|123.5|-2|0|8412
06:19:12|376|1868|AMU198|105.155639648|28.3823204041|8412|-140.25|123.0|-2|0|8412
06:19:16|376|1868|AMU198|105.150146484|28.3866119385|8412|-140.25|123.0|0|0|8412
06:19:20|376|1868|AMU198|105.14465332|28.3909034729|8412|-140.25|123.0|0|0|7772
06:19:24|376|1868|AMU198|105.138988495|28.3953666687|8405|-140.25|123.0|0|0|7193
06:19:28|376|1868|AMU198|105.133323669|28.4000015259|8405|-140.25|123.0|0|0|7193
06:19:32|376|1868|AMU198|105.127487183|28.4046363831|8405|-140.25|123.0|0|0|7193
06:19:36|376|1868|AMU198|105.122680664|28.4084129333|8382|-139.75|123.0|-2|0|7193
06:19:40|376|1868|AMU198|105.116672516|28.4130477905|8367|-139.75|122.5|-4|0|7193
06:19:44|376|1868|AMU198|105.11100769|28.4175109863|8344|-139.75|122.5|-4|0|7193
06:19:48|376|1868|AMU198|105.105514526|28.4219741821|8321|-139.75|122.5|-5|0|7193
06:19:52|376|1868|AMU198|105.099334717|28.4266090393|8298|-139.75|122.0|-6|0|7193
06:19:56|376|1868|AMU198|105.094528198|28.430557251|8275|-139.5|122.0|-6|0|7193
06:20:00|376|1868|AMU198|105.088863373|28.4351921082|8260|-139.5|122.5|-5|0|7193
06:20:04|376|1868|AMU198|105.082511902|28.4401702881|8237|-139.75|122.5|-5|0|7193
06:20:08|376|1868|AMU198|105.077190399|28.4444618225|8222|-139.5|122.5|-5|0|7193
06:20:12|376|1868|AMU198|105.071353912|28.4490966797|8199|-139.5|122.5|-5|0|7193
06:20:16|376|1868|AMU198|105.06603241|28.4532165527|8176|-139.75|123.0|-5|0|7193
06:20:20|376|1868|AMU198|105.0598526|28.4581947327|8153|-139.75|123.0|-5|0|7193
06:20:24|376|1868|AMU198|105.054187775|28.4626579285|8138|-140.25|123.0|-5|0|7193
06:20:28|376|1868|AMU198|105.048351288|28.4671211243|8115|-140.25|123.0|-5|0|7193
06:20:32|376|1868|AMU198|105.042514801|28.4717559814|8092|-140.25|123.5|-5|0|7193
06:20:36|376|1868|AMU198|105.036849976|28.4762191772|8070|-140.75|123.5|-5|0|7193
06:20:40|376|1868|AMU198|105.031013489|28.4808540344|8047|-140.75|123.5|-5|0|7193
06:20:44|376|1868|AMU198|105.025177002|28.4853172302|8024|-141.25|123.5|-5|0|7193
06:20:48|376|1868|AMU198|105.019168854|28.4901237488|8001|-142.25|124.5|-5|0|7193
06:20:52|376|1868|AMU198|105.013160706|28.494758606|7986|-142.75|125.0|-5|0|7193
06:20:56|376|1868|AMU198|105.007324219|28.4993934631|7971|-143.25|124.5|-5|0|7193
06:21:00|376|1868|AMU198|105.001144409|28.5041999817|7948|-142.75|124.5|-5|0|7193
06:21:04|376|1868|AMU198|104.995651245|28.5086631775|7925|-142.25|125.0|-5|0|7193
06:21:08|376|1868|AMU198|104.989643097|28.5136413574|7910|-142.75|125.5|-5|0|7193
06:21:12|376|1868|AMU198|104.98380661|28.5181045532|7879|-142.75|125.5|-5|0|7193
06:21:16|376|1868|AMU198|104.977970123|28.522567749|7871|-142.75|125.5|-5|0|7193
06:21:20|376|1868|AMU198|104.973506927|28.5261726379|7849|-142.75|125.5|-5|0|7193
06:21:24|376|1868|AMU198|104.966812134|28.5314941406|7826|-143.25|125.5|-5|0|7193
06:21:28|376|1868|AMU198|104.960975647|28.5359573364|7811|-143.25|125.0|-5|0|7193
06:21:32|376|1868|AMU198|104.95513916|28.5404205322|7788|-143.25|124.5|-5|0|7193
06:21:36|376|1868|AMU198|104.949474335|28.544883728|7772|-143.25|124.5|-5|0|7193
06:21:40|376|1868|AMU198|104.943809509|28.5493469238|7750|-143.25|124.0|-5|0|7193
06:21:44|376|1868|AMU198|104.938144684|28.5536384583|7727|-142.75|124.0|-5|0|7193
06:21:48|376|1868|AMU198|104.932136536|28.5582733154|7704|-142.75|124.0|-5|0|7193
06:21:52|376|1868|AMU198|104.926300049|28.5629081726|7689|-142.75|124.0|-5|0|7193
06:21:56|376|1868|AMU198|104.920635223|28.5673713684|7666|-142.75|124.0|-5|0|7193
06:22:00|376|1868|AMU198|104.914970398|28.5718345642|7643|-142.25|124.0|-6|0|7193
06:22:04|376|1868|AMU198|104.909305573|28.57629776|7620|-142.25|124.0|-5|0|7193
06:22:08|376|1868|AMU198|104.903640747|28.5809326172|7597|-141.75|124.5|-5|0|7193
06:22:12|376|1868|AMU198|104.898147583|28.5857391357|7574|-140.75|125.5|-5|0|7193
06:22:16|376|1868|AMU198|104.893684387|28.5915756226|7559|-127.25|138.5|-5|0|7193
06:22:20|376|1868|AMU198|104.889907837|28.5974121094|7536|-114.75|149.5|-5|0|7193
06:22:24|376|1868|AMU198|104.886302948|28.6034202576|7513|-99.25|159.75|-5|0|7193
06:22:28|376|1868|AMU198|104.882526398|28.6101150513|7490|-90.75|165.5|-5|0|7193
06:22:32|376|1868|AMU198|104.87909317|28.6164665222|7475|-87.75|169.25|-5|0|7193
06:22:36|376|1868|AMU198|104.876174927|28.6233329773|7460|-77.75|175.5|-5|0|7193
06:22:40|376|1868|AMU198|104.873600006|28.6298561096|7445|-74.25|178.0|-4|0|7193
06:22:44|376|1868|AMU198|104.870681763|28.6360359192|7422|-74.25|178.5|-4|0|7193
06:22:48|376|1868|AMU198|104.867420197|28.643245697|7407|-74.25|179.5|-5|0|7193
06:22:52|376|1868|AMU198|104.864845276|28.6499404907|7384|-72.25|180.75|-5|0|7193
06:22:56|376|1868|AMU198|104.862098694|28.6561203003|7361|-72.25|181.25|-5|0|7193
06:23:00|376|1868|AMU198|104.859008789|28.6633300781|7346|-72.25|181.75|-5|0|7193
06:23:04|376|1868|AMU198|104.856433868|28.6698532104|7315|-71.5|182.75|-5|0|7193
06:23:08|376|1868|AMU198|104.853687286|28.6762046814|7300|-71.5|182.75|-5|0|7193
06:23:12|376|1868|AMU198|104.850940704|28.6822128296|7277|-71.5|182.75|-5|0|7193
06:23:16|376|1868|AMU198|104.848194122|28.6889076233|7254|-71.5|182.75|-5|0|7193
06:23:20|376|1868|AMU198|104.844760895|28.696975708|7231|-71.5|183.25|-5|0|7193
06:23:24|376|1868|AMU198|104.841842651|28.7034988403|7216|-71.5|183.75|-5|0|7193
06:23:28|376|1868|AMU198|104.838924408|28.7103652954|7193|-71.5|183.75|-5|0|7193
06:23:32|376|1868|AMU198|104.836521149|28.7156867981|7186|-71.75|183.75|-4|0|7193
06:23:36|376|1868|AMU198|104.833602905|28.7223815918|7186|-71.75|183.75|-2|0|7193
06:23:40|376|1868|AMU198|104.830341339|28.7302780151|7186|-71.5|183.75|-2|0|7193
06:23:44|376|1868|AMU198|104.82793808|28.736114502|7193|-71.75|183.75|0|0|7193
06:23:48|376|1868|AMU198|104.824676514|28.7436676025|7193|-71.5|184.25|0|0|7193
06:23:52|376|1868|AMU198|104.82175827|28.7501907349|7193|-71.75|184.25|0|0|7193
06:23:56|376|1868|AMU198|104.818840027|28.7568855286|7193|-71.75|184.25|0|0|7193
06:24:00|376|1868|AMU198|104.815750122|28.7634086609|7193|-72.25|183.75|0|0|7193
06:24:04|376|1868|AMU198|104.812831879|28.770275116|7193|-72.25|183.75|0|0|7193
06:24:08|376|1868|AMU198|104.809913635|28.7769699097|7193|-72.25|184.25|0|0|7193
06:24:12|376|1868|AMU198|104.806995392|28.7836647034|7193|-72.25|184.25|0|0|7193
06:24:16|376|1868|AMU198|104.80424881|28.7901878357|7193|-72.25|184.25|0|0|7193
06:24:20|376|1868|AMU198|104.801330566|28.7963676453|7193|-72.25|183.75|0|0|7193
06:24:24|376|1868|AMU198|104.798927307|28.8025474548|7193|-71.75|184.25|0|0|7193
06:24:28|376|1868|AMU198|104.796009064|28.8095855713|7193|-71.5|184.75|0|0|7193
06:24:32|376|1868|AMU198|104.79309082|28.8166236877|7193|-71.5|184.75|0|0|7193
06:24:36|376|1868|AMU198|104.790000916|28.8234901428|7193|-71.5|184.75|0|0|7193
06:24:40|376|1868|AMU198|104.787254333|28.8300132751|7193|-71.5|184.25|0|0|7193
06:24:44|376|1868|AMU198|104.784507751|28.8367080688|7193|-71.0|184.75|0|0|7193
06:24:48|376|1868|AMU198|104.781589508|28.8432312012|7193|-71.5|184.25|0|0|7193
06:24:52|376|1868|AMU198|104.778842926|28.8495826721|7193|-71.5|184.75|0|0|7193
06:24:56|376|1868|AMU198|104.775924683|28.8562774658|7193|-71.5|184.25|0|0|7193
06:25:00|376|1868|AMU198|104.773006439|28.8629722595|7193|-71.5|184.25|0|0|7193
06:25:04|376|1868|AMU198|104.770088196|28.8694953918|7193|-71.5|184.25|0|0|7193
06:25:08|376|1868|AMU198|104.766998291|28.8765335083|7193|-71.75|183.75|0|0|7193
06:25:12|376|1868|AMU198|104.764251709|28.8827133179|7193|-71.75|183.75|0|0|7193
06:25:16|376|1868|AMU198|104.761161804|28.8900947571|7193|-71.5|183.75|0|0|7193
06:25:20|376|1868|AMU198|104.758071899|28.8971328735|7193|-71.75|183.75|0|0|7193
06:25:24|376|1868|AMU198|104.755840302|28.9021110535|7193|-71.75|183.75|0|0|7193
06:25:28|376|1868|AMU198|104.752578735|28.9093208313|7193|-72.25|183.25|0|0|7193
06:25:32|376|1868|AMU198|104.749145508|28.9170455933|7193|-72.25|183.25|0|0|7193
06:25:36|376|1868|AMU198|104.746398926|28.9230537415|7193|-72.75|183.25|0|0|7193
06:25:40|376|1868|AMU198|104.743480682|28.9295768738|7193|-72.75|183.25|0|0|7193
06:25:44|376|1868|AMU198|104.740905762|28.9352416992|7193|-72.75|182.75|0|0|7193
06:25:48|376|1868|AMU198|104.737815857|28.9422798157|7193|-72.75|182.75|0|0|7193
06:25:52|376|1868|AMU198|104.734897614|28.948802948|7193|-72.75|182.75|0|0|7193
06:25:56|376|1868|AMU198|104.731636047|28.9558410645|7186|-72.75|182.75|0|0|7193
06:26:00|376|1868|AMU198|104.728889465|28.9623641968|7186|-72.75|183.25|0|0|7193
06:26:04|376|1868|AMU198|104.726142883|28.9687156677|7186|-72.75|183.25|0|0|7193
06:26:08|376|1868|AMU198|104.722709656|28.9760971069|7186|-72.75|183.25|0|0|7193
06:26:12|376|1868|AMU198|104.720134735|28.9822769165|7186|-72.25|183.25|0|0|7193
06:26:16|376|1868|AMU198|104.717388153|28.9888000488|7186|-72.25|183.75|0|0|7193
06:26:20|376|1868|AMU198|104.714126587|28.996181488|7186|-71.75|183.25|0|0|7193
06:26:24|376|1868|AMU198|104.711551666|29.0021896362|7186|-71.75|183.75|0|0|7193
06:26:28|376|1868|AMU198|104.708461761|29.0093994141|7186|-71.75|183.25|0|0|7193
06:26:32|376|1868|AMU198|104.705543518|29.0159225464|7186|-71.75|183.25|0|0|7193
06:26:36|376|1868|AMU198|104.702625275|29.0226173401|7186|-71.75|182.75|0|0|7193
06:26:40|376|1868|AMU198|104.700050354|29.0286254883|7186|-71.75|183.25|0|0|7193
06:26:44|376|1868|AMU198|104.697132111|29.035320282|7186|-71.75|183.25|0|0|7193
06:26:48|376|1868|AMU198|104.694385529|29.0416717529|7186|-71.75|183.25|0|0|7193
06:26:52|376|1868|AMU198|104.691467285|29.0487098694|7186|-71.5|183.25|0|0|7193
06:26:56|376|1868|AMU198|104.688549042|29.0554046631|7186|-71.5|183.25|0|0|7193
06:27:00|376|1868|AMU198|104.685459137|29.0622711182|7186|-71.5|183.25|0|0|7193
06:27:04|376|1868|AMU198|104.682712555|29.0686225891|7186|-71.75|183.25|0|0|7193
06:27:08|376|1868|AMU198|104.680137634|29.0746307373|7186|-71.5|183.25|0|0|7193
06:27:12|376|1868|AMU198|104.676704407|29.0821838379|7186|-71.5|183.25|0|0|5852
06:27:16|376|1868|AMU198|104.673957825|29.0885353088|7186|-71.5|183.25|0|0|4206
06:27:20|376|1868|AMU198|104.671039581|29.0954017639|7186|-71.5|183.25|0|0|4206
06:27:24|376|1868|AMU198|104.668292999|29.1020965576|7186|-71.5|183.25|0|0|4206
06:27:28|376|1868|AMU198|104.665546417|29.1082763672|7186|-71.5|183.25|0|0|4206
06:27:32|376|1868|AMU198|104.662456512|29.1153144836|7170|-71.5|183.25|-2|0|4206
06:27:36|376|1868|AMU198|104.659538269|29.121837616|7148|-71.5|183.25|-3|0|4206
06:27:40|376|1868|AMU198|104.656620026|29.1283607483|7125|-71.5|182.75|-4|0|4206
06:27:44|376|1868|AMU198|104.653701782|29.1348838806|7102|-71.5|182.25|-5|0|4206
06:27:48|376|1868|AMU198|104.6509552|29.1414070129|7079|-71.5|182.25|-5|0|4206
06:27:52|376|1868|AMU198|104.648036957|29.1477584839|7049|-71.5|181.75|-5|0|4206
06:27:56|376|1868|AMU198|104.645290375|29.1542816162|7033|-71.5|181.75|-5|0|4206
06:28:00|376|1868|AMU198|104.642543793|29.1606330872|7018|-71.0|180.75|-5|0|4206
06:28:04|376|1868|AMU198|104.639625549|29.1668128967|6995|-71.0|180.0|-5|0|4206
06:28:08|376|1868|AMU198|104.637050629|29.1729927063|6980|-70.0|177.5|-5|0|4206
06:28:12|376|1868|AMU198|104.634304047|29.1788291931|6957|-69.0|174.5|-5|0|4206
06:28:16|376|1868|AMU198|104.631900787|29.1844940186|6934|-69.0|174.5|-5|0|4206
06:28:20|376|1868|AMU198|104.628982544|29.1908454895|6919|-68.0|171.25|-5|0|4206
06:28:24|376|1868|AMU198|104.626235962|29.1970252991|6904|-67.5|170.75|-5|0|4206
06:28:28|376|1868|AMU198|104.623661041|29.2030334473|6888|-66.5|169.75|-5|0|4206
06:28:32|376|1868|AMU198|104.621257782|29.2086982727|6866|-67.0|170.25|-5|0|4206
06:28:36|376|1868|AMU198|104.618682861|29.2143630981|6843|-66.0|168.25|-5|0|4206
06:28:40|376|1868|AMU198|104.615764618|29.2208862305|6828|-66.0|168.25|-5|0|4206
06:28:44|376|1868|AMU198|104.613018036|29.2275810242|6805|-65.5|167.25|-5|0|4206
06:28:48|376|1868|AMU198|104.610271454|29.2335891724|6782|-65.5|166.75|-5|0|4206
06:28:52|376|1868|AMU198|104.607696533|29.2394256592|6759|-65.5|166.75|-5|0|4206
06:28:56|376|1868|AMU198|104.605121613|29.2454338074|6744|-65.0|166.75|-5|0|4206
06:29:00|376|1868|AMU198|104.602546692|29.2514419556|6721|-65.5|166.75|-5|0|4206
06:29:04|376|1868|AMU198|104.599971771|29.2574501038|6706|-65.5|167.25|-5|0|4206
06:29:08|376|1868|AMU198|104.597568512|29.2631149292|6675|-65.0|166.75|-5|0|4206
06:29:12|376|1868|AMU198|104.59482193|29.2692947388|6652|-65.0|166.75|-5|0|4206
06:29:16|376|1868|AMU198|104.592247009|29.275302887|6629|-65.0|166.5|-6|0|4206
06:29:20|376|1868|AMU198|104.589672089|29.2813110352|6607|-65.0|166.75|-5|0|4206
06:29:24|376|1868|AMU198|104.586925507|29.2873191833|6591|-65.0|166.75|-5|0|4206
06:29:28|376|1868|AMU198|104.584178925|29.2936706543|6568|-65.0|166.75|-5|0|4206
06:29:32|376|1868|AMU198|104.581432343|29.3000221252|6546|-65.0|167.25|-5|0|4206
06:29:36|376|1868|AMU198|104.579200745|29.3051719666|6523|-65.0|166.75|-5|0|4206
06:29:40|376|1868|AMU198|104.576454163|29.3113517761|6500|-65.0|166.75|-5|0|4206
06:29:44|376|1868|AMU198|104.573879242|29.3171882629|6485|-65.5|167.25|-5|0|4206
06:29:48|376|1868|AMU198|104.57113266|29.3231964111|6462|-65.5|167.25|-5|0|4206
06:29:52|376|1868|AMU198|104.568557739|29.3292045593|6439|-65.5|167.25|-5|0|4206
06:29:56|376|1868|AMU198|104.565811157|29.3357276917|6424|-65.5|167.75|-5|0|4206
06:30:00|376|1868|AMU198|104.563236237|29.3413925171|6408|-65.5|167.75|-5|0|4206
06:30:04|376|1868|AMU198|104.560317993|29.3480873108|6386|-65.5|167.75|-5|0|4206
06:30:08|376|1868|AMU198|104.557743073|29.3539237976|6370|-65.5|167.75|-5|0|4206
06:30:12|376|1868|AMU198|104.554824829|29.3602752686|6340|-65.5|167.75|-5|0|4206
06:30:16|376|1868|AMU198|104.552249908|29.3662834167|6332|-66.0|167.75|-5|0|4206
06:30:20|376|1868|AMU198|104.549503326|29.3722915649|6309|-65.5|167.75|-5|0|4206
06:30:24|376|1868|AMU198|104.547100067|29.3781280518|6287|-65.5|167.75|-5|0|4206
06:30:28|376|1868|AMU198|104.544525146|29.3841362|6271|-65.5|167.75|-5|0|4206
06:30:32|376|1868|AMU198|104.541606903|29.3904876709|6248|-65.5|167.25|-5|0|4206
06:30:36|376|1868|AMU198|104.539031982|29.3963241577|6226|-65.5|167.25|-5|0|4206
06:30:40|376|1868|AMU198|104.536457062|29.4019889832|6210|-65.5|167.25|-5|0|4206
06:30:44|376|1868|AMU198|104.533538818|29.4086837769|6187|-65.5|167.25|-5|0|4206
06:30:48|376|1868|AMU198|104.530792236|29.414691925|6165|-65.5|167.25|-5|0|4206
06:30:52|376|1868|AMU198|104.528560638|29.4200134277|6149|-65.5|167.25|-5|0|4206
06:30:56|376|1868|AMU198|104.525299072|29.4268798828|6126|-66.0|167.25|-5|0|4206
06:31:00|376|1868|AMU198|104.52255249|29.4330596924|6104|-66.0|167.25|-5|0|4206
06:31:04|376|1868|AMU198|104.51997757|29.4390678406|6073|-66.0|167.25|-5|0|4206
06:31:08|376|1868|AMU198|104.517402649|29.4450759888|6058|-66.0|167.75|-5|0|4206
06:31:12|376|1868|AMU198|104.514827728|29.4507408142|6035|-66.0|167.75|-6|0|4206
06:31:16|376|1868|AMU198|104.512081146|29.4570922852|6012|-66.0|167.75|-5|0|4206
06:31:20|376|1868|AMU198|104.509506226|29.462928772|5997|-66.0|167.75|-5|0|4206
06:31:24|376|1868|AMU198|104.506587982|29.4692802429|5974|-66.0|167.75|-5|0|4206
06:31:28|376|1868|AMU198|104.504013062|29.4751167297|5959|-66.0|167.75|-5|0|4206
06:31:32|376|1868|AMU198|104.501438141|29.4812965393|5936|-65.5|167.75|-5|0|4206
06:31:36|376|1868|AMU198|104.49886322|29.4873046875|5921|-65.5|167.75|-5|0|4206
06:31:40|376|1868|AMU198|104.496116638|29.4933128357|5898|-65.5|167.75|-5|0|4206
06:31:44|376|1868|AMU198|104.493541718|29.4991493225|5883|-65.5|167.75|-5|0|4206
06:31:48|376|1868|AMU198|104.490966797|29.5049858093|5860|-65.5|167.25|-5|0|4206
06:31:52|376|1868|AMU198|104.488391876|29.5109939575|5837|-65.5|167.25|-5|0|4206
06:31:56|376|1868|AMU198|104.485816956|29.5170021057|5822|-65.5|167.25|-5|0|4206
06:32:00|376|1868|AMU198|104.482555389|29.5240402222|5799|-65.5|166.75|-5|0|4206
06:32:04|376|1868|AMU198|104.480323792|29.5290184021|5776|-65.5|166.75|-5|0|4206
06:32:08|376|1868|AMU198|104.477748871|29.5348548889|5761|-65.5|166.5|-5|0|4206
06:32:12|376|1868|AMU198|104.474658966|29.541721344|5745|-65.5|166.0|-5|0|4206
06:32:16|376|1868|AMU198|104.472255707|29.5472145081|5723|-65.0|165.5|-5|0|4206
06:32:20|376|1868|AMU198|104.469680786|29.5530509949|5700|-65.0|165.0|-5|0|4206
06:32:24|376|1868|AMU198|104.466934204|29.5588874817|5685|-65.0|164.5|-5|0|4206
06:32:28|376|1868|AMU198|104.464359283|29.5645523071|5662|-64.75|163.5|-5|0|4206
06:32:32|376|1868|AMU198|104.462127686|29.5698738098|5654|-64.75|163.5|-5|0|4206
06:32:36|376|1868|AMU198|104.459209442|29.5762252808|5631|-64.25|163.0|-5|0|4206
06:32:40|376|1868|AMU198|104.456806183|29.5818901062|5608|-64.25|163.5|-5|0|4206
06:32:44|376|1868|AMU198|104.454574585|29.5872116089|5578|-63.75|163.0|-5|0|4206
06:32:48|376|1868|AMU198|104.451999664|29.5928764343|5563|-63.25|161.5|-5|0|4206
06:32:52|376|1868|AMU198|104.449253082|29.5993995667|5540|-63.25|162.0|-5|0|4206
06:32:56|376|1868|AMU198|104.446678162|29.6052360535|5517|-63.25|162.5|-5|0|4206
06:33:00|376|1868|AMU198|104.444103241|29.6109008789|5502|-63.25|162.0|-5|0|4206
06:33:04|376|1868|AMU198|104.44152832|29.6169090271|5479|-63.25|162.0|-5|0|4206
06:33:08|376|1868|AMU198|104.4389534|29.6227455139|5471|-63.25|162.0|-5|0|4206
06:33:12|376|1868|AMU198|104.436378479|29.6285820007|5433|-63.25|162.0|-6|0|4206
06:33:16|376|1868|AMU198|104.434146881|29.6339035034|5418|-63.25|162.0|-6|0|4206
06:33:20|376|1868|AMU198|104.431228638|29.6402549744|5403|-63.25|162.0|-5|0|4206
06:33:24|376|1868|AMU198|104.428653717|29.6460914612|5380|-63.25|162.0|-5|0|4206
06:33:28|376|1868|AMU198|104.426078796|29.651927948|5357|-63.25|162.0|-5|0|4206
06:33:32|376|1868|AMU198|104.423503876|29.6577644348|5342|-63.25|161.5|-5|0|4206
06:33:36|376|1868|AMU198|104.421100616|29.6636009216|5319|-62.25|161.5|-5|0|4206
06:33:40|376|1868|AMU198|104.418869019|29.6689224243|5296|-62.75|161.5|-5|0|4206
06:33:44|376|1868|AMU198|104.415607452|29.6757888794|5281|-63.25|161.5|-5|0|4206
06:33:48|376|1868|AMU198|104.413547516|29.6805953979|5258|-63.25|161.5|-5|0|4206
06:33:52|376|1868|AMU198|104.41028595|29.6878051758|5243|-63.25|161.5|-5|0|4206
06:33:56|376|1868|AMU198|104.408226013|29.6922683716|5220|-63.75|161.5|-5|0|4206
06:34:00|376|1868|AMU198|104.405651093|29.6981048584|5197|-63.25|161.5|-5|0|4206
06:34:04|376|1868|AMU198|104.402561188|29.7051429749|5182|-63.25|161.5|-5|0|4206
06:34:08|376|1868|AMU198|104.400501251|29.709777832|5159|-63.75|161.5|-5|0|4206
06:34:12|376|1868|AMU198|104.397754669|29.7154426575|5136|-63.75|161.0|-5|0|4206
06:34:16|376|1868|AMU198|104.395179749|29.7212791443|5113|-63.75|161.0|-5|0|4206
06:34:20|376|1868|AMU198|104.392776489|29.7269439697|5090|-63.75|160.5|-5|0|4206
06:34:24|376|1868|AMU198|104.390029907|29.7327804565|5067|-63.25|160.5|-5|0|4206
06:34:28|376|1868|AMU198|104.387626648|29.7386169434|5052|-63.25|160.5|-5|0|4206
06:34:32|376|1868|AMU198|104.385051727|29.7442817688|5029|-63.25|160.5|-5|0|4206
06:34:36|376|1868|AMU198|104.382476807|29.7501182556|5014|-63.25|160.5|-5|0|4206
06:34:40|376|1868|AMU198|104.379901886|29.7557830811|4991|-63.25|160.5|-5|0|2956
06:34:44|376|1868|AMU198|104.37664032|29.7628211975|4968|-63.25|160.5|-5|0|2987
06:34:48|376|1868|AMU198|104.374580383|29.7674560547|4953|-63.25|160.5|-5|0|2987
06:34:52|376|1868|AMU198|104.371833801|29.773979187|4930|-63.25|160.5|-5|0|2987
06:34:56|376|1868|AMU198|104.369430542|29.7789573669|4907|-63.25|160.5|-5|0|2987
06:35:00|376|1868|AMU198|104.36668396|29.7854804993|4884|-63.25|160.5|-5|0|2987
06:35:04|376|1868|AMU198|104.364109039|29.7913169861|4869|-62.75|160.5|-5|0|2987
06:35:08|376|1868|AMU198|104.361877441|29.7964668274|4846|-63.25|160.5|-6|0|2987
06:35:12|376|1868|AMU198|104.359130859|29.8023033142|4816|-63.25|160.5|-6|0|2987
06:35:16|376|1868|AMU198|104.356555939|29.808139801|4785|-63.25|160.5|-6|0|2987
06:35:20|376|1868|AMU198|104.353981018|29.8138046265|4778|-63.25|160.5|-5|0|2987
06:35:24|376|1868|AMU198|104.351062775|29.8206710815|4755|-63.25|160.5|-5|0|2987
06:35:28|376|1868|AMU198|104.348487854|29.826335907|4732|-62.75|160.0|-5|0|2987
06:35:32|376|1868|AMU198|104.345912933|29.8320007324|4709|-62.75|160.0|-5|0|2987
06:35:36|376|1868|AMU198|104.343681335|29.8373222351|4694|-62.75|160.0|-5|0|2987
06:35:40|376|1868|AMU198|104.340934753|29.8435020447|4679|-62.75|160.0|-5|0|2987
06:35:44|376|1868|AMU198|104.338359833|29.8493385315|4656|-62.75|160.0|-5|0|2987
06:35:48|376|1868|AMU198|104.336128235|29.8543167114|4618|-62.75|160.0|-6|0|2987
06:35:52|376|1868|AMU198|104.333381653|29.8606681824|4595|-62.75|160.0|-7|0|2987
06:35:56|376|1868|AMU198|104.331150055|29.8656463623|4549|-62.25|160.0|-8|0|2987
06:36:00|376|1868|AMU198|104.328231812|29.8719978333|4519|-62.75|160.0|-9|0|2987
06:36:04|376|1868|AMU198|104.325828552|29.8776626587|4473|-62.25|159.75|-9|0|2987
06:36:08|376|1868|AMU198|104.323425293|29.8829841614|4442|-62.25|159.75|-9|0|2987
06:36:12|376|1868|AMU198|104.320850372|29.8888206482|4420|-62.25|159.75|-9|0|2987
06:36:16|376|1868|AMU198|104.318275452|29.8948287964|4389|-62.25|159.75|-8|0|2987
06:36:20|376|1868|AMU198|104.315700531|29.9004936218|4359|-62.25|159.75|-8|0|2987
06:36:24|376|1868|AMU198|104.312953949|29.9068450928|4321|-62.25|159.75|-8|0|2987
06:36:28|376|1868|AMU198|104.310722351|29.9116516113|4282|-62.25|159.25|-8|0|2987
06:36:32|376|1868|AMU198|104.307975769|29.9173164368|4244|-63.25|158.75|-9|0|2987
06:36:36|376|1868|AMU198|104.305057526|29.9228096008|4206|-64.75|158.25|-9|0|2987
06:36:40|376|1868|AMU198|104.301280975|29.9279594421|4161|-75.75|152.5|-9|0|2987
06:36:44|376|1868|AMU198|104.294242859|29.9317359924|4130|-116.75|121.5|-8|0|2987
06:36:48|376|1868|AMU198|104.287891388|29.9360275269|4107|-130.75|105.5|-8|0|2987
06:36:52|376|1868|AMU198|104.283084869|29.9384307861|4077|-142.75|87.75|-8|0|2987
06:36:56|376|1868|AMU198|104.277935028|29.9418640137|4061|-142.75|87.25|-7|0|2987
06:37:00|376|1868|AMU198|104.271755219|29.9447822571|4039|-148.0|77.75|-6|0|2987
06:37:04|376|1868|AMU198|104.264888763|29.9477005005|4016|-151.0|71.75|-6|0|2987
06:37:08|376|1868|AMU198|104.259223938|29.9506187439|3993|-149.0|75.75|-7|0|2987
06:37:12|376|1868|AMU198|104.253044128|29.9535369873|3962|-148.5|74.25|-7|0|2987
06:37:16|376|1868|AMU198|104.247379303|29.9564552307|3924|-146.25|76.75|-7|0|2987
06:37:20|376|1868|AMU198|104.241542816|29.9592018127|3901|-145.25|75.75|-8|0|2987
06:37:24|376|1868|AMU198|104.235191345|29.9622917175|3848|-144.25|76.25|-8|0|2987
06:37:28|376|1868|AMU198|104.231071472|29.9648666382|3810|-142.25|79.0|-9|0|2987
06:37:32|376|1868|AMU198|104.224720001|29.967956543|3772|-141.75|79.0|-10|0|2987
06:37:36|376|1868|AMU198|104.218540192|29.9708747864|3719|-141.75|78.25|-10|0|2987
06:37:40|376|1868|AMU198|104.212703705|29.9737930298|3696|-141.25|78.25|-11|0|2987
06:37:44|376|1868|AMU198|104.206695557|29.9768829346|3635|-141.25|78.5|-13|0|2987
06:37:48|376|1868|AMU198|104.201717377|29.9794578552|3589|-140.75|78.5|-13|0|2987
06:37:52|376|1868|AMU198|104.196052551|29.9823760986|3551|-139.75|79.5|-11|0|2987
06:37:56|376|1868|AMU198|104.18970108|29.9854660034|3604|-140.75|79.5|-10|0|2987
06:38:00|376|1868|AMU198|104.184894562|29.9878692627|3566|-140.75|79.5|-7|0|2987
06:38:04|376|1868|AMU198|104.177513123|29.9914741516|3566|-141.25|79.5|-5|0|2987
06:38:08|376|1868|AMU198|104.173049927|29.9937057495|3551|-141.25|80.0|-4|0|2987
06:38:12|376|1868|AMU198|104.167385101|29.9966239929|3543|-140.75|80.0|-3|0|2987
06:38:16|376|1868|AMU198|104.160003662|30.0002288818|3528|-140.75|80.0|-3|0|2987
06:38:20|376|1868|AMU198|104.155368805|30.0026321411|3520|-140.75|80.0|-3|0|2987
06:38:24|376|1868|AMU198|104.148845673|30.0058937073|3505|-140.25|80.0|-3|0|2987
06:38:28|376|1868|AMU198|104.14352417|30.0084686279|3490|-140.25|79.5|-3|0|2987
06:38:32|376|1868|AMU198|104.138031006|30.01121521|3482|-139.75|79.0|-3|0|2987
06:38:36|376|1868|AMU198|104.13236618|30.013961792|3467|-139.5|78.5|-3|0|2987
06:38:40|376|1868|AMU198|104.127044678|30.016708374|3452|-139.0|78.5|-3|0|2987
06:38:44|376|1868|AMU198|104.121723175|30.0192832947|3444|-137.5|77.75|-3|0|2987
06:38:48|376|1868|AMU198|104.116744995|30.0218582153|3421|-136.0|77.25|-3|0|2987
06:38:52|376|1868|AMU198|104.111766815|30.0246047974|3414|-133.5|75.75|-3|0|2987
06:38:56|376|1868|AMU198|104.106788635|30.0270080566|3399|-132.25|75.25|-3|0|2987
06:39:00|376|1868|AMU198|104.101810455|30.0295829773|3383|-130.25|74.25|-3|0|2987
06:39:04|376|1868|AMU198|104.096317291|30.0325012207|3376|-126.75|72.75|-3|0|2987
06:39:08|376|1868|AMU198|104.091854095|30.0347328186|3360|-126.25|72.25|-3|0|2987
06:39:12|376|1868|AMU198|104.085502625|30.0379943848|3345|-126.0|72.25|-3|0|2987
06:39:16|376|1868|AMU198|104.080696106|30.040397644|3338|-126.0|72.25|-3|0|2987
06:39:20|376|1868|AMU198|104.075546265|30.0429725647|3322|-125.0|71.75|-3|0|2987
06:39:24|376|1868|AMU198|104.070568085|30.0455474854|3315|-124.0|71.5|-3|0|2987
06:39:28|376|1868|AMU198|104.065761566|30.0479507446|3299|-123.0|71.0|-3|0|2987
06:39:32|376|1868|AMU198|104.060783386|30.0505256653|3284|-122.5|70.5|-3|0|2987
06:39:36|376|1868|AMU198|104.055976868|30.0529289246|3277|-121.5|70.0|-3|0|2987
06:39:40|376|1868|AMU198|104.051170349|30.0555038452|3261|-120.5|70.0|-3|0|2987
06:39:44|376|1868|AMU198|104.048595428|30.0582504272|3246|-112.75|72.25|-4|0|2987
06:39:48|376|1868|AMU198|104.045505524|30.0625419617|3231|-86.25|99.75|-4|0|2987
06:39:52|376|1868|AMU198|104.042930603|30.0664901733|3208|-68.5|112.75|-4|0|2987
06:39:56|376|1868|AMU198|104.040699005|30.0707817078|3193|-52.0|122.0|-4|0|2987
06:40:00|376|1868|AMU198|104.03881073|30.0752449036|3178|-42.5|126.75|-4|0|2987
06:40:04|376|1868|AMU198|104.0376091|30.0802230835|3162|-27.0|131.25|-4|0|2987
06:40:08|376|1868|AMU198|104.037437439|30.0850296021|3147|-9.75|132.75|-4|0|2987
06:40:12|376|1868|AMU198|104.039154053|30.0896644592|3132|23.75|128.75|-4|0|2987
06:40:16|376|1868|AMU198|104.041042328|30.094127655|3117|39.0|123.5|-4|0|2987
06:40:20|376|1868|AMU198|104.043445587|30.0980758667|3109|57.5|114.75|-3|0|2987
06:40:24|376|1868|AMU198|104.045848846|30.101852417|3094|66.0|108.5|-3|0|2987
06:40:28|376|1868|AMU198|104.048080444|30.1052856445|3086|70.0|105.5|-3|0|2987
06:40:32|376|1868|AMU198|104.049797058|30.1097488403|3086|63.25|106.5|-2|0|2987
06:40:36|376|1868|AMU198|104.051513672|30.1131820679|3071|60.75|107.0|-3|0|2987
06:40:40|376|1868|AMU198|104.052715302|30.1171302795|3063|52.0|110.0|-3|0|2987
06:40:44|376|1868|AMU198|104.054775238|30.1215934753|3048|50.75|109.0|-3|0|2987
06:40:48|376|1868|AMU198|104.055976868|30.1250267029|3033|47.25|109.0|-3|0|2987
06:40:52|376|1868|AMU198|104.058036804|30.1291465759|3018|47.25|108.0|-3|0|2987
06:40:56|376|1868|AMU198|104.059753418|30.1329231262|3002|46.75|107.5|-4|0|2987
06:41:00|376|1868|AMU198|104.06129837|30.1363563538|2995|45.75|106.5|-3|0|2987
06:41:04|376|1868|AMU198|104.063014984|30.1399612427|2995|45.25|105.5|-2|0|2987
06:41:08|376|1868|AMU198|104.064731598|30.1439094543|2995|45.25|105.25|-2|0|2987
06:41:12|376|1868|AMU198|104.066619873|30.1476860046|2979|44.25|104.75|-2|0|2987
06:41:16|376|1868|AMU198|104.068336487|30.1512908936|2987|44.25|104.25|0|0|2987
06:41:20|376|1868|AMU198|104.069881439|30.1550674438|2987|44.0|104.25|0|0|2987
06:41:24|376|1868|AMU198|104.071598053|30.1586723328|2987|43.5|103.25|0|0|2987
06:41:28|376|1868|AMU198|104.073314667|30.1624488831|2987|43.0|103.75|0|0|2987
06:41:32|376|1868|AMU198|104.075031281|30.1658821106|2987|42.5|103.25|0|0|2987
06:41:36|376|1868|AMU198|104.076576233|30.1696586609|2987|42.0|102.75|0|0|2987
06:41:40|376|1868|AMU198|104.078292847|30.1732635498|2987|42.0|102.75|0|0|2987
06:41:44|376|1868|AMU198|104.079837799|30.1770401001|2987|41.5|102.75|0|0|2804
06:41:48|376|1868|AMU198|104.08121109|30.1804733276|2987|40.5|102.75|0|0|2712
06:41:52|376|1868|AMU198|104.082927704|30.1840782166|2987|40.5|102.25|0|0|2712
06:41:56|376|1868|AMU198|104.084300995|30.1873397827|2987|40.5|102.25|0|0|2712
06:42:00|376|1868|AMU198|104.086017609|30.1912879944|2987|40.5|102.25|0|0|2712
06:42:04|376|1868|AMU198|104.087905884|30.1952362061|2972|40.5|102.25|0|0|2712
06:42:08|376|1868|AMU198|104.089794159|30.1990127563|2949|40.5|101.75|-3|0|2712
06:42:12|376|1868|AMU198|104.091339111|30.2027893066|2926|40.0|101.75|-4|0|2712
06:42:16|376|1868|AMU198|104.092712402|30.2058792114|2896|40.0|101.75|-5|0|2712
06:42:20|376|1868|AMU198|104.094600677|30.2099990845|2873|40.0|101.75|-6|0|2712
06:42:24|376|1868|AMU198|104.095802307|30.2129173279|2850|40.0|101.25|-6|0|2712
06:42:28|376|1868|AMU198|104.097690582|30.2168655396|2835|40.0|100.75|-5|0|2712
06:42:32|376|1868|AMU198|104.099235535|30.2202987671|2819|40.0|100.75|-5|0|2712
06:42:36|376|1868|AMU198|104.100608826|30.2235603333|2797|39.5|100.75|-4|0|2712
06:42:40|376|1868|AMU198|104.102668762|30.2269935608|2781|40.5|99.75|-5|0|2712
06:42:44|376|1868|AMU198|104.104213715|30.2304267883|2758|40.5|99.75|-5|0|2712
06:42:48|376|1868|AMU198|104.105930328|30.2345466614|2736|40.0|100.25|-5|0|2712
06:42:52|376|1868|AMU198|104.107303619|30.2383232117|2720|36.75|100.75|-5|0|2712
06:42:56|376|1868|AMU198|104.106960297|30.242099762|2713|16.5|106.0|-3|0|2712
06:43:00|376|1868|AMU198|104.104213715|30.2465629578|2713|-28.0|102.75|-2|0|2712
06:43:04|376|1868|AMU198|104.102668762|30.2501678467|2720|-35.75|100.75|0|0|2712
06:43:08|376|1868|AMU198|104.100437164|30.2532577515|2720|-55.0|92.5|0|0|2712
06:43:12|376|1868|AMU198|104.097690582|30.2568626404|2720|-64.25|87.25|0|0|2712
06:43:16|376|1868|AMU198|104.094429016|30.2596092224|2720|-75.25|79.0|0|0|2133
06:43:20|376|1868|AMU198|104.090480804|30.2618408203|2713|-86.75|65.5|0|0|2103
06:43:24|376|1868|AMU198|104.086532593|30.2632141113|2713|-98.0|47.75|0|0|2103
06:43:28|376|1868|AMU198|104.081897736|30.2647590637|2713|-103.25|38.0|0|0|2103
06:43:32|376|1868|AMU198|104.078121185|30.2661323547|2713|-106.0|35.25|0|0|2103
06:43:36|376|1868|AMU198|104.073314667|30.2680206299|2682|-105.5|39.0|-2|0|2103
06:43:40|376|1868|AMU198|104.069023132|30.2693939209|2675|-103.25|39.0|-3|0|2103
06:43:44|376|1868|AMU198|104.064731598|30.2709388733|2659|-102.75|39.5|-3|0|2103
06:43:48|376|1868|AMU198|104.060440063|30.2724838257|2652|-102.75|40.0|-3|0|2103
06:43:52|376|1868|AMU198|104.056663513|30.2738571167|2644|-103.25|40.5|-3|0|2103
06:43:56|376|1868|AMU198|104.052200317|30.2752304077|2629|-103.75|41.0|-2|0|2103
06:44:00|376|1868|AMU198|104.047222137|30.2769470215|2621|-104.25|41.0|-3|0|2103
06:44:04|376|1868|AMU198|104.043273926|30.2783203125|2606|-104.75|41.0|-3|0|2103
06:44:08|376|1868|AMU198|104.038639069|30.2800369263|2598|-104.25|41.5|-2|0|2103
06:44:12|376|1868|AMU198|104.034862518|30.2812385559|2591|-104.75|41.5|-3|0|2103
06:44:16|376|1868|AMU198|104.030056|30.2829551697|2583|-104.25|41.5|-2|0|2103
06:44:20|376|1868|AMU198|104.025592804|30.2845001221|2568|-104.25|41.0|-2|0|2103
06:44:24|376|1868|AMU198|104.021472931|30.2860450745|2560|-103.25|41.0|-3|0|2103
06:44:28|376|1868|AMU198|104.017524719|30.2874183655|2553|-103.25|41.0|-2|0|2103
06:44:32|376|1868|AMU198|104.013748169|30.2886199951|2537|-103.25|41.0|-3|0|2103
06:44:36|376|1868|AMU198|104.009456635|30.2901649475|2530|-103.25|41.0|-3|0|2103
06:44:40|376|1868|AMU198|104.004993439|30.2917098999|2522|-103.25|41.0|-3|0|2103
06:44:44|376|1868|AMU198|104.001045227|30.2930831909|2515|-102.75|41.5|-2|0|2103
06:44:48|376|1868|AMU198|103.996753693|30.2947998047|2499|-101.75|41.0|-3|0|2103
06:44:52|376|1868|AMU198|103.992977142|30.2961730957|2484|-102.25|41.5|-3|0|2103
06:44:56|376|1868|AMU198|103.98765564|30.2980613708|2477|-102.25|41.5|-2|0|2103
06:45:00|376|1868|AMU198|103.984394073|30.2990913391|2469|-102.25|41.0|-3|0|2103
06:45:04|376|1868|AMU198|103.979587555|30.2990913391|2446|-105.25|17.75|-3|0|2103
06:45:08|376|1868|AMU198|103.975124359|30.2989196777|2431|-105.5|-5.75|-3|0|2103
06:45:12|376|1868|AMU198|103.97151947|30.298576355|2423|-105.5|-14.5|-3|0|2103
06:45:16|376|1868|AMU198|103.967399597|30.2978897095|2416|-101.75|-23.75|-3|0|2103
06:45:20|376|1868|AMU198|103.963108063|30.2960014343|2408|-91.25|-48.25|-3|0|2103
06:45:24|376|1868|AMU198|103.959846497|30.2942848206|2393|-85.75|-59.25|-3|0|2103
06:45:28|376|1868|AMU198|103.956413269|30.2915382385|2385|-75.25|-73.25|-3|0|2103
06:45:32|376|1868|AMU198|103.953323364|30.2882766724|2377|-60.25|-86.25|-2|0|2103
06:45:36|376|1868|AMU198|103.950748444|30.285358429|2370|-60.75|-84.5|-2|0|2103
06:45:40|376|1868|AMU198|103.948688507|30.2819252014|2362|-46.25|-93.5|-2|0|2103
06:45:44|376|1868|AMU198|103.948001862|30.2778053284|2355|-25.5|-102.75|-2|0|2103
06:45:48|376|1868|AMU198|103.946800232|30.2752304077|2347|-23.75|-103.25|-2|0|2103
06:45:52|376|1868|AMU198|103.945083618|30.2714538574|2332|-32.25|-100.25|-3|0|2103
06:45:56|376|1868|AMU198|103.943367004|30.2678489685|2324|-36.25|-99.25|-2|0|2103
06:46:00|376|1868|AMU198|103.941822052|30.2645874023|2316|-36.75|-99.25|-2|0|2103
06:46:04|376|1868|AMU198|103.940105438|30.2609825134|2309|-38.0|-98.75|-3|0|1828
06:46:08|376|1868|AMU198|103.938388824|30.2573776245|2301|-38.0|-98.75|-3|0|1798
06:46:12|376|1868|AMU198|103.936843872|30.2537727356|2294|-38.5|-98.75|-2|0|1798
06:46:16|376|1868|AMU198|103.935127258|30.2503395081|2278|-38.5|-98.5|-3|0|1798
06:46:20|376|1868|AMU198|103.933410645|30.2467346191|2263|-38.5|-98.0|-3|0|1798
06:46:24|376|1868|AMU198|103.931865692|30.2433013916|2256|-39.0|-98.0|-3|0|1798
06:46:28|376|1868|AMU198|103.929805756|30.2395248413|2233|-40.5|-97.0|-4|0|1798
06:46:32|376|1868|AMU198|103.926200867|30.2376365662|2210|-69.5|-75.25|-4|0|1798
06:46:36|376|1868|AMU198|103.922424316|30.2354049683|2187|-86.75|-54.0|-5|0|1798
06:46:40|376|1868|AMU198|103.918476105|30.2338600159|2172|-96.5|-35.75|-5|0|1798
06:46:44|376|1868|AMU198|103.914012909|30.2326583862|2149|-102.75|-17.0|-5|0|1798
06:46:48|376|1868|AMU198|103.910579681|30.2321434021|2134|-103.75|-12.5|-5|0|1798
06:46:52|376|1868|AMU198|103.906116486|30.2321434021|2118|-105.5|2.5|-5|0|1798
06:46:56|376|1868|AMU198|103.900966644|30.2318000793|2096|-104.75|4.25|-5|0|1798
06:47:00|376|1868|AMU198|103.897018433|30.2338600159|2080|-93.0|44.75|-4|0|1219
06:47:04|376|1868|AMU198|103.893241882|30.2348899841|2065|-94.0|44.25|-4|0|1188
06:47:08|376|1868|AMU198|103.890151978|30.235748291|2050|-94.0|41.0|-4|0|1188
06:47:12|376|1868|AMU198|103.885002136|30.2364349365|2035|-98.5|29.5|-4|0|1188
06:47:16|376|1868|AMU198|103.881568909|30.2366065979|2019|-98.75|24.0|-4|0|1188
06:47:20|376|1868|AMU198|103.87676239|30.2388381958|1989|-97.5|33.25|-5|0|1188
06:47:24|376|1868|AMU198|103.872814178|30.2398681641|1981|-98.0|31.75|-5|0|1188
06:47:28|376|1868|AMU198|103.868522644|30.2408981323|1958|-98.75|30.5|-5|0|1188
06:47:32|376|1868|AMU198|103.86423111|30.2417564392|1935|-99.75|30.0|-5|0|1188
06:47:36|376|1868|AMU198|103.859939575|30.2433013916|1928|-99.75|31.75|-4|0|1188
06:47:40|376|1868|AMU198|103.856334686|30.2443313599|1905|-98.75|31.75|-5|0|1188
06:47:44|376|1868|AMU198|103.852043152|30.2457046509|1890|-98.5|32.75|-5|0|1188
06:47:48|376|1868|AMU198|103.848438263|30.247592926|1867|-95.0|41.0|-5|0|1188
06:47:52|376|1868|AMU198|103.845005035|30.2498245239|1852|-88.25|54.0|-5|0|1188
06:47:56|376|1868|AMU198|103.842773438|30.2534294128|1829|-69.0|76.25|-5|0|1188
06:48:00|376|1868|AMU198|103.841743469|30.2570343018|1814|-41.0|94.0|-5|0|1188
06:48:04|376|1868|AMU198|103.840713501|30.2611541748|1798|-24.0|100.75|-4|0|1188
06:48:08|376|1868|AMU198|103.839855194|30.2647590637|1775|-13.5|102.75|-4|0|1188
06:48:12|376|1868|AMU198|103.838825226|30.2680206299|1768|-18.25|100.75|-4|0|1188
06:48:16|376|1868|AMU198|103.837623596|30.2719688416|1745|-21.25|100.25|-4|0|1188
06:48:20|376|1868|AMU198|103.836593628|30.2757453918|1737|-21.75|100.75|-3|0|1188
06:48:24|376|1868|AMU198|103.835906982|30.279006958|1722|-21.25|101.25|-3|0|1188
06:48:28|376|1868|AMU198|103.834877014|30.2829551697|1715|-21.75|100.75|-3|0|1188
06:48:32|376|1868|AMU198|103.834018707|30.2863883972|1692|-21.25|100.25|-4|0|1188
06:48:36|376|1868|AMU198|103.833503723|30.2901649475|1676|-19.25|100.75|-4|0|1188
06:48:40|376|1868|AMU198|103.833332062|30.293598175|1654|-16.0|100.25|-5|0|1188
06:48:44|376|1868|AMU198|103.835391998|30.2968597412|1631|13.5|97.0|-5|0|1188
06:48:48|376|1868|AMU198|103.836250305|30.2996063232|1615|22.75|96.0|-4|0|1188
06:48:52|376|1868|AMU198|103.837451935|30.3030395508|1600|30.75|94.0|-4|0|1188
06:48:56|376|1868|AMU198|103.838653564|30.3063011169|1593|33.75|92.5|-3|0|1188
06:49:00|376|1868|AMU198|103.840370178|30.3102493286|1585|34.75|91.75|-3|0|1188
06:49:04|376|1868|AMU198|103.841571808|30.313167572|1577|36.25|90.25|-3|0|1188
06:49:08|376|1868|AMU198|103.842601776|30.3157424927|1562|33.75|88.75|-3|0|1188
06:49:12|376|1868|AMU198|103.843975067|30.3196907043|1554|32.75|89.25|-3|0|1188
06:49:16|376|1868|AMU198|103.845176697|30.322265625|1539|32.75|88.25|-3|0|1188
06:49:20|376|1868|AMU198|103.846549988|30.3253555298|1532|33.25|87.25|-3|0|1188
06:49:24|376|1868|AMU198|103.847923279|30.3282737732|1516|33.25|86.25|-3|0|1188
06:49:28|376|1868|AMU198|103.84929657|30.3311920166|1509|33.25|86.25|-3|0|1188
06:49:32|376|1868|AMU198|103.850841522|30.3344535828|1494|33.25|85.25|-3|0|1188
06:49:36|376|1868|AMU198|103.852214813|30.3375434875|1486|33.25|85.25|-3|0|1188
06:49:40|376|1868|AMU198|103.853416443|30.3401184082|1478|32.75|85.25|-3|0|1188
06:49:44|376|1868|AMU198|103.854961395|30.3435516357|1471|32.75|85.0|-2|0|1188
06:49:48|376|1868|AMU198|103.856334686|30.3466415405|1455|32.75|85.0|-2|0|1188
06:49:52|376|1868|AMU198|103.857707977|30.3499031067|1448|32.75|85.0|-2|0|1188
06:49:56|376|1868|AMU198|103.858909607|30.3524780273|1440|33.25|85.0|-2|0|1188
06:50:00|376|1868|AMU198|103.860454559|30.3555679321|1433|33.25|85.0|-3|0|1188
06:50:04|376|1868|AMU198|103.861656189|30.3583145142|1425|33.25|84.5|-2|0|1188
06:50:08|376|1868|AMU198|103.863201141|30.3617477417|1417|33.25|84.5|-2|0|1188
06:50:12|376|1868|AMU198|103.864402771|30.3643226624|1410|33.25|84.5|-2|0|1188
06:50:16|376|1868|AMU198|103.866119385|30.3680992126|1394|33.25|84.5|-3|0|1188
06:50:20|376|1868|AMU198|103.867149353|30.3701591492|1387|33.25|84.0|-3|0|1188
06:50:24|376|1868|AMU198|103.868694305|30.3730773926|1372|33.75|83.5|-3|0|1188
06:50:28|376|1868|AMU198|103.870067596|30.3761672974|1356|33.75|83.5|-3|0|1188
06:50:32|376|1868|AMU198|103.87178421|30.3796005249|1356|33.75|83.5|-2|0|1188
06:50:36|376|1868|AMU198|103.87298584|30.3821754456|1341|33.75|83.5|-3|0|1188
06:50:40|376|1868|AMU198|103.874359131|30.3852653503|1334|33.75|83.5|-3|0|1188
06:50:44|376|1868|AMU198|103.876075745|30.3888702393|1326|33.75|83.5|-2|0|1188
06:50:48|376|1868|AMU198|103.877277374|30.3914451599|1311|33.75|83.5|-3|0|1188
06:50:52|376|1868|AMU198|103.878479004|30.3940200806|1303|33.75|83.5|-3|0|1188
06:50:56|376|1868|AMU198|103.879852295|30.3971099854|1295|33.75|83.5|-2|0|1493
06:51:00|376|1868|AMU198|103.881225586|30.4000282288|1280|33.75|83.0|-3|0|1493
06:51:04|376|1868|AMU198|103.8829422|30.4036331177|1265|33.75|83.0|-3|0|1493
06:51:08|376|1868|AMU198|103.883972168|30.4062080383|1242|33.25|83.0|-4|0|1493
06:51:12|376|1868|AMU198|103.88551712|30.4091262817|1227|33.75|83.0|-5|0|1493
06:51:16|376|1868|AMU198|103.886890411|30.4122161865|1204|33.75|83.0|-5|0|1493
06:51:20|376|1868|AMU198|103.888435364|30.4156494141|1181|33.75|83.0|-5|0|1493
06:51:24|376|1868|AMU198|103.889808655|30.4183959961|1166|33.75|83.0|-5|0|1493
06:51:28|376|1868|AMU198|103.891181946|30.4214859009|1151|33.25|83.0|-4|0|1493
06:51:32|376|1868|AMU198|103.892555237|30.4244041443|1135|33.25|83.0|-4|0|1493
06:51:36|376|1868|AMU198|103.893928528|30.4273223877|1113|33.25|83.0|-4|0|1493
06:51:40|376|1868|AMU198|103.895301819|30.4304122925|1090|33.25|83.0|-5|0|1493
06:51:44|376|1868|AMU198|103.89667511|30.4333305359|1074|33.25|83.0|-5|0|1493
06:51:48|376|1868|AMU198|103.89787674|30.4360771179|1052|33.25|83.0|-5|0|1493
06:51:52|376|1868|AMU198|103.899250031|30.4391670227|1029|33.25|83.0|-5|0|1493
06:51:56|376|1868|AMU198|103.900623322|30.4420852661|1013|33.25|83.0|-5|0|1493
06:52:00|376|1868|AMU198|103.902339935|30.4455184937|991|33.25|83.0|-5|0|1493
06:52:04|376|1868|AMU198|103.903369904|30.4479217529|968|33.25|82.5|-5|0|1493
06:52:08|376|1868|AMU198|103.904743195|30.4508399963|953|33.25|82.5|-5|0|1493
06:52:12|376|1868|AMU198|103.906116486|30.4537582397|930|33.25|82.5|-5|0|1493
06:52:16|376|1868|AMU198|103.907489777|30.4566764832|914|33.25|82.0|-4|0|1493
06:52:20|376|1868|AMU198|103.908863068|30.4594230652|892|32.75|82.0|-5|0|1493
06:52:24|376|1868|AMU198|103.910064697|30.4623413086|876|32.75|81.5|-4|0|1493
06:52:28|376|1868|AMU198|103.911437988|30.4650878906|861|32.25|80.5|-4|0|1493
06:52:32|376|1868|AMU198|103.912639618|30.4676628113|846|32.25|80.0|-4|0|1493
06:52:36|376|1868|AMU198|103.913841248|30.4704093933|831|31.75|79.5|-4|0|1493
06:52:40|376|1868|AMU198|103.915042877|30.472984314|823|31.25|78.25|-4|0|1493
06:52:44|376|1868|AMU198|103.916244507|30.4755592346|800|30.75|76.75|-4|0|1493
06:52:48|376|1868|AMU198|103.917274475|30.4779624939|785|30.0|74.75|-4|0|1493
06:52:52|376|1868|AMU198|103.918476105|30.4803657532|770|30.0|74.25|-4|0|1493
06:52:56|376|1868|AMU198|103.919677734|30.4831123352|762|29.5|73.75|-4|0|1493
06:53:00|376|1868|AMU198|103.920879364|30.4855155945|732|29.5|73.25|-5|0|1493
06:53:04|376|1868|AMU198|103.922080994|30.4880905151|716|29.5|72.75|-4|0|1493
06:53:08|376|1868|AMU198|103.923282623|30.4906654358|701|29.0|71.75|-4|0|1493
06:53:12|376|1868|AMU198|103.924484253|30.4930686951|693|29.0|71.5|-3|0|1493
06:53:16|376|1868|AMU198|103.925685883|30.4958152771|678|29.0|71.5|-3|0|1493
06:53:20|376|1868|AMU198|103.926887512|30.4985618591|663|28.5|71.0|-4|0|1493
06:53:24|376|1868|AMU198|103.928089142|30.500793457|648|29.0|71.75|-3|0|1493
06:53:28|376|1868|AMU198|103.929290771|30.5035400391|632|29.0|71.75|-4|0|1493
06:53:32|376|1868|AMU198|103.930492401|30.5061149597|617|29.0|71.75|-4|0|1493
06:53:36|376|1868|AMU198|103.931865692|30.5088615417|602|29.0|71.75|-4|0|1493
06:53:40|376|1868|AMU198|103.933067322|30.5116081238|579|29.5|72.25|-4|0|1493
06:53:44|376|1868|AMU198|103.934268951|30.5141830444|564|29.5|72.75|-4|0|1493
06:53:48|376|1868|AMU198|103.935470581|30.5165863037|549|29.5|72.25|-4|0|1493
06:53:52|376|1868|AMU198|103.936672211|30.5195045471|533|29.5|72.25|-4|0|1493
06:53:56|376|1868|AMU198|103.93787384|30.5219078064|518|29.0|71.75|-4|0|1493
06:54:00|376|1868|AMU198|103.93907547|30.5246543884|511|29.0|71.75|-4|0|0
06:54:04|376|1868|AMU198|103.940105438|30.526714325|503|29.0|71.5|-3|0|0
06:54:08|376|1868|AMU198|103.941307068|30.5292892456|503|29.0|71.5|-3|0|0
06:54:12|376|1868|AMU198|103.942508698|30.5318641663|503|29.0|71.5|-3|0|0
