17:00:04|696|349|ANA838|105.683841705|26.8135070801|11918|281.75|129.75|0|0|11917
17:00:08|696|349|ANA838|105.695343018|26.8181419373|11918|281.75|129.75|0|0|11917
17:00:12|696|349|ANA838|105.705299377|26.8220901489|11918|282.25|129.75|0|0|11917
17:00:16|696|349|ANA838|105.718517303|26.8272399902|11910|282.25|130.25|0|0|11917
17:00:20|696|349|ANA838|105.730190277|26.8318748474|11910|282.25|130.25|0|0|11917
17:00:24|696|349|ANA838|105.739974976|26.8358230591|11910|282.25|130.25|0|0|11917
17:00:28|696|349|ANA838|105.752334595|26.840801239|11910|281.75|129.75|0|0|11917
17:00:32|696|349|ANA838|105.762462616|26.8447494507|11910|281.75|129.75|0|0|11917
17:00:36|696|349|ANA838|105.776195526|26.8502426147|11918|281.75|129.75|0|0|11917
17:00:40|696|349|ANA838|105.785293579|26.8538475037|11918|281.75|129.75|0|0|11917
17:00:44|696|349|ANA838|105.797138214|26.8584823608|11918|281.75|129.75|0|0|11917
17:00:48|696|349|ANA838|105.809326172|26.8632888794|11918|281.75|129.25|0|0|11917
17:00:52|696|349|ANA838|105.8203125|26.8675804138|11910|281.75|129.25|0|0|11917
17:00:56|696|349|ANA838|105.831298828|26.8718719482|11918|281.25|129.25|0|0|11917
17:01:00|696|349|ANA838|105.84280014|26.8765068054|11918|281.25|129.25|0|0|11917
17:01:04|696|349|ANA838|105.854129791|26.8809700012|11918|281.25|129.25|0|0|11917
17:01:08|696|349|ANA838|105.865287781|26.885433197|11918|280.75|129.25|0|0|11917
17:01:12|696|349|ANA838|105.87644577|26.8898963928|11918|280.75|129.25|0|0|11917
17:01:16|696|349|ANA838|105.887947083|26.8943595886|11918|280.75|129.25|0|0|11917
17:01:20|696|349|ANA838|105.898761749|26.8984794617|11918|280.75|129.25|0|0|11917
17:01:24|696|349|ANA838|105.910778046|26.9032859802|11918|280.75|129.25|0|0|11917
17:01:28|696|349|ANA838|105.922622681|26.9080924988|11918|280.75|129.25|0|0|11917
17:01:32|696|349|ANA838|105.933952332|26.9125556946|11918|280.75|129.25|0|0|11917
17:01:36|696|349|ANA838|105.945281982|26.9170188904|11918|280.75|129.25|0|0|11917
17:01:40|696|349|ANA838|105.956268311|26.9213104248|11918|280.75|129.25|0|0|11917
17:01:44|696|349|ANA838|105.967769623|26.9257736206|11918|280.75|129.25|0|0|11917
17:01:48|696|349|ANA838|105.979099274|26.9304084778|11918|280.75|129.25|0|0|11917
17:01:52|696|349|ANA838|105.990943909|26.935043335|11918|280.75|129.25|0|0|11917
17:01:56|696|349|ANA838|106.000728607|26.9388198853|11918|280.75|129.25|0|0|11917
17:02:00|696|349|ANA838|106.011543274|26.9431114197|11918|280.25|129.25|0|0|11917
17:02:04|696|349|ANA838|106.023902893|26.9480895996|11918|280.25|129.75|0|0|11917
17:02:08|696|349|ANA838|106.034545898|26.952381134|11918|280.25|130.25|0|0|11917
17:02:12|696|349|ANA838|106.046390533|26.957359314|11918|279.75|130.75|0|0|11917
17:02:16|696|349|ANA838|106.05840683|26.9623374939|11918|279.25|131.75|0|0|11917
17:02:20|696|349|ANA838|106.070594788|26.9673156738|11918|278.75|132.75|0|0|11917
17:02:24|696|349|ANA838|106.080722809|26.9717788696|11918|278.25|134.0|0|0|11917
17:02:28|696|349|ANA838|106.091709137|26.9764137268|11918|277.25|136.0|0|0|11917
17:02:32|696|349|ANA838|106.102180481|26.9812202454|11918|276.75|138.0|0|0|11917
17:02:36|696|349|ANA838|106.113510132|26.9861984253|11918|275.75|139.5|0|0|11917
17:02:40|696|349|ANA838|106.126728058|26.9920349121|11918|275.75|140.25|0|0|11917
17:02:44|696|349|ANA838|106.135482788|26.9959831238|11918|275.0|141.25|0|0|11917
17:02:48|696|349|ANA838|106.146640778|27.0011329651|11918|274.5|141.75|0|0|11917
17:02:52|696|349|ANA838|106.157970428|27.006111145|11918|274.0|142.75|0|0|11917
17:02:56|696|349|ANA838|106.169643402|27.0114326477|11918|274.0|143.25|0|0|11917
17:03:00|696|349|ANA838|106.180458069|27.0164108276|11918|273.5|143.75|0|0|11917
17:03:04|696|349|ANA838|106.191272736|27.0215606689|11918|273.0|144.25|0|0|11917
17:03:08|696|349|ANA838|106.202430725|27.0265388489|11918|273.0|144.75|0|0|11917
17:03:12|696|349|ANA838|106.213417053|27.0316886902|11918|272.5|144.75|0|0|11917
17:03:16|696|349|ANA838|106.224403381|27.0366668701|11918|272.5|145.25|0|0|11917
17:03:20|696|349|ANA838|106.235218048|27.04164505|11918|272.5|145.25|0|0|11917
17:03:24|696|349|ANA838|106.246204376|27.04662323|11918|272.5|145.25|0|0|11917
17:03:28|696|349|ANA838|106.257362366|27.0517730713|11918|272.5|145.25|0|0|11917
17:03:32|696|349|ANA838|106.268863678|27.057094574|11918|272.5|145.25|0|0|11917
17:03:36|696|349|ANA838|106.280536652|27.0622444153|11918|272.5|145.75|0|0|11917
17:03:40|696|349|ANA838|106.291866302|27.0673942566|11910|272.5|145.75|0|0|11917
17:03:44|696|349|ANA838|106.302680969|27.0723724365|11910|272.5|145.75|0|0|11917
17:03:48|696|349|ANA838|106.314353943|27.0776939392|11910|273.0|145.75|0|0|11917
17:03:52|696|349|ANA838|106.326370239|27.0831871033|11910|273.0|145.75|0|0|11917
17:03:56|696|349|ANA838|106.337013245|27.0879936218|11910|273.0|145.75|0|0|11917
17:04:00|696|349|ANA838|106.347827911|27.0929718018|11910|273.0|145.75|0|0|11917
17:04:04|696|349|ANA838|106.359157562|27.0981216431|11910|272.5|145.75|0|0|11917
17:04:08|696|349|ANA838|106.369113922|27.1025848389|11910|272.5|145.75|0|0|11917
17:04:12|696|349|ANA838|106.380958557|27.1080780029|11910|273.0|145.75|0|0|11917
17:04:16|696|349|ANA838|106.391944885|27.1130561829|11910|273.0|145.75|0|0|11917
17:04:20|696|349|ANA838|106.403446198|27.1182060242|11910|273.0|145.75|0|0|11917
17:04:24|696|349|ANA838|106.412887573|27.1224975586|11918|273.0|145.75|0|0|11917
17:04:28|696|349|ANA838|106.425418854|27.128162384|11918|273.0|145.75|0|0|11917
17:04:32|696|349|ANA838|106.436576843|27.1333122253|11918|273.0|145.75|0|0|11917
17:04:36|696|349|ANA838|106.447048187|27.1381187439|11918|273.0|145.75|0|0|11917
17:04:40|696|349|ANA838|106.458377838|27.1432685852|11918|273.0|145.75|0|0|11917
17:04:44|696|349|ANA838|106.471424103|27.149105072|11918|273.0|145.75|0|0|11917
17:04:48|696|349|ANA838|106.48223877|27.1539115906|11918|273.0|145.75|0|0|11917
17:04:52|696|349|ANA838|106.491165161|27.1580314636|11918|273.0|146.25|0|0|11917
17:04:56|696|349|ANA838|106.502494812|27.1631813049|11918|273.0|145.75|0|0|11917
17:05:00|696|349|ANA838|106.515884399|27.1693611145|11918|273.5|146.25|0|0|11917
17:05:04|696|349|ANA838|106.526184082|27.1739959717|11918|273.5|146.25|0|0|11917
17:05:08|696|349|ANA838|106.537685394|27.179145813|11918|273.0|146.25|0|0|11917
17:05:12|696|349|ANA838|106.549186707|27.1844673157|11918|273.5|146.25|0|0|11917
17:05:16|696|349|ANA838|106.559829712|27.1892738342|11918|273.5|146.25|0|0|11917
17:05:20|696|349|ANA838|106.571331024|27.1944236755|11918|273.5|146.25|0|0|11917
17:05:24|696|349|ANA838|106.582489014|27.1994018555|11918|273.5|146.25|0|0|11917
17:05:28|696|349|ANA838|106.592960358|27.204208374|11918|273.5|146.25|0|0|11917
17:05:32|696|349|ANA838|106.604290009|27.209186554|11918|274.0|145.75|0|0|11917
17:05:36|696|349|ANA838|106.615962982|27.2145080566|11918|273.5|145.75|0|0|11917
17:05:40|696|349|ANA838|106.625747681|27.2189712524|11918|273.5|146.25|0|0|11917
17:05:44|696|349|ANA838|106.63690567|27.2241210938|11918|273.0|146.25|0|0|11917
17:05:48|696|349|ANA838|106.64806366|27.2290992737|11918|273.0|146.25|0|0|11917
17:05:52|696|349|ANA838|106.658878326|27.2340774536|11918|273.0|146.25|0|0|11917
17:05:56|696|349|ANA838|106.669864655|27.2390556335|11918|273.0|146.25|0|0|11917
17:06:00|696|349|ANA838|106.680850983|27.2440338135|11918|273.0|146.25|0|0|11917
17:06:04|696|349|ANA838|106.694583893|27.250213623|11918|273.0|146.25|0|0|11917
17:06:08|696|349|ANA838|106.703166962|27.2541618347|11918|273.0|146.25|0|0|11917
17:06:12|696|349|ANA838|106.714668274|27.259311676|11918|273.0|146.25|0|0|11917
17:06:16|696|349|ANA838|106.725997925|27.2644615173|11918|273.0|146.25|0|0|11917
17:06:20|696|349|ANA838|106.736812592|27.2692680359|11918|273.0|146.25|0|0|11917
17:06:24|696|349|ANA838|106.750030518|27.2752761841|11918|273.0|146.25|0|0|11917
17:06:28|696|349|ANA838|106.761016846|27.280254364|11918|273.0|146.25|0|0|11917
17:06:32|696|349|ANA838|106.769771576|27.2842025757|11918|273.0|146.25|0|0|11917
17:06:36|696|349|ANA838|106.78144455|27.289352417|11918|273.0|146.25|0|0|11917
17:06:40|696|349|ANA838|106.792259216|27.2943305969|11918|273.0|146.25|0|0|11917
17:06:44|696|349|ANA838|106.803245544|27.2993087769|11918|273.0|146.25|0|0|11917
17:06:48|696|349|ANA838|106.814575195|27.3042869568|11918|273.5|146.25|0|0|11917
17:06:52|696|349|ANA838|106.827793121|27.310295105|11918|273.5|146.25|0|0|11917
17:06:56|696|349|ANA838|106.837406158|27.3145866394|11918|273.5|146.25|0|0|11917
17:07:00|696|349|ANA838|106.848564148|27.3195648193|11918|273.5|145.75|0|0|11917
17:07:04|696|349|ANA838|106.860752106|27.3250579834|11918|273.5|146.25|0|0|11917
17:07:08|696|349|ANA838|106.872425079|27.3302078247|11918|274.0|146.25|0|0|11917
17:07:12|696|349|ANA838|106.881694794|27.3344993591|11918|274.0|146.25|0|0|11917
17:07:16|696|349|ANA838|106.89371109|27.3398208618|11918|274.5|146.25|0|0|11917
17:07:20|696|349|ANA838|106.906242371|27.3454856873|11918|274.5|145.75|0|0|11917
17:07:24|696|349|ANA838|106.917915344|27.3506355286|11918|274.5|145.75|0|0|11917
17:07:28|696|349|ANA838|106.928901672|27.3554420471|11918|274.5|145.75|0|0|11917
17:07:32|696|349|ANA838|106.939716339|27.3602485657|11918|274.5|145.75|0|0|11917
17:07:36|696|349|ANA838|106.95104599|27.365398407|11918|274.5|145.75|0|0|11917
17:07:40|696|349|ANA838|106.962375641|27.3703765869|11918|274.5|145.75|0|0|11917
17:07:44|696|349|ANA838|106.973705292|27.3755264282|11918|274.0|145.75|0|0|11917
17:07:48|696|349|ANA838|106.984176636|27.3801612854|11918|274.5|145.75|0|0|11917
17:07:52|696|349|ANA838|106.995506287|27.3851394653|11918|274.5|145.75|0|0|11917
17:07:56|696|349|ANA838|107.006835938|27.390460968|11918|274.0|146.5|0|0|11917
17:08:00|696|349|ANA838|107.018508911|27.3957824707|11918|274.0|147.0|0|0|11917
17:08:04|696|349|ANA838|107.029666901|27.400932312|11918|274.0|147.0|0|0|11917
17:08:08|696|349|ANA838|107.040653229|27.4059104919|11918|274.0|147.5|0|0|11917
17:08:12|696|349|ANA838|107.051811218|27.4110603333|11918|274.0|147.5|0|0|11917
17:08:16|696|349|ANA838|107.062969208|27.4158668518|11918|274.0|146.5|0|0|11917
17:08:20|696|349|ANA838|107.074127197|27.4208450317|11918|274.5|147.0|0|0|11917
17:08:24|696|349|ANA838|107.085456848|27.4263381958|11918|274.5|149.0|0|0|11917
17:08:28|696|349|ANA838|107.095928192|27.4316596985|11918|274.5|151.5|0|0|11917
17:08:32|696|349|ANA838|107.107429504|27.4369812012|11918|273.5|151.5|0|0|11917
17:08:36|696|349|ANA838|107.118759155|27.4424743652|11918|274.0|151.5|0|0|11917
17:08:40|696|349|ANA838|107.129230499|27.4467658997|11918|274.5|149.5|0|0|11917
17:08:44|696|349|ANA838|107.140903473|27.4524307251|11918|275.0|151.5|0|0|11917
17:08:48|696|349|ANA838|107.152576447|27.4579238892|11918|275.5|151.5|0|0|11917
17:08:52|696|349|ANA838|107.163906097|27.4629020691|11918|275.75|151.0|0|0|11917
17:08:56|696|349|ANA838|107.174892426|27.4675369263|11918|275.75|149.0|0|0|11917
17:09:00|696|349|ANA838|107.186222076|27.4726867676|11918|275.75|149.5|0|0|11917
17:09:04|696|349|ANA838|107.200126648|27.4790382385|11918|275.75|149.5|0|0|11917
17:09:08|696|349|ANA838|107.211112976|27.4836730957|11918|275.75|148.0|0|0|11917
17:09:12|696|349|ANA838|107.22278595|27.4884796143|11918|276.75|147.0|0|0|11917
17:09:16|696|349|ANA838|107.233943939|27.4934577942|11918|276.75|146.5|0|0|11917
17:09:20|696|349|ANA838|107.244930267|27.4980926514|11918|276.25|145.25|0|0|11917
17:09:24|696|349|ANA838|107.255401611|27.5027275085|11918|273.0|144.75|0|0|11917
17:09:28|696|349|ANA838|107.266731262|27.5077056885|11918|275.5|145.25|0|0|11917
17:09:32|696|349|ANA838|107.278232574|27.5126838684|11918|276.25|145.75|0|0|11917
17:09:36|696|349|ANA838|107.289390564|27.517490387|11910|276.25|144.75|0|0|11917
17:09:40|696|349|ANA838|107.300205231|27.5221252441|11910|275.0|143.75|0|0|11917
17:09:44|696|349|ANA838|107.311019897|27.5267601013|11910|274.0|143.25|0|0|11917
17:09:48|696|349|ANA838|107.321834564|27.5315666199|11910|272.5|142.75|0|0|11917
17:09:52|696|349|ANA838|107.333164215|27.5367164612|11910|271.5|143.25|0|0|11917
17:09:56|696|349|ANA838|107.344150543|27.5416946411|11910|271.5|143.25|0|0|11917
17:10:00|696|349|ANA838|107.355136871|27.5465011597|11910|270.5|143.25|0|0|11917
17:10:04|696|349|ANA838|107.365779877|27.5514793396|11910|270.0|144.25|0|0|11917
17:10:08|696|349|ANA838|107.376766205|27.5568008423|11910|269.5|145.75|0|0|11917
17:10:12|696|349|ANA838|107.387752533|27.5617790222|11910|269.5|145.75|0|0|11917
17:10:16|696|349|ANA838|107.398738861|27.5667572021|11910|269.5|146.25|0|0|11917
17:10:20|696|349|ANA838|107.410755157|27.5722503662|11910|269.5|146.25|0|0|11917
17:10:24|696|349|ANA838|107.41985321|27.5763702393|11918|269.5|146.5|0|0|11917
17:10:28|696|349|ANA838|107.430839539|27.5811767578|11918|269.5|146.5|0|0|11917
17:10:32|696|349|ANA838|107.441997528|27.5863265991|11918|270.0|146.5|0|0|11917
17:10:36|696|349|ANA838|107.454013824|27.5916481018|11918|270.0|146.5|0|0|11917
17:10:40|696|349|ANA838|107.46465683|27.5964546204|11918|270.5|146.5|0|0|11917
17:10:44|696|349|ANA838|107.475471497|27.6012611389|11918|270.5|147.0|0|0|11917
17:10:48|696|349|ANA838|107.486457825|27.6062393188|11918|271.0|147.0|0|0|11917
17:10:52|696|349|ANA838|107.500362396|27.6124191284|11918|271.0|147.0|0|0|11917
17:10:56|696|349|ANA838|107.511348724|27.6173973083|11918|271.5|147.0|0|0|11917
17:11:00|696|349|ANA838|107.522850037|27.6225471497|11910|272.0|147.0|0|0|11917
17:11:04|696|349|ANA838|107.531604767|27.6263237|11910|272.0|147.0|0|0|11917
17:11:08|696|349|ANA838|107.542934418|27.6316452026|11910|272.0|147.5|0|0|11917
17:11:12|696|349|ANA838|107.554607391|27.6367950439|11910|272.5|147.5|0|0|11917
17:11:16|696|349|ANA838|107.566108704|27.6419448853|11910|273.0|148.0|0|0|11917
17:11:20|696|349|ANA838|107.577438354|27.6469230652|11910|273.0|148.0|0|0|11917
17:11:24|696|349|ANA838|107.589111328|27.6522445679|11910|273.0|148.0|0|0|11917
17:11:28|696|349|ANA838|107.601127625|27.6575660706|11910|273.5|148.5|0|0|11917
17:11:32|696|349|ANA838|107.61297226|27.6628875732|11910|274.0|148.5|0|0|11917
17:11:36|696|349|ANA838|107.622756958|27.667350769|11910|274.0|148.5|0|0|11917
17:11:40|696|349|ANA838|107.63666153|27.6735305786|11910|274.5|148.5|0|0|11917
17:11:44|696|349|ANA838|107.64541626|27.6774787903|11910|274.5|148.5|0|0|11917
17:11:48|696|349|ANA838|107.659664154|27.6836585999|11910|274.5|148.5|0|0|11917
17:11:52|696|349|ANA838|107.670650482|27.6884651184|11910|275.0|148.5|0|0|11917
17:11:56|696|349|ANA838|107.679405212|27.6924133301|11910|275.0|148.0|0|0|11917
17:12:00|696|349|ANA838|107.693653107|27.698764801|11910|275.0|148.0|0|0|11917
17:12:04|696|349|ANA838|107.704982758|27.703742981|11910|275.0|148.5|0|0|11917
17:12:08|696|349|ANA838|107.713565826|27.7075195312|11910|275.5|148.5|0|0|11917
17:12:12|696|349|ANA838|107.72644043|27.7133560181|11910|275.5|148.5|0|0|11917
17:12:16|696|349|ANA838|107.736911774|27.7179908752|11910|275.5|148.0|0|0|11917
17:12:20|696|349|ANA838|107.748241425|27.7229690552|11910|275.5|148.0|0|0|11917
17:12:24|696|349|ANA838|107.759571075|27.7277755737|11910|275.5|147.5|0|0|11917
17:12:28|696|349|ANA838|107.770900726|27.732925415|11910|275.5|148.0|0|0|11917
17:12:32|696|349|ANA838|107.782230377|27.737903595|11910|275.5|148.0|0|0|11917
17:12:36|696|349|ANA838|107.793560028|27.7428817749|11910|275.5|148.0|0|0|11917
17:12:40|696|349|ANA838|107.804889679|27.7478599548|11910|275.5|148.0|0|0|11917
17:12:44|696|349|ANA838|107.816047668|27.7528381348|11910|275.5|147.5|0|0|11917
17:12:48|696|349|ANA838|107.827205658|27.7578163147|11910|275.0|148.0|0|0|11917
17:12:52|696|349|ANA838|107.838363647|27.7627944946|11910|275.0|148.5|0|0|11917
17:12:56|696|349|ANA838|107.851581573|27.7689743042|11910|274.5|149.0|0|0|11917
17:13:00|696|349|ANA838|107.863254547|27.7742958069|11910|274.0|149.0|0|0|11917
17:13:04|696|349|ANA838|107.874240875|27.7794456482|11910|273.5|150.0|0|0|11917
17:13:08|696|349|ANA838|107.884025574|27.783908844|11910|273.0|150.5|0|0|11917
17:13:12|696|349|ANA838|107.895698547|27.7894020081|11910|273.0|150.5|0|0|11917
17:13:16|696|349|ANA838|107.907371521|27.7947235107|11910|272.5|151.0|0|0|11917
17:13:20|696|349|ANA838|107.917671204|27.7995300293|11910|272.0|151.0|0|0|11917
17:13:24|696|349|ANA838|107.929000854|27.8046798706|11910|272.0|151.0|0|0|11917
17:13:28|696|349|ANA838|107.940330505|27.8098297119|11910|271.5|151.0|0|0|11917
17:13:32|696|349|ANA838|107.951488495|27.8149795532|11910|271.5|151.0|0|0|11917
17:13:36|696|349|ANA838|107.962474823|27.8201293945|11910|271.0|151.5|0|0|11917
17:13:40|696|349|ANA838|107.972946167|27.8249359131|11910|271.0|151.5|0|0|11917
17:13:44|696|349|ANA838|107.984104156|27.8300857544|11910|271.0|151.5|0|0|11917
17:13:48|696|349|ANA838|107.995433807|27.8352355957|11910|271.0|151.5|0|0|11917
17:13:52|696|349|ANA838|108.00573349|27.8400421143|11910|271.0|151.5|0|0|11917
17:13:56|696|349|ANA838|108.019123077|27.8460502625|11910|271.5|151.0|0|0|11917
17:14:00|696|349|ANA838|108.02822113|27.8501701355|11910|271.5|151.5|0|0|11917
17:14:04|696|349|ANA838|108.041439056|27.8561782837|11910|271.5|151.0|0|0|11917
17:14:08|696|349|ANA838|108.052597046|27.861328125|11910|271.0|151.5|0|0|11917
17:14:12|696|349|ANA838|108.063411713|27.8661346436|11910|271.5|151.0|0|0|11917
17:14:16|696|349|ANA838|108.075084686|27.8716278076|11910|271.0|152.0|0|0|11917
17:14:20|696|349|ANA838|108.085727692|27.8767776489|11910|270.5|152.5|0|0|11917
17:14:24|696|349|ANA838|108.097057343|27.8819274902|11910|271.0|152.5|0|0|11917
17:14:28|696|349|ANA838|108.107872009|27.8869056702|11910|271.5|152.0|0|0|11917
17:14:32|696|349|ANA838|108.119544983|27.8922271729|11910|271.0|152.0|0|0|11917
17:14:36|696|349|ANA838|108.13035965|27.8972053528|11910|271.0|152.0|0|0|11917
17:14:40|696|349|ANA838|108.141174316|27.9020118713|11910|271.5|152.0|0|0|11917
17:14:44|696|349|ANA838|108.153190613|27.9075050354|11910|272.0|152.0|0|0|11917
17:14:48|696|349|ANA838|108.164176941|27.9124832153|11910|272.0|152.0|0|0|11917
17:14:52|696|349|ANA838|108.175506592|27.9176330566|11910|272.5|152.0|0|0|11917
17:14:56|696|349|ANA838|108.187007904|27.9227828979|11910|272.5|152.0|0|0|11917
17:15:00|696|349|ANA838|108.197994232|27.9279327393|11910|272.5|152.5|0|0|11917
17:15:04|696|349|ANA838|108.209152222|27.9329109192|11910|272.5|152.5|0|0|11917
17:15:08|696|349|ANA838|108.220653534|27.9382324219|11910|272.5|152.5|0|0|11917
17:15:12|696|349|ANA838|108.231639862|27.9432106018|11910|272.5|152.5|0|0|11917
17:15:16|696|349|ANA838|108.242797852|27.9483604431|11910|273.5|153.25|0|0|11917
17:15:20|696|349|ANA838|108.254985809|27.9540252686|11910|274.0|153.75|0|0|11917
17:15:24|696|349|ANA838|108.265800476|27.9590034485|11910|273.5|153.25|0|0|11917
17:15:28|696|349|ANA838|108.279533386|27.9653549194|11910|274.5|153.75|0|0|11917
17:15:32|696|349|ANA838|108.288288116|27.9694747925|11910|274.5|154.25|0|0|11917
17:15:36|696|349|ANA838|108.299446106|27.974281311|11910|274.0|153.0|0|0|11917
17:15:40|696|349|ANA838|108.310604095|27.9790878296|11910|273.0|152.0|0|0|11917
17:15:44|696|349|ANA838|108.324508667|27.9854393005|11910|273.5|153.0|0|0|11917
17:15:48|696|349|ANA838|108.333263397|27.9892158508|11910|272.5|151.5|0|0|11917
17:15:52|696|349|ANA838|108.34356308|27.9936790466|11910|271.0|149.5|0|0|11917
17:15:56|696|349|ANA838|108.357124329|27.9996871948|11910|271.0|149.5|0|0|11917
17:16:00|696|349|ANA838|108.366394043|28.0039787292|11910|272.0|151.0|0|0|11917
17:16:04|696|349|ANA838|108.377380371|28.0087852478|11910|271.5|150.0|0|0|11917
17:16:08|696|349|ANA838|108.390769958|28.014793396|11910|271.5|150.0|0|0|11917
17:16:12|696|349|ANA838|108.401927948|28.0199432373|11910|271.0|150.0|0|0|11917
17:16:16|696|349|ANA838|108.41342926|28.0250930786|11910|271.0|150.5|0|0|11917
17:16:20|696|349|ANA838|108.424415588|28.0298995972|11910|271.0|150.0|0|0|11917
17:16:24|696|349|ANA838|108.435401917|28.0348777771|11910|271.0|150.0|0|0|11917
17:16:28|696|349|ANA838|108.446731567|28.0400276184|11910|271.0|150.0|0|0|11917
17:16:32|696|349|ANA838|108.457889557|28.0450057983|11910|271.0|150.5|0|0|11917
17:16:36|696|349|ANA838|108.469390869|28.0501556396|11910|271.0|150.5|0|0|11917
17:16:40|696|349|ANA838|108.480033875|28.0549621582|11910|271.0|150.5|0|0|11917
17:16:44|696|349|ANA838|108.491363525|28.0599403381|11910|271.5|150.5|0|0|11917
17:16:48|696|349|ANA838|108.502178192|28.0649185181|11910|271.5|150.0|0|0|11917
17:16:52|696|349|ANA838|108.514022827|28.0702400208|11910|272.5|151.0|0|0|11917
17:16:56|696|349|ANA838|108.525524139|28.0753898621|11910|273.0|151.0|0|0|11917
17:17:00|696|349|ANA838|108.538227081|28.0812263489|11910|274.0|152.5|0|0|11917
17:17:04|696|349|ANA838|108.549556732|28.0862045288|11910|273.5|152.0|0|0|11917
17:17:08|696|349|ANA838|108.561229706|28.0915260315|11910|275.0|153.0|0|0|11917
17:17:12|696|349|ANA838|108.572387695|28.0965042114|11910|274.0|152.5|0|0|11917
17:17:16|696|349|ANA838|108.582172394|28.1009674072|11910|275.5|153.25|0|0|11917
17:17:20|696|349|ANA838|108.596076965|28.1073188782|11910|275.75|153.75|0|0|11917
17:17:24|696|349|ANA838|108.606204987|28.1119537354|11910|275.75|153.75|0|0|11917
17:17:28|696|349|ANA838|108.617362976|28.1171035767|11910|275.5|153.75|0|0|11917
17:17:32|696|349|ANA838|108.630237579|28.1229400635|11910|275.75|154.25|0|0|11917
17:17:36|696|349|ANA838|108.640365601|28.1275749207|11910|275.0|153.75|0|0|11917
17:17:40|696|349|ANA838|108.653068542|28.1330680847|11910|275.0|153.25|0|0|11917
17:17:44|696|349|ANA838|108.664226532|28.138217926|11910|275.0|153.25|0|0|11917
17:17:48|696|349|ANA838|108.675727844|28.143196106|11910|274.5|153.0|0|0|11917
17:17:52|696|349|ANA838|108.687229156|28.1483459473|11910|275.0|153.0|0|0|11917
17:17:56|696|349|ANA838|108.697013855|28.1529808044|11910|273.5|153.25|0|0|11917
17:18:00|696|349|ANA838|108.708171844|28.1579589844|11910|273.5|153.0|0|0|11917
17:18:04|696|349|ANA838|108.719329834|28.1631088257|11910|273.0|153.75|0|0|11917
17:18:08|696|349|ANA838|108.730316162|28.1684303284|11910|272.5|154.25|0|0|11917
17:18:12|696|349|ANA838|108.741645813|28.1735801697|11910|272.5|154.75|0|0|11917
17:18:16|696|349|ANA838|108.751945496|28.1783866882|11910|272.0|154.25|0|0|11917
17:18:20|696|349|ANA838|108.763961792|28.1838798523|11910|272.0|154.75|0|0|11917
17:18:24|696|349|ANA838|108.777179718|28.1900596619|11910|272.0|155.25|0|0|11917
17:18:28|696|349|ANA838|108.788852692|28.1953811646|11910|272.5|155.25|0|0|11917
17:18:32|696|349|ANA838|108.800354004|28.2005310059|11910|272.5|154.75|0|0|11917
17:18:36|696|349|ANA838|108.811511993|28.2055091858|11910|272.0|154.25|0|0|11917
17:18:40|696|349|ANA838|108.822498322|28.2103157043|11910|272.5|153.25|0|0|11917
17:18:44|696|349|ANA838|108.833656311|28.2151222229|11910|272.0|152.5|0|0|11917
17:18:48|696|349|ANA838|108.844642639|28.2197570801|11910|271.5|151.0|0|0|11917
17:18:52|696|349|ANA838|108.855457306|28.2243919373|11910|270.5|150.0|0|0|11917
17:18:56|696|349|ANA838|108.866271973|28.2290267944|11910|269.0|149.0|0|0|11917
17:19:00|696|349|ANA838|108.876914978|28.2334899902|11910|267.75|147.0|0|0|11917
17:19:04|696|349|ANA838|108.887557983|28.237953186|11910|266.25|146.25|0|0|11917
17:19:08|696|349|ANA838|108.898029327|28.2424163818|11910|266.25|145.75|0|0|11917
17:19:12|696|349|ANA838|108.910217285|28.2479095459|11910|266.25|146.5|0|0|11917
17:19:16|696|349|ANA838|108.919487|28.2522010803|11910|267.25|147.5|0|0|11917
17:19:20|696|349|ANA838|108.930988312|28.2573509216|11910|268.25|148.0|0|0|11917
17:19:24|696|349|ANA838|108.942832947|28.2625007629|11910|269.0|149.0|0|0|11917
17:19:28|696|349|ANA838|108.953647614|28.2673072815|11910|269.5|149.5|0|0|11917
17:19:32|696|349|ANA838|108.965492249|28.2726287842|11910|270.0|150.0|0|0|11917
17:19:36|696|349|ANA838|108.976306915|28.2774353027|11910|270.0|150.5|0|0|11917
17:19:40|696|349|ANA838|108.987636566|28.2824134827|11910|270.5|150.5|0|0|11917
17:19:44|696|349|ANA838|108.999137878|28.287563324|11910|271.5|151.0|0|0|11917
17:19:48|696|349|ANA838|109.010295868|28.2925415039|11910|272.0|151.0|0|0|11917
17:19:52|696|349|ANA838|109.024200439|28.2987213135|11910|272.0|151.5|0|0|11917
17:19:56|696|349|ANA838|109.035358429|28.3036994934|11910|272.5|151.5|0|0|11917
17:20:00|696|349|ANA838|109.046001434|28.3083343506|11910|272.0|151.5|0|0|11917
17:20:04|696|349|ANA838|109.057502747|28.3134841919|11910|272.5|151.5|0|0|11917
17:20:08|696|349|ANA838|109.068489075|28.3182907104|11910|272.5|152.0|0|0|11917
17:20:12|696|349|ANA838|109.079647064|28.3232688904|11910|272.5|152.0|0|0|11917
17:20:16|696|349|ANA838|109.091320038|28.3284187317|11910|272.5|152.0|0|0|11917
17:20:20|696|349|ANA838|109.102478027|28.3333969116|11910|272.5|152.0|0|0|11917
17:20:24|696|349|ANA838|109.113636017|28.3383750916|11910|272.0|152.0|0|0|11917
17:20:28|696|349|ANA838|109.124279022|28.3431816101|11910|272.0|152.0|0|0|11917
17:20:32|696|349|ANA838|109.135951996|28.3483314514|11910|272.0|152.0|0|0|11917
17:20:36|696|349|ANA838|109.147109985|28.3533096313|11910|272.0|152.0|0|0|11917
17:20:40|696|349|ANA838|109.159126282|28.358631134|11910|272.5|152.5|0|0|11917
17:20:44|696|349|ANA838|109.171485901|28.3641242981|11910|272.5|152.5|0|0|11917
17:20:48|696|349|ANA838|109.183158875|28.3692741394|11910|272.5|152.5|0|0|11917
17:20:52|696|349|ANA838|109.194660187|28.3744239807|11910|272.5|152.5|0|0|11917
17:20:56|696|349|ANA838|109.203243256|28.378200531|11910|272.5|152.5|0|0|11917
17:21:00|696|349|ANA838|109.215087891|28.3833503723|11910|272.5|152.5|0|0|11917
17:21:04|696|349|ANA838|109.226589203|28.3885002136|11910|272.5|152.5|0|0|11917
17:21:08|696|349|ANA838|109.238605499|28.3938217163|11910|273.0|152.5|0|0|11917
17:21:12|696|349|ANA838|109.249591827|28.3986282349|11910|273.0|152.5|0|0|11917
17:21:16|696|349|ANA838|109.260406494|28.4034347534|11910|273.0|152.0|0|0|11917
17:21:20|696|349|ANA838|109.271907806|28.4084129333|11910|273.0|152.0|0|0|11917
17:21:24|696|349|ANA838|109.283409119|28.4135627747|11910|273.0|152.0|0|0|11917
17:21:28|696|349|ANA838|109.295768738|28.4188842773|11910|273.0|152.0|0|0|11917
17:21:32|696|349|ANA838|109.307613373|28.42420578|11910|273.0|152.0|0|0|11917
17:21:36|696|349|ANA838|109.318771362|28.4290122986|11910|273.0|152.0|0|0|11917
17:21:40|696|349|ANA838|109.330101013|28.4339904785|11910|273.0|152.0|0|0|11917
17:21:44|696|349|ANA838|109.341087341|28.4387969971|11910|273.0|152.0|0|0|11917
17:21:48|696|349|ANA838|109.353103638|28.4441184998|11910|273.0|152.0|0|0|11917
17:21:52|696|349|ANA838|109.364948273|28.4492683411|11910|273.0|152.0|0|0|11917
17:21:56|696|349|ANA838|109.376621246|28.4544181824|11910|273.0|152.0|0|0|11917
17:22:00|696|349|ANA838|109.388122559|28.4593963623|11910|273.0|151.5|0|0|11917
17:22:04|696|349|ANA838|109.398593903|28.4640312195|11910|273.0|151.5|0|0|11917
17:22:08|696|349|ANA838|109.410095215|28.4690093994|11910|273.0|151.5|0|0|11917
17:22:12|696|349|ANA838|109.421424866|28.4739875793|11910|273.0|151.5|0|0|11917
17:22:16|696|349|ANA838|109.432926178|28.4789657593|11910|273.0|151.5|0|0|11917
17:22:20|696|349|ANA838|109.443225861|28.4834289551|11910|273.5|151.0|0|0|11917
17:22:24|696|349|ANA838|109.456100464|28.4889221191|11910|274.0|150.5|0|0|11917
17:22:28|696|349|ANA838|109.467773438|28.4937286377|11910|274.5|150.0|0|0|11917
17:22:32|696|349|ANA838|109.479446411|28.4983634949|11910|275.5|148.0|0|0|11917
17:22:36|696|349|ANA838|109.489746094|28.5023117065|11910|277.25|145.25|0|0|11917
17:22:40|696|349|ANA838|109.501590729|28.5067749023|11910|278.75|142.25|0|0|11917
17:22:44|696|349|ANA838|109.514122009|28.5114097595|11910|280.25|139.75|0|0|11917
17:22:48|696|349|ANA838|109.525623322|28.5157012939|11910|281.75|138.5|0|0|11917
17:22:52|696|349|ANA838|109.537467957|28.5199928284|11910|282.25|137.5|0|0|11917
17:22:56|696|349|ANA838|109.549827576|28.5244560242|11910|283.0|136.5|0|0|11917
17:23:00|696|349|ANA838|109.562187195|28.52891922|11910|283.5|135.5|0|0|11917
17:23:04|696|349|ANA838|109.573688507|28.533039093|11910|284.0|134.5|0|0|11917
17:23:08|696|349|ANA838|109.585189819|28.5371589661|11910|284.5|134.0|0|0|11917
17:23:12|696|349|ANA838|109.5977211|28.5414505005|11910|285.5|133.0|0|0|11917
17:23:16|696|349|ANA838|109.609565735|28.5453987122|11910|286.0|131.75|0|0|11917
17:23:20|696|349|ANA838|109.622268677|28.5496902466|11910|286.5|130.75|0|0|11917
17:23:24|696|349|ANA838|109.634284973|28.5538101196|11910|286.5|130.25|0|0|11917
17:23:28|696|349|ANA838|109.644756317|28.5575866699|11910|286.5|130.25|0|0|11917
17:23:32|696|349|ANA838|109.656944275|28.5613632202|11910|288.0|128.25|0|0|11917
17:23:36|696|349|ANA838|109.668960571|28.5653114319|11910|288.0|127.75|0|0|11917
17:23:40|696|349|ANA838|109.681148529|28.5694313049|11910|288.5|127.25|0|0|11917
17:23:44|696|349|ANA838|109.693508148|28.5737228394|11910|288.5|127.75|0|0|11917
17:23:48|696|349|ANA838|109.705867767|28.5778427124|11910|288.5|127.75|0|0|11917
17:23:52|696|349|ANA838|109.717884064|28.5821342468|11910|288.0|128.25|0|0|11917
17:23:56|696|349|ANA838|109.730587006|28.5864257812|11910|288.0|128.25|0|0|11917
17:24:00|696|349|ANA838|109.742431641|28.5905456543|11910|288.0|128.25|0|0|11917
17:24:04|696|349|ANA838|109.754962921|28.5951805115|11910|287.5|129.75|0|0|11917
17:24:08|696|349|ANA838|109.76474762|28.5987854004|11910|287.0|130.75|0|0|11917
17:24:12|696|349|ANA838|109.779338837|28.6039352417|11910|286.5|131.25|0|0|11917
17:24:16|696|349|ANA838|109.788951874|28.6075401306|11910|286.5|131.75|0|0|11917
17:24:20|696|349|ANA838|109.80096817|28.611831665|11910|286.0|132.25|0|0|11917
17:24:24|696|349|ANA838|109.812812805|28.6161231995|11910|286.0|132.75|0|0|11917
17:24:28|696|349|ANA838|109.824314117|28.6202430725|11910|286.0|132.75|0|0|11917
17:24:32|696|349|ANA838|109.837360382|28.6248779297|11910|286.0|133.0|0|0|11917
17:24:36|696|349|ANA838|109.848861694|28.6289978027|11910|286.0|133.0|0|0|11917
17:24:40|696|349|ANA838|109.861221313|28.6334609985|11910|286.0|133.5|0|0|11917
17:24:44|696|349|ANA838|109.873924255|28.6380958557|11910|286.0|133.5|0|0|11917
17:24:48|696|349|ANA838|109.885425568|28.6422157288|11910|286.0|133.5|0|0|11917
17:24:52|696|349|ANA838|109.896755219|28.6463356018|11910|286.0|133.5|0|0|11917
17:24:56|696|349|ANA838|109.909114838|28.6507987976|11910|286.0|133.5|0|0|11917
17:25:00|696|349|ANA838|109.920959473|28.655090332|11910|286.0|133.5|0|0|11917
17:25:04|696|349|ANA838|109.933490753|28.6595535278|11910|286.0|134.0|0|0|11917
17:25:08|696|349|ANA838|109.945335388|28.6638450623|11910|286.0|133.5|0|0|11917
17:25:12|696|349|ANA838|109.957695007|28.6683082581|11910|286.0|134.0|0|0|11917
17:25:16|696|349|ANA838|109.969367981|28.6724281311|11910|286.0|133.5|0|0|11917
17:25:20|696|349|ANA838|109.981040955|28.6765480042|11910|286.0|133.5|0|0|11917
17:25:24|696|349|ANA838|109.99288559|28.6808395386|11910|286.0|134.0|0|0|11917
17:25:28|696|349|ANA838|110.005588531|28.6854743958|11910|286.0|134.0|0|0|11917
17:25:32|696|349|ANA838|110.017433167|28.6895942688|11910|286.0|134.0|0|0|11917
17:25:36|696|349|ANA838|110.029621124|28.6940574646|11910|286.0|134.0|0|0|11917
17:25:40|696|349|ANA838|110.041980743|28.698348999|11910|286.0|134.0|0|0|11917
17:25:44|696|349|ANA838|110.053482056|28.7024688721|11910|286.0|134.0|0|0|11917
17:25:48|696|349|ANA838|110.065326691|28.7067604065|11910|286.0|134.0|0|0|11917
17:25:52|696|349|ANA838|110.077342987|28.7110519409|11910|286.5|134.0|0|0|11917
17:25:56|696|349|ANA838|110.089530945|28.7153434753|11910|286.5|134.0|0|0|11917
17:26:00|696|349|ANA838|110.10137558|28.7196350098|11910|286.5|134.0|0|0|11917
17:26:04|696|349|ANA838|110.113735199|28.7240982056|11910|286.5|134.0|0|0|11917
17:26:08|696|349|ANA838|110.126609802|28.7287330627|11910|286.5|134.0|0|0|11917
17:26:12|696|349|ANA838|110.138626099|28.7328529358|11910|286.5|134.0|0|0|11917
17:26:16|696|349|ANA838|110.150470734|28.7371444702|11910|286.5|134.0|0|0|11917
17:26:20|696|349|ANA838|110.161628723|28.7410926819|11910|287.0|134.0|0|0|11917
17:26:24|696|349|ANA838|110.174331665|28.7457275391|11910|287.0|134.0|0|0|11917
17:26:28|696|349|ANA838|110.1861763|28.7498474121|11910|287.0|134.0|0|0|11917
17:26:32|696|349|ANA838|110.197849274|28.7539672852|11910|287.0|134.0|0|0|11917
17:26:36|696|349|ANA838|110.209350586|28.7580871582|11910|287.0|134.0|0|0|11917
17:26:40|696|349|ANA838|110.222740173|28.7628936768|11910|287.0|134.0|0|0|11917
17:26:44|696|349|ANA838|110.234069824|28.7668418884|11910|287.0|134.0|0|0|11917
17:26:48|696|349|ANA838|110.245914459|28.7711334229|11910|287.0|134.0|0|0|11917
17:26:52|696|349|ANA838|110.257930756|28.7752532959|11910|286.5|134.0|0|0|11917
17:26:56|696|349|ANA838|110.270462036|28.7797164917|11910|287.0|134.0|0|0|11917
17:27:00|696|349|ANA838|110.281791687|28.7838363647|11910|287.0|134.0|0|0|11917
17:27:04|696|349|ANA838|110.294322968|28.7881278992|11910|287.0|134.0|0|0|11917
17:27:08|696|349|ANA838|110.305995941|28.7924194336|11910|287.0|134.0|0|0|11917
17:27:12|696|349|ANA838|110.318183899|28.796710968|11910|287.0|134.0|0|0|11917
17:27:16|696|349|ANA838|110.330028534|28.8010025024|11910|287.0|134.0|0|0|11917
17:27:20|696|349|ANA838|110.341186523|28.8051223755|11910|286.5|135.5|0|0|11917
17:27:24|696|349|ANA838|110.352516174|28.8090705872|11910|286.5|135.0|0|0|11917
17:27:28|696|349|ANA838|110.364532471|28.8133621216|11910|286.5|135.0|0|0|11917
17:27:32|696|349|ANA838|110.376548767|28.8178253174|11910|286.5|135.0|0|0|11917
17:27:36|696|349|ANA838|110.388736725|28.8224601746|11910|286.0|137.0|0|0|11917
17:27:40|696|349|ANA838|110.402126312|28.8269233704|11910|286.5|134.5|0|0|11917
17:27:44|696|349|ANA838|110.412425995|28.8305282593|11910|286.5|135.0|0|0|11917
17:27:48|696|349|ANA838|110.424613953|28.8349914551|11910|286.5|135.0|0|0|11917
17:27:52|696|349|ANA838|110.43800354|28.8391113281|11910|287.5|132.75|0|0|11917
17:27:56|696|349|ANA838|110.449676514|28.8430595398|11910|287.5|132.25|0|0|11917
17:28:00|696|349|ANA838|110.461349487|28.8471794128|11910|287.0|133.0|0|0|11917
17:28:04|696|349|ANA838|110.473365784|28.8514709473|11910|286.5|133.0|0|0|11917
17:28:08|696|349|ANA838|110.485210419|28.8555908203|11910|286.5|133.0|0|0|11917
17:28:12|696|349|ANA838|110.497398376|28.8597106934|11910|286.5|132.75|0|0|11917
17:28:16|696|349|ANA838|110.50907135|28.8638305664|11910|286.5|132.75|0|0|11917
17:28:20|696|349|ANA838|110.520915985|28.8679504395|11910|286.5|132.75|0|0|11917
17:28:24|696|349|ANA838|110.532417297|28.8718986511|11910|286.5|132.75|0|0|11917
17:28:28|696|349|ANA838|110.544433594|28.8761901855|11910|286.5|132.75|0|0|11917
17:28:32|696|349|ANA838|110.556964874|28.88048172|11910|286.0|132.75|0|0|11917
17:28:36|696|349|ANA838|110.568466187|28.884601593|11910|286.0|132.75|0|0|11917
17:28:40|696|349|ANA838|110.581512451|28.8892364502|11910|286.0|132.75|0|0|11917
17:28:44|696|349|ANA838|110.593528748|28.8933563232|11910|286.0|133.0|0|0|11917
17:28:48|696|349|ANA838|110.604171753|28.8971328735|11910|286.0|133.0|0|0|11917
17:28:52|696|349|ANA838|110.616016388|28.9012527466|11910|286.0|133.0|0|0|11917
17:28:56|696|349|ANA838|110.629577637|28.9060592651|11910|286.0|133.0|0|0|11917
17:29:00|696|349|ANA838|110.640048981|28.9096641541|11910|286.0|133.0|0|0|11917
17:29:04|696|349|ANA838|110.652580261|28.9141273499|11910|286.0|133.5|0|0|11917
17:29:08|696|349|ANA838|110.664253235|28.9182472229|11910|286.0|133.5|0|0|11917
17:29:12|696|349|ANA838|110.675582886|28.9221954346|11910|286.0|133.5|0|0|11917
17:29:16|696|349|ANA838|110.688457489|28.9268302917|11910|286.0|133.5|0|0|11917
17:29:20|696|349|ANA838|110.701160431|28.9311218262|11910|286.0|133.5|0|0|11917
17:29:24|696|349|ANA838|110.713176727|28.9354133606|11910|286.0|134.0|0|0|11917
17:29:28|696|349|ANA838|110.725536346|28.939704895|11910|286.0|134.0|0|0|11917
17:29:32|696|349|ANA838|110.735492706|28.9433097839|11910|286.0|133.5|0|0|11917
17:29:36|696|349|ANA838|110.747680664|28.9476013184|11910|286.5|134.0|0|0|11917
17:29:40|696|349|ANA838|110.761756897|28.9525794983|11910|286.0|134.0|0|0|11917
17:29:44|696|349|ANA838|110.771884918|28.9561843872|11910|286.0|134.0|0|0|11917
17:29:48|696|349|ANA838|110.783901215|28.9603042603|11910|286.0|134.0|0|0|11917
17:29:52|696|349|ANA838|110.796604156|28.9647674561|11910|286.0|134.0|0|0|11917
17:29:56|696|349|ANA838|110.809307098|28.9692306519|11910|285.5|134.0|0|0|11917
17:30:00|696|349|ANA838|110.821323395|28.9735221863|11910|285.5|134.0|0|0|11917
17:30:04|696|349|ANA838|110.833339691|28.9778137207|11910|285.5|134.5|0|0|11917
17:30:08|696|349|ANA838|110.844497681|28.9817619324|11910|285.5|134.5|0|0|11917
17:30:12|696|349|ANA838|110.857028961|28.9862251282|11910|285.0|134.5|0|0|11917
17:30:16|696|349|ANA838|110.868701935|28.9903450012|11910|285.0|134.5|0|0|11917
17:30:20|696|349|ANA838|110.882091522|28.9949798584|11910|285.0|134.5|0|0|11917
17:30:24|696|349|ANA838|110.893936157|28.9992713928|11910|285.0|134.5|0|0|11917
17:30:28|696|349|ANA838|110.903549194|29.002532959|11910|285.0|134.5|0|0|11917
17:30:32|696|349|ANA838|110.918140411|29.0076828003|11910|285.0|134.5|0|0|11917
17:30:36|696|349|ANA838|110.929813385|29.0118026733|11910|285.0|134.5|0|0|11917
17:30:40|696|349|ANA838|110.94165802|29.0160942078|11910|285.0|135.0|0|0|11917
17:30:44|696|349|ANA838|110.953674316|29.0202140808|11910|285.0|135.0|0|0|11917
17:30:48|696|349|ANA838|110.963802338|29.0238189697|11910|285.0|135.0|0|0|11917
17:30:52|696|349|ANA838|110.975646973|29.0281105042|11910|285.0|135.0|0|0|11917
17:30:56|696|349|ANA838|110.98783493|29.0324020386|11910|285.0|135.0|0|0|11917
17:31:00|696|349|ANA838|110.999851227|29.036693573|11910|285.0|135.0|0|0|11917
17:31:04|696|349|ANA838|111.011867523|29.040813446|11910|285.0|135.0|0|0|11917
17:31:08|696|349|ANA838|111.024570465|29.0452766418|11910|285.0|135.0|0|0|11917
17:31:12|696|349|ANA838|111.036758423|29.0495681763|11910|285.0|135.5|0|0|11917
17:31:16|696|349|ANA838|111.049118042|29.0540313721|11910|285.0|135.5|0|0|11917
17:31:20|696|349|ANA838|111.060962677|29.0583229065|11910|285.0|135.5|0|0|11917
17:31:24|696|349|ANA838|111.072978973|29.0624427795|11910|285.0|135.5|0|0|11917
17:31:28|696|349|ANA838|111.084480286|29.0665626526|11910|285.0|135.5|0|0|11917
17:31:32|696|349|ANA838|111.096324921|29.0706825256|11910|285.0|135.5|0|0|11917
17:31:36|696|349|ANA838|111.109714508|29.0754890442|11910|285.0|135.5|0|0|11917
17:31:40|696|349|ANA838|111.121730804|29.0796089172|11910|285.0|135.5|0|0|11917
17:31:44|696|349|ANA838|111.133403778|29.0837287903|11910|285.0|135.5|0|0|11917
17:31:48|696|349|ANA838|111.14490509|29.0878486633|11910|285.0|135.5|0|0|11917
17:31:52|696|349|ANA838|111.157264709|29.0921401978|11910|285.0|135.5|0|0|11917
17:31:56|696|349|ANA838|111.169281006|29.0964317322|11910|285.0|135.5|0|0|11917
17:32:00|696|349|ANA838|111.181468964|29.1007232666|11910|285.0|135.5|0|0|11917
17:32:04|696|349|ANA838|111.193656921|29.105014801|11910|285.0|135.0|0|0|11917
17:32:08|696|349|ANA838|111.205844879|29.1091346741|11910|285.5|135.5|0|0|11917
17:32:12|696|349|ANA838|111.218204498|29.1135978699|11910|285.5|135.5|0|0|11917
17:32:16|696|349|ANA838|111.228160858|29.1170310974|11910|285.5|135.5|0|0|11917
17:32:20|696|349|ANA838|111.240348816|29.1213226318|11910|286.0|135.5|0|0|11917
17:32:24|696|349|ANA838|111.251850128|29.1252708435|11910|286.0|135.5|0|0|11917
17:32:28|696|349|ANA838|111.26455307|29.1297340393|11910|286.0|135.5|0|0|11917
17:32:32|696|349|ANA838|111.276912689|29.1340255737|11910|286.0|135.5|0|0|11917
17:32:36|696|349|ANA838|111.288928986|29.1383171082|11910|286.0|135.5|0|0|11917
17:32:40|696|349|ANA838|111.301116943|29.1426086426|11910|286.0|135.5|0|0|11917
17:32:44|696|349|ANA838|111.31313324|29.1467285156|11910|286.5|135.5|0|0|11917
17:32:48|696|349|ANA838|111.324806213|29.1508483887|11910|286.5|135.5|0|0|11917
17:32:52|696|349|ANA838|111.337165833|29.1551399231|11910|286.5|135.5|0|0|11917
17:32:56|696|349|ANA838|111.349010468|29.1592597961|11910|287.0|135.5|0|0|11917
17:33:00|696|349|ANA838|111.363945007|29.1645812988|11910|286.5|136.0|0|0|11917
17:33:04|696|349|ANA838|111.373386383|29.167842865|11910|286.5|136.0|0|0|11917
17:33:08|696|349|ANA838|111.385574341|29.171962738|11910|286.5|135.5|0|0|11917
17:33:12|696|349|ANA838|111.399993896|29.176940918|11910|287.0|135.0|0|0|11917
17:33:16|696|349|ANA838|111.409435272|29.1800308228|11910|287.0|134.5|0|0|11917
17:33:20|696|349|ANA838|111.424198151|29.1844940186|11910|288.5|133.0|0|0|11917
17:33:24|696|349|ANA838|111.436901093|29.1882705688|11910|289.5|132.25|0|0|11917
17:33:28|696|349|ANA838|111.448917389|29.1922187805|11910|289.5|132.25|0|0|11917
17:33:32|696|349|ANA838|111.460762024|29.1970252991|11910|287.5|134.0|0|0|11917
17:33:36|696|349|ANA838|111.471748352|29.2021751404|11910|285.0|139.0|0|0|11917
17:33:40|696|349|ANA838|111.48393631|29.2064666748|11910|285.5|137.5|0|0|11917
17:33:44|696|349|ANA838|111.496295929|29.2104148865|11910|286.0|136.0|0|0|11917
17:33:48|696|349|ANA838|111.50762558|29.2147064209|11910|285.5|137.0|0|0|11917
17:33:52|696|349|ANA838|111.519298553|29.2198562622|11910|283.5|139.5|0|0|11917
17:33:56|696|349|ANA838|111.531486511|29.2239761353|11910|284.0|138.0|0|0|11917
17:34:00|696|349|ANA838|111.542644501|29.2279243469|11910|284.0|138.5|0|0|11917
17:34:04|696|349|ANA838|111.555347443|29.2317008972|11910|285.0|136.0|0|0|11917
17:34:08|696|349|ANA838|111.567363739|29.2359924316|11910|284.5|136.0|0|0|11917
17:34:12|696|349|ANA838|111.578521729|29.2397689819|11910|284.5|136.0|0|0|11917
17:34:16|696|349|ANA838|111.591053009|29.2437171936|11910|285.5|134.5|0|0|11917
17:34:20|696|349|ANA838|111.603069305|29.2478370667|11910|285.5|134.5|0|0|11917
17:34:24|696|349|ANA838|111.615085602|29.2519569397|11910|285.5|134.5|0|0|11917
17:34:28|696|349|ANA838|111.626586914|29.2560768127|11910|285.0|135.5|0|0|11917
17:34:32|696|349|ANA838|111.638774872|29.2605400085|11910|284.5|137.0|0|0|11917
17:34:36|696|349|ANA838|111.650619507|29.2651748657|11910|283.5|139.0|0|0|11917
17:34:40|696|349|ANA838|111.661949158|29.2699813843|11910|280.25|146.25|0|0|11917
17:34:44|696|349|ANA838|111.673793793|29.2754745483|11910|274.5|156.75|0|0|11917
17:34:48|696|349|ANA838|111.684951782|29.2804527283|11910|272.0|160.0|0|0|11917
17:34:52|696|349|ANA838|111.696624756|29.285774231|11910|270.0|163.5|0|0|11917
17:34:56|696|349|ANA838|111.708126068|29.2910957336|11910|269.0|164.5|0|0|11917
17:35:00|696|349|ANA838|111.71962738|29.2965888977|11910|268.25|166.5|0|0|11917
17:35:04|696|349|ANA838|111.731128693|29.3020820618|11910|266.75|168.25|0|0|11917
17:35:08|696|349|ANA838|111.741600037|29.3072319031|11910|266.75|169.25|0|0|11917
17:35:12|696|349|ANA838|111.752414703|29.3130683899|11910|263.25|173.25|0|0|11917
17:35:16|696|349|ANA838|111.765804291|29.3201065063|11910|261.0|176.5|0|0|11917
17:35:20|696|349|ANA838|111.774730682|29.3249130249|11910|259.5|179.0|0|0|11917
17:35:24|696|349|ANA838|111.785545349|29.330406189|11910|260.0|178.0|0|0|11917
17:35:28|696|349|ANA838|111.798419952|29.3381309509|11910|254.75|184.25|0|0|11917
17:35:32|696|349|ANA838|111.809234619|29.3441390991|11910|254.25|185.25|0|0|11917
17:35:36|696|349|ANA838|111.820392609|29.3501472473|11910|254.75|184.75|0|0|11917
17:35:40|696|349|ANA838|111.830348969|29.356842041|11910|251.25|188.5|0|0|11917
17:35:44|696|349|ANA838|111.839962006|29.363193512|11910|249.25|190.5|0|0|11917
17:35:48|696|349|ANA838|111.851119995|29.3695449829|11910|249.25|190.0|0|0|11917
17:35:52|696|349|ANA838|111.861591339|29.3755531311|11910|248.75|189.5|0|0|11917
17:35:56|696|349|ANA838|111.870861053|29.3808746338|11910|249.25|189.0|0|0|11917
17:36:00|696|349|ANA838|111.883392334|29.3880844116|11910|249.25|189.0|0|0|11917
17:36:04|696|349|ANA838|111.89283371|29.3934059143|11910|249.25|188.5|0|0|11917
17:36:08|696|349|ANA838|111.904335022|29.3999290466|11910|249.25|188.5|0|0|11917
17:36:12|696|349|ANA838|111.915664673|29.4062805176|11910|249.25|188.5|0|0|11917
17:36:16|696|349|ANA838|111.92647934|29.4124603271|11910|249.25|188.5|0|0|11917
17:36:20|696|349|ANA838|111.936092377|29.4179534912|11910|249.25|188.5|0|0|11917
17:36:24|696|349|ANA838|111.946907043|29.4241333008|11910|249.75|188.0|0|0|11917
17:36:28|696|349|ANA838|111.958236694|29.4304847717|11910|249.75|188.0|0|0|11917
17:36:32|696|349|ANA838|111.969394684|29.4368362427|11910|249.75|188.0|0|0|11917
17:36:36|696|349|ANA838|111.979007721|29.4423294067|11910|249.75|188.0|0|0|11917
17:36:40|696|349|ANA838|111.989822388|29.4485092163|11910|249.75|188.0|0|0|11917
17:36:44|696|349|ANA838|112.000293732|29.4543457031|11910|249.75|188.0|0|0|11917
17:36:48|696|349|ANA838|112.011108398|29.4605255127|11910|249.75|188.0|0|0|11917
17:36:52|696|349|ANA838|112.021579742|29.4665336609|11910|249.75|188.0|0|0|11917
17:36:56|696|349|ANA838|112.032737732|29.4728851318|11910|249.75|188.0|0|0|11917
17:37:00|696|349|ANA838|112.04372406|29.4790649414|11910|249.75|188.0|0|0|11917
17:37:04|696|349|ANA838|112.054367065|29.4850730896|11910|249.75|188.0|0|0|11917
17:37:08|696|349|ANA838|112.064838409|29.4910812378|11910|249.75|188.0|0|0|11917
17:37:12|696|349|ANA838|112.075309753|29.4969177246|11910|249.75|188.0|0|0|11917
17:37:16|696|349|ANA838|112.086296082|29.5030975342|11910|249.75|188.0|0|0|11917
17:37:20|696|349|ANA838|112.099342346|29.5104789734|11910|249.75|188.0|0|0|11917
17:37:24|696|349|ANA838|112.109127045|29.5161437988|11910|250.25|188.0|0|0|11917
17:37:28|696|349|ANA838|112.121143341|29.5228385925|11910|250.25|188.0|0|0|11917
17:37:32|696|349|ANA838|112.131271362|29.5286750793|11910|250.25|188.0|0|0|11917
17:37:36|696|349|ANA838|112.140712738|29.5338249207|11910|250.25|188.5|0|0|11917
17:37:40|696|349|ANA838|112.153587341|29.5412063599|11910|250.25|188.5|0|0|11917
17:37:44|696|349|ANA838|112.161998749|29.5460128784|11910|250.25|188.5|0|0|11917
17:37:48|696|349|ANA838|112.174015045|29.5527076721|11910|250.75|188.5|0|0|11917
17:37:52|696|349|ANA838|112.184829712|29.5587158203|11910|250.75|188.5|0|0|11917
17:37:56|696|349|ANA838|112.196846008|29.5655822754|11910|250.75|188.5|0|0|11917
17:38:00|696|349|ANA838|112.207317352|29.5714187622|11910|251.25|188.5|0|0|11917
17:38:04|696|349|ANA838|112.218475342|29.5777702332|11910|251.75|188.5|0|0|11917
17:38:08|696|349|ANA838|112.22946167|29.5839500427|11910|251.75|188.5|0|0|11917
17:38:12|696|349|ANA838|112.240104675|29.5897865295|11910|252.25|189.0|0|0|11917
17:38:16|696|349|ANA838|112.250919342|29.5963096619|11910|250.75|190.5|0|0|11917
17:38:20|696|349|ANA838|112.261734009|29.6028327942|11910|249.75|192.0|0|0|11917
17:38:24|696|349|ANA838|112.272205353|29.6091842651|11910|248.75|193.5|0|0|11917
17:38:28|696|349|ANA838|112.282848358|29.6155357361|11910|248.75|194.0|0|0|11917
17:38:32|696|349|ANA838|112.294006348|29.6217155457|11910|249.75|192.5|0|0|11917
17:38:36|696|349|ANA838|112.304821014|29.6273803711|11910|250.75|191.0|0|0|11917
17:38:40|696|349|ANA838|112.315807343|29.6327018738|11910|252.75|189.0|0|0|11917
17:38:44|696|349|ANA838|112.326793671|29.6390533447|11910|252.25|189.5|0|0|11917
17:38:48|696|349|ANA838|112.338123322|29.6438598633|11910|255.25|186.25|0|0|11917
17:38:52|696|349|ANA838|112.34910965|29.6498680115|11910|255.25|186.25|0|0|11917
17:38:56|696|349|ANA838|112.370738983|29.6392250061|11910|314.5|63.25|0|0|11917
17:39:00|696|349|ANA838|112.378463745|29.6517562866|11918|284.5|139.5|0|0|11917
17:39:04|696|349|ANA838|112.391338348|29.6545028687|11918|287.5|137.5|0|0|11917
17:39:08|696|349|ANA838|112.404899597|29.6570777893|11918|292.25|130.25|0|0|11917
17:39:12|696|349|ANA838|112.413654327|29.6660041809|11918|272.5|164.0|0|0|11917
17:39:16|696|349|ANA838|112.415027618|29.6836853027|11918|167.25|265.75|0|0|11917
17:39:20|696|349|ANA838|112.420864105|29.695186615|11918|143.25|281.75|0|0|11917
17:39:24|696|349|ANA838|112.426528931|29.7053146362|11918|143.25|281.75|0|0|11917
17:39:28|696|349|ANA838|112.431163788|29.7156143188|11918|143.25|281.75|0|0|11917
17:39:34|696|349|ANA838|112.431163788|29.7156143188|11918|143.25|281.75|0|0|11917
