17:00:00|1834|1414|CAL5997|109.406318665|25.9181213379|9776|-192.0|46.25|0|0|9784
17:00:04|1834|1414|CAL5997|109.398593903|25.9201812744|9776|-192.0|46.25|0|0|9784
17:00:08|1834|1414|CAL5997|109.391384125|25.9220695496|9776|-192.0|46.25|0|0|9784
17:00:12|1834|1414|CAL5997|109.383831024|25.9241294861|9776|-192.0|46.75|0|0|9784
17:00:16|1834|1414|CAL5997|109.375762939|25.9261894226|9776|-192.0|46.75|0|0|9784
17:00:20|1834|1414|CAL5997|109.367866516|25.9282493591|9776|-192.0|46.75|0|0|9784
17:00:24|1834|1414|CAL5997|109.360313416|25.9303092957|9776|-192.0|46.75|0|0|9784
17:00:28|1834|1414|CAL5997|109.352931976|25.9321975708|9776|-192.0|46.75|0|0|9784
17:00:32|1834|1414|CAL5997|109.345722198|25.9340858459|9776|-192.0|46.75|0|0|9784
17:00:36|1834|1414|CAL5997|109.337997437|25.9361457825|9776|-192.0|46.75|0|0|9784
17:00:40|1834|1414|CAL5997|109.330444336|25.938205719|9776|-192.0|46.75|0|0|9784
17:00:44|1834|1414|CAL5997|109.323406219|25.9400939941|9776|-192.0|46.75|0|0|9784
17:00:48|1834|1414|CAL5997|109.315509796|25.9421539307|9776|-192.0|46.75|0|0|9784
17:00:52|1834|1414|CAL5997|109.308128357|25.9440422058|9776|-192.0|46.75|0|0|9784
17:00:56|1834|1414|CAL5997|109.300746918|25.945930481|9776|-191.5|46.75|0|0|9784
17:01:00|1834|1414|CAL5997|109.293022156|25.9479904175|9776|-191.5|46.75|0|0|9784
17:01:04|1834|1414|CAL5997|109.285125732|25.950050354|9776|-191.5|46.75|0|0|9784
17:01:08|1834|1414|CAL5997|109.27740097|25.9521102905|9776|-191.5|46.75|0|0|9784
17:01:12|1834|1414|CAL5997|109.270019531|25.9541702271|9776|-191.5|46.75|0|0|9784
17:01:16|1834|1414|CAL5997|109.263839722|25.9557151794|9776|-191.5|46.75|0|0|9784
17:01:20|1834|1414|CAL5997|109.25611496|25.957775116|9776|-191.5|46.75|0|0|9784
17:01:24|1834|1414|CAL5997|109.248390198|25.9598350525|9776|-191.5|46.75|0|0|9784
17:01:28|1834|1414|CAL5997|109.240665436|25.961894989|9776|-191.5|46.75|0|0|9784
17:01:32|1834|1414|CAL5997|109.233283997|25.9637832642|9776|-191.5|47.25|0|0|9784
17:01:36|1834|1414|CAL5997|109.225387573|25.9660148621|9776|-191.5|47.25|0|0|9784
17:01:40|1834|1414|CAL5997|109.218006134|25.9679031372|9776|-191.5|47.25|0|0|9784
17:01:44|1834|1414|CAL5997|109.210796356|25.9697914124|9776|-191.5|47.25|0|0|9784
17:01:48|1834|1414|CAL5997|109.203243256|25.9718513489|9776|-191.5|47.25|0|0|9784
17:01:52|1834|1414|CAL5997|109.195690155|25.973739624|9776|-191.5|47.25|0|0|9784
17:01:56|1834|1414|CAL5997|109.187793732|25.9757995605|9776|-191.0|46.75|0|0|9784
17:02:00|1834|1414|CAL5997|109.180755615|25.9776878357|9776|-191.0|46.75|0|0|9784
17:02:04|1834|1414|CAL5997|109.173030853|25.9797477722|9776|-191.0|46.75|0|0|9784
17:02:08|1834|1414|CAL5997|109.165649414|25.9816360474|9776|-191.5|46.75|0|0|9784
17:02:12|1834|1414|CAL5997|109.157752991|25.9836959839|9776|-191.5|46.75|0|0|9784
17:02:16|1834|1414|CAL5997|109.150028229|25.9857559204|9776|-191.5|46.75|0|0|9784
17:02:20|1834|1414|CAL5997|109.142131805|25.9878158569|9776|-191.0|46.75|0|0|9784
17:02:24|1834|1414|CAL5997|109.135951996|25.9895324707|9776|-191.0|46.75|0|0|9784
17:02:28|1834|1414|CAL5997|109.127025604|25.9917640686|9776|-191.0|46.75|0|0|9784
17:02:32|1834|1414|CAL5997|109.119987488|25.9936523438|9776|-191.0|46.75|0|0|9784
17:02:36|1834|1414|CAL5997|109.113292694|25.9953689575|9776|-190.5|46.75|0|0|9784
17:02:40|1834|1414|CAL5997|109.104709625|25.9976005554|9776|-190.5|46.25|0|0|9784
17:02:44|1834|1414|CAL5997|109.09784317|25.9994888306|9776|-190.5|46.25|0|0|9784
17:02:48|1834|1414|CAL5997|109.089775085|26.0015487671|9776|-191.0|46.25|0|0|9784
17:02:52|1834|1414|CAL5997|109.082221985|26.0034370422|9776|-190.5|46.25|0|0|9784
17:02:56|1834|1414|CAL5997|109.074840546|26.0054969788|9776|-190.5|46.25|0|0|9784
17:03:00|1834|1414|CAL5997|109.066944122|26.0073852539|9776|-190.5|46.25|0|0|9784
17:03:04|1834|1414|CAL5997|109.060249329|26.0091018677|9776|-190.5|45.75|0|0|9784
17:03:08|1834|1414|CAL5997|109.053211212|26.0109901428|9776|-190.5|45.75|0|0|9784
17:03:12|1834|1414|CAL5997|109.046001434|26.0127067566|9776|-190.5|45.75|0|0|9784
17:03:16|1834|1414|CAL5997|109.037590027|26.0149383545|9776|-190.5|46.25|0|0|9784
17:03:20|1834|1414|CAL5997|109.030208588|26.016998291|9776|-190.5|46.25|0|0|9784
17:03:24|1834|1414|CAL5997|109.022483826|26.0188865662|9776|-190.0|46.25|0|0|9784
17:03:28|1834|1414|CAL5997|109.015102386|26.0209465027|9776|-190.5|46.25|0|0|9784
17:03:32|1834|1414|CAL5997|109.007549286|26.0230064392|9776|-190.0|46.25|0|0|9784
17:03:36|1834|1414|CAL5997|109.000339508|26.0248947144|9776|-190.5|46.75|0|0|9784
17:03:40|1834|1414|CAL5997|108.992786407|26.0267829895|9776|-190.0|46.75|0|0|9784
17:03:44|1834|1414|CAL5997|108.985233307|26.028842926|9776|-190.5|46.75|0|0|9784
17:03:48|1834|1414|CAL5997|108.977508545|26.0309028625|9776|-190.5|46.75|0|0|9784
17:03:52|1834|1414|CAL5997|108.970298767|26.0327911377|9776|-190.5|46.75|0|0|9784
17:03:56|1834|1414|CAL5997|108.962745667|26.0346794128|9776|-191.0|47.25|0|0|9784
17:04:00|1834|1414|CAL5997|108.955364227|26.036567688|9776|-191.0|47.25|0|0|9784
17:04:04|1834|1414|CAL5997|108.947811127|26.0386276245|9776|-191.5|47.25|0|0|9784
17:04:08|1834|1414|CAL5997|108.939914703|26.040687561|9776|-191.5|47.25|0|0|9784
17:04:12|1834|1414|CAL5997|108.932533264|26.0427474976|9776|-191.5|47.25|0|0|9784
17:04:16|1834|1414|CAL5997|108.924636841|26.0448074341|9776|-192.0|47.75|0|0|9784
17:04:20|1834|1414|CAL5997|108.917598724|26.0466957092|9776|-191.5|47.75|0|0|9784
17:04:24|1834|1414|CAL5997|108.90832901|26.0492706299|9776|-192.0|47.75|0|0|9784
17:04:28|1834|1414|CAL5997|108.900775909|26.051158905|9776|-192.0|47.75|0|0|9784
17:04:32|1834|1414|CAL5997|108.8945961|26.0528755188|9776|-191.5|47.75|0|0|9784
17:04:36|1834|1414|CAL5997|108.886871338|26.0547637939|9776|-191.5|47.75|0|0|9784
17:04:40|1834|1414|CAL5997|108.879318237|26.0568237305|9776|-191.5|47.25|0|0|9784
17:04:44|1834|1414|CAL5997|108.871593475|26.058883667|9776|-191.0|47.25|0|0|9784
17:04:48|1834|1414|CAL5997|108.863697052|26.0609436035|9776|-191.0|47.25|0|0|9784
17:04:52|1834|1414|CAL5997|108.856315613|26.0628318787|9776|-191.0|47.25|0|0|9784
17:04:56|1834|1414|CAL5997|108.848590851|26.0647201538|9776|-191.0|46.75|0|0|9784
17:05:00|1834|1414|CAL5997|108.841381073|26.066608429|9776|-191.0|46.75|0|0|9784
17:05:04|1834|1414|CAL5997|108.833656311|26.0686683655|9776|-191.0|46.75|0|0|9784
17:05:08|1834|1414|CAL5997|108.826274872|26.0705566406|9776|-190.5|46.75|0|0|9784
17:05:12|1834|1414|CAL5997|108.819065094|26.0724449158|9776|-191.0|46.75|0|0|9784
17:05:16|1834|1414|CAL5997|108.811340332|26.0745048523|9776|-190.5|46.75|0|0|9784
17:05:20|1834|1414|CAL5997|108.80361557|26.0763931274|9776|-190.5|46.75|0|0|9784
17:05:24|1834|1414|CAL5997|108.797779083|26.0779380798|9776|-190.5|46.75|0|0|9784
17:05:28|1834|1414|CAL5997|108.790225983|26.0799980164|9776|-190.5|46.75|0|0|9784
17:05:32|1834|1414|CAL5997|108.782329559|26.0820579529|9776|-190.0|46.75|0|0|9784
17:05:36|1834|1414|CAL5997|108.774776459|26.083946228|9776|-190.0|46.75|0|0|9784
17:05:40|1834|1414|CAL5997|108.767223358|26.0860061646|9776|-190.0|46.75|0|0|9784
17:05:44|1834|1414|CAL5997|108.759155273|26.0880661011|9776|-190.0|46.75|0|0|9784
17:05:48|1834|1414|CAL5997|108.751945496|26.0899543762|9776|-190.0|46.25|0|0|9784
17:05:52|1834|1414|CAL5997|108.744392395|26.0918426514|9776|-190.0|46.75|0|0|9784
17:05:56|1834|1414|CAL5997|108.736839294|26.0937309265|9776|-189.5|46.25|0|0|9784
17:06:00|1834|1414|CAL5997|108.729629517|26.095790863|9776|-189.5|46.25|0|0|9784
17:06:04|1834|1414|CAL5997|108.722248077|26.0976791382|9776|-189.5|46.75|0|0|9784
17:06:08|1834|1414|CAL5997|108.714694977|26.0995674133|9776|-189.5|46.75|0|0|9784
17:06:12|1834|1414|CAL5997|108.707141876|26.1016273499|9776|-189.5|46.75|0|0|9784
17:06:16|1834|1414|CAL5997|108.699932098|26.103515625|9776|-189.0|46.75|0|0|9784
17:06:20|1834|1414|CAL5997|108.692378998|26.1055755615|9776|-189.0|46.75|0|0|9784
17:06:24|1834|1414|CAL5997|108.684139252|26.1078071594|9776|-189.0|47.25|0|0|9784
17:06:28|1834|1414|CAL5997|108.677787781|26.1095237732|9776|-189.0|47.25|0|0|9784
17:06:32|1834|1414|CAL5997|108.670406342|26.1114120483|9776|-188.5|47.75|0|0|9784
17:06:36|1834|1414|CAL5997|108.663368225|26.1133003235|9776|-188.5|47.75|0|0|9784
17:06:40|1834|1414|CAL5997|108.655643463|26.11536026|9776|-188.5|46.75|0|0|9784
17:06:44|1834|1414|CAL5997|108.648605347|26.1170768738|9776|-188.5|46.75|0|0|9784
17:06:48|1834|1414|CAL5997|108.64156723|26.1189651489|9776|-188.5|46.75|0|0|9784
17:06:52|1834|1414|CAL5997|108.634357452|26.1210250854|9776|-188.0|47.75|0|0|9784
17:06:56|1834|1414|CAL5997|108.625774384|26.1234283447|9776|-188.0|48.75|0|0|9784
17:07:00|1834|1414|CAL5997|108.619422913|26.1253166199|9776|-188.0|49.25|0|0|9784
17:07:04|1834|1414|CAL5997|108.611183167|26.1280632019|9776|-187.25|51.0|0|0|9784
17:07:08|1834|1414|CAL5997|108.604488373|26.1314964294|9776|-184.25|59.75|0|0|9784
17:07:12|1834|1414|CAL5997|108.598823547|26.134929657|9776|-179.0|71.5|0|0|9784
17:07:16|1834|1414|CAL5997|108.592815399|26.1400794983|9776|-167.75|96.0|0|0|9784
17:07:20|1834|1414|CAL5997|108.585090637|26.1445426941|9776|-169.25|98.0|0|0|9784
17:07:24|1834|1414|CAL5997|108.577709198|26.1478042603|9776|-176.0|90.75|0|0|9784
17:07:28|1834|1414|CAL5997|108.569641113|26.1464309692|9776|-189.0|50.75|0|0|9784
17:07:32|1834|1414|CAL5997|108.56054306|26.1491775513|9776|-192.5|52.0|0|0|9784
17:07:36|1834|1414|CAL5997|108.55298996|26.1522674561|9776|-189.0|64.25|0|0|9784
17:07:40|1834|1414|CAL5997|108.545608521|26.1548423767|9776|-186.75|66.0|0|0|9784
17:07:44|1834|1414|CAL5997|108.538398743|26.1575889587|9776|-186.25|67.0|0|0|9784
17:07:48|1834|1414|CAL5997|108.531188965|26.1601638794|9776|-185.75|67.0|0|0|9784
17:07:52|1834|1414|CAL5997|108.524665833|26.1623954773|9776|-186.25|65.5|0|0|9784
17:07:56|1834|1414|CAL5997|108.516426086|26.1654853821|9776|-186.25|66.0|0|0|9784
17:08:00|1834|1414|CAL5997|108.509559631|26.1680603027|9776|-186.75|66.5|0|0|9784
17:08:04|1834|1414|CAL5997|108.503379822|26.1702919006|9776|-185.75|67.0|0|0|9784
17:08:08|1834|1414|CAL5997|108.494796753|26.1733818054|9776|-186.25|66.5|0|0|9784
17:08:12|1834|1414|CAL5997|108.487758636|26.1757850647|9776|-186.75|66.0|0|0|9784
17:08:16|1834|1414|CAL5997|108.480377197|26.1783599854|9776|-186.75|65.5|0|0|9784
17:08:20|1834|1414|CAL5997|108.472824097|26.180934906|9776|-186.75|65.5|0|0|9784
17:08:24|1834|1414|CAL5997|108.466644287|26.1831665039|9776|-186.75|65.0|0|0|8412
17:08:28|1834|1414|CAL5997|108.458919525|26.1859130859|9776|-186.25|65.0|0|0|8412
17:08:32|1834|1414|CAL5997|108.452224731|26.1883163452|9776|-185.75|65.5|0|0|8412
17:08:36|1834|1414|CAL5997|108.445014954|26.1908912659|9776|-185.75|65.0|0|0|8412
17:08:40|1834|1414|CAL5997|108.437805176|26.1936378479|9776|-184.75|66.0|0|0|8412
17:08:44|1834|1414|CAL5997|108.430767059|26.1965560913|9776|-183.75|68.5|0|0|8412
17:08:48|1834|1414|CAL5997|108.423728943|26.1993026733|9754|-182.75|69.5|-3|0|8412
17:08:52|1834|1414|CAL5997|108.416347504|26.2017059326|9723|-184.25|66.5|-4|0|8412
17:08:56|1834|1414|CAL5997|108.408966064|26.2037658691|9693|-185.25|63.75|-6|0|8412
17:09:00|1834|1414|CAL5997|108.401584625|26.205997467|9655|-185.75|62.25|-7|0|8412
17:09:04|1834|1414|CAL5997|108.394546509|26.2090873718|9624|-184.25|65.5|-7|0|8412
17:09:08|1834|1414|CAL5997|108.386993408|26.2121772766|9601|-183.75|67.0|-7|0|8412
17:09:12|1834|1414|CAL5997|108.379955292|26.2145805359|9571|-183.75|65.5|-7|0|8412
17:09:16|1834|1414|CAL5997|108.372917175|26.2178421021|9540|-182.75|68.5|-7|0|8412
17:09:20|1834|1414|CAL5997|108.365707397|26.2211036682|9510|-182.75|70.0|-7|0|8412
17:09:24|1834|1414|CAL5997|108.35849762|26.2240219116|9487|-182.75|70.5|-7|0|8412
17:09:28|1834|1414|CAL5997|108.351287842|26.226940155|9464|-182.75|71.0|-7|0|8412
17:09:32|1834|1414|CAL5997|108.343906403|26.2296867371|9434|-183.25|70.5|-7|0|8412
17:09:36|1834|1414|CAL5997|108.336868286|26.231918335|9411|-184.25|69.0|-6|0|8412
17:09:40|1834|1414|CAL5997|108.328971863|26.2348365784|9388|-184.75|68.5|-6|0|8412
17:09:44|1834|1414|CAL5997|108.321762085|26.2372398376|9357|-185.25|67.5|-6|0|8412
17:09:48|1834|1414|CAL5997|108.314208984|26.2396430969|9335|-185.75|66.0|-6|0|8412
17:09:52|1834|1414|CAL5997|108.306655884|26.2420463562|9312|-186.25|65.0|-6|0|8412
17:09:56|1834|1414|CAL5997|108.29875946|26.2446212769|9281|-186.75|64.25|-7|0|8412
17:10:00|1834|1414|CAL5997|108.291378021|26.2468528748|9258|-187.25|62.75|-6|0|8412
17:10:04|1834|1414|CAL5997|108.283824921|26.249256134|9235|-187.5|61.75|-6|0|8412
17:10:08|1834|1414|CAL5997|108.275928497|26.2504577637|9220|-190.0|54.0|-5|0|8412
17:10:12|1834|1414|CAL5997|108.268032074|26.2518310547|9197|-192.0|49.75|-5|0|8412
17:10:16|1834|1414|CAL5997|108.260478973|26.2537193298|9174|-192.0|49.25|-5|0|8412
17:10:20|1834|1414|CAL5997|108.253269196|26.2557792664|9152|-191.5|51.0|-6|0|8412
17:10:24|1834|1414|CAL5997|108.245716095|26.2578392029|9129|-191.5|50.75|-6|0|8412
17:10:28|1834|1414|CAL5997|108.237476349|26.2604141235|9098|-191.0|52.0|-6|0|8412
17:10:32|1834|1414|CAL5997|108.230266571|26.2626457214|9075|-191.0|53.0|-6|0|8412
17:10:36|1834|1414|CAL5997|108.222370148|26.2655639648|9045|-190.5|56.0|-6|0|8412
17:10:40|1834|1414|CAL5997|108.215332031|26.2683105469|9022|-190.0|58.75|-6|0|8412
17:10:44|1834|1414|CAL5997|108.208808899|26.2705421448|9007|-189.5|58.75|-5|0|8412
17:10:48|1834|1414|CAL5997|108.199882507|26.2736320496|8992|-188.5|59.75|-4|0|8412
17:10:52|1834|1414|CAL5997|108.193016052|26.2763786316|8969|-188.5|61.75|-5|0|8412
17:10:56|1834|1414|CAL5997|108.185634613|26.2791252136|8946|-188.0|64.25|-5|0|8412
17:11:00|1834|1414|CAL5997|108.178253174|26.2823867798|8923|-187.25|67.0|-6|0|8412
17:11:04|1834|1414|CAL5997|108.171043396|26.2853050232|8893|-187.25|68.5|-6|0|8412
17:11:08|1834|1414|CAL5997|108.163661957|26.288394928|8862|-187.25|69.5|-7|0|8412
17:11:12|1834|1414|CAL5997|108.156280518|26.2914848328|8832|-187.25|70.0|-7|0|8412
17:11:16|1834|1414|CAL5997|108.148555756|26.2940597534|8801|-188.0|68.5|-7|0|8412
17:11:20|1834|1414|CAL5997|108.141345978|26.2968063354|8778|-188.0|69.5|-7|0|8412
17:11:24|1834|1414|CAL5997|108.133449554|26.2992095947|8748|-189.5|67.0|-7|0|8412
17:11:28|1834|1414|CAL5997|108.125896454|26.3010978699|8740|-191.5|63.25|-6|0|8412
17:11:32|1834|1414|CAL5997|108.117141724|26.3036727905|8710|-191.5|63.25|-5|0|8412
17:11:36|1834|1414|CAL5997|108.109588623|26.3060760498|8694|-192.0|63.25|-5|0|8412
17:11:40|1834|1414|CAL5997|108.101863861|26.3086509705|8672|-192.5|63.25|-5|0|8412
17:11:44|1834|1414|CAL5997|108.094139099|26.3108825684|8649|-192.5|62.25|-6|0|7162
17:11:48|1834|1414|CAL5997|108.086242676|26.313457489|8626|-193.5|62.25|-6|0|7193
17:11:52|1834|1414|CAL5997|108.078861237|26.3158607483|8595|-194.0|62.25|-6|0|7193
17:11:56|1834|1414|CAL5997|108.07062149|26.3180923462|8573|-194.0|61.25|-6|0|7193
17:12:00|1834|1414|CAL5997|108.062896729|26.3206672668|8557|-194.25|61.25|-5|0|7193
17:12:04|1834|1414|CAL5997|108.055171967|26.3230705261|8550|-194.25|61.25|-4|0|7193
17:12:08|1834|1414|CAL5997|108.047962189|26.3251304626|8534|-194.25|60.25|-4|0|7193
17:12:12|1834|1414|CAL5997|108.039894104|26.3278770447|8519|-194.25|61.75|-4|0|7193
17:12:16|1834|1414|CAL5997|108.033370972|26.3297653198|8504|-194.75|60.75|-4|0|7193
17:12:20|1834|1414|CAL5997|108.024272919|26.3328552246|8481|-194.75|61.25|-4|0|7193
17:12:24|1834|1414|CAL5997|108.017234802|26.3359451294|8466|-194.0|64.25|-5|0|7193
17:12:28|1834|1414|CAL5997|108.010883331|26.3392066956|8428|-193.0|68.5|-6|0|7193
17:12:32|1834|1414|CAL5997|108.003673553|26.3431549072|8397|-191.0|74.75|-6|0|7193
17:12:36|1834|1414|CAL5997|107.995948792|26.3464164734|8382|-190.5|75.25|-6|0|7193
17:12:40|1834|1414|CAL5997|107.988052368|26.3503646851|8359|-189.5|77.75|-6|0|7193
17:12:44|1834|1414|CAL5997|107.981529236|26.3536262512|8336|-189.0|81.0|-5|0|7193
17:12:48|1834|1414|CAL5997|107.974319458|26.3613510132|8329|-179.0|104.25|-4|0|7193
17:12:52|1834|1414|CAL5997|107.970199585|26.3670158386|8306|-169.75|121.5|-4|0|7193
17:12:56|1834|1414|CAL5997|107.962303162|26.3733673096|8291|-168.25|126.25|-5|0|7193
17:13:00|1834|1414|CAL5997|107.956809998|26.3788604736|8268|-159.75|139.5|-5|0|7193
17:13:04|1834|1414|CAL5997|107.950973511|26.3845252991|8245|-155.25|145.75|-5|0|7193
17:13:08|1834|1414|CAL5997|107.944965363|26.3905334473|8222|-152.5|150.5|-6|0|7193
17:13:12|1834|1414|CAL5997|107.939300537|26.3965415955|8207|-148.5|155.75|-5|0|7193
17:13:16|1834|1414|CAL5997|107.934150696|26.4028930664|8184|-143.25|162.5|-5|0|7193
17:13:20|1834|1414|CAL5997|107.9296875|26.4101028442|8169|-126.75|176.5|-4|0|7193
17:13:24|1834|1414|CAL5997|107.925052643|26.4171409607|8153|-121.5|181.75|-4|0|7193
17:13:28|1834|1414|CAL5997|107.920074463|26.4240074158|8138|-124.0|182.25|-4|0|7193
17:13:32|1834|1414|CAL5997|107.915096283|26.4307022095|8123|-125.0|182.75|-4|0|7193
17:13:36|1834|1414|CAL5997|107.909946442|26.4377403259|8115|-127.75|183.25|-3|0|7193
17:13:40|1834|1414|CAL5997|107.904281616|26.4447784424|8100|-131.25|183.75|-3|0|7193
17:13:44|1834|1414|CAL5997|107.899303436|26.4514732361|8092|-131.25|184.75|-3|0|7193
17:13:48|1834|1414|CAL5997|107.894153595|26.4583396912|8085|-131.25|184.25|-3|0|7193
17:13:52|1834|1414|CAL5997|107.889175415|26.4650344849|8077|-131.75|183.75|-2|0|7193
17:13:56|1834|1414|CAL5997|107.882823944|26.4736175537|8070|-132.25|184.75|-2|0|7193
17:14:00|1834|1414|CAL5997|107.879219055|26.4785957336|8062|-131.75|184.75|-2|0|7193
17:14:04|1834|1414|CAL5997|107.874412537|26.485118866|8047|-131.25|183.75|-3|0|7193
17:14:08|1834|1414|CAL5997|107.868404388|26.4931869507|8031|-131.25|183.25|-3|0|7193
17:14:12|1834|1414|CAL5997|107.86359787|26.4995384216|8016|-131.25|183.25|-4|0|7193
17:14:16|1834|1414|CAL5997|107.859306335|26.5055465698|8001|-131.75|183.75|-3|0|7193
17:14:20|1834|1414|CAL5997|107.854328156|26.5122413635|7993|-131.25|183.25|-3|0|7193
17:14:24|1834|1414|CAL5997|107.848320007|26.5203094482|7986|-130.75|183.25|-3|0|7193
17:14:28|1834|1414|CAL5997|107.843341827|26.5271759033|7971|-131.25|183.75|-3|0|7193
17:14:32|1834|1414|CAL5997|107.838191986|26.533870697|7955|-131.25|183.25|-3|0|7193
17:14:36|1834|1414|CAL5997|107.833385468|26.5403938293|7948|-131.25|183.25|-3|0|7193
17:14:40|1834|1414|CAL5997|107.828407288|26.547088623|7940|-131.75|183.25|-3|0|7193
17:14:44|1834|1414|CAL5997|107.824115753|26.5525817871|7925|-131.75|183.25|-3|0|7193
17:14:48|1834|1414|CAL5997|107.818965912|26.5594482422|7917|-131.75|183.25|-3|0|7193
17:14:52|1834|1414|CAL5997|107.813816071|26.5663146973|7910|-132.25|182.75|-2|0|7193
17:14:56|1834|1414|CAL5997|107.808837891|26.5728378296|7894|-132.25|182.75|-3|0|7193
17:15:00|1834|1414|CAL5997|107.803859711|26.5795326233|7879|-132.25|182.75|-3|0|7193
17:15:04|1834|1414|CAL5997|107.798538208|26.5863990784|7864|-132.25|182.25|-4|0|7193
17:15:08|1834|1414|CAL5997|107.793560028|26.5932655334|7849|-131.75|181.75|-4|0|7193
17:15:12|1834|1414|CAL5997|107.78875351|26.599445343|7841|-131.75|181.75|-3|0|7193
17:15:16|1834|1414|CAL5997|107.783603668|26.6063117981|7826|-131.25|181.25|-3|0|7193
17:15:20|1834|1414|CAL5997|107.778282166|26.6133499146|7811|-131.25|181.25|-3|0|7193
17:15:24|1834|1414|CAL5997|107.773303986|26.6200447083|7795|-131.25|180.75|-3|0|7193
17:15:28|1834|1414|CAL5997|107.768325806|26.626739502|7780|-131.25|181.25|-3|0|7193
17:15:32|1834|1414|CAL5997|107.763175964|26.633605957|7765|-131.25|181.25|-4|0|7193
17:15:36|1834|1414|CAL5997|107.758026123|26.6403007507|7750|-131.25|181.25|-4|0|7193
17:15:40|1834|1414|CAL5997|107.753219604|26.6466522217|7727|-131.25|181.25|-4|0|7193
17:15:44|1834|1414|CAL5997|107.748241425|26.6533470154|7711|-131.25|181.25|-5|0|7193
17:15:48|1834|1414|CAL5997|107.743091583|26.6600418091|7696|-131.25|181.25|-4|0|7193
17:15:52|1834|1414|CAL5997|107.738285065|26.66639328|7673|-131.25|181.25|-4|0|7193
17:15:56|1834|1414|CAL5997|107.733135223|26.6732597351|7658|-131.25|180.75|-4|0|7193
17:16:00|1834|1414|CAL5997|107.728157043|26.6797828674|7643|-131.25|180.5|-4|0|7193
17:16:04|1834|1414|CAL5997|107.723522186|26.685962677|7628|-130.75|180.0|-4|0|7193
17:16:08|1834|1414|CAL5997|107.718372345|26.6926574707|7612|-131.25|180.5|-4|0|7193
17:16:12|1834|1414|CAL5997|107.713222504|26.6993522644|7597|-130.75|180.0|-4|0|7193
17:16:16|1834|1414|CAL5997|107.708587646|26.705532074|7582|-131.25|180.0|-4|0|7193
17:16:20|1834|1414|CAL5997|107.703266144|26.7123985291|7559|-131.25|180.0|-4|0|7193
17:16:24|1834|1414|CAL5997|107.698287964|26.7190933228|7544|-131.25|180.0|-4|0|7193
17:16:28|1834|1414|CAL5997|107.693653107|26.7252731323|7529|-130.75|180.0|-4|0|7193
17:16:32|1834|1414|CAL5997|107.688674927|26.7317962646|7506|-130.75|180.0|-4|0|7193
17:16:36|1834|1414|CAL5997|107.683010101|26.7390060425|7490|-130.75|179.5|-5|0|7193
17:16:40|1834|1414|CAL5997|107.678031921|26.7451858521|7468|-131.25|178.5|-5|0|7193
17:16:44|1834|1414|CAL5997|107.673053741|26.7517089844|7452|-131.25|178.5|-5|0|7193
17:16:48|1834|1414|CAL5997|107.668075562|26.7582321167|7430|-131.25|178.5|-5|0|7193
17:16:52|1834|1414|CAL5997|107.66292572|26.7650985718|7414|-131.75|179.0|-4|0|7193
17:16:56|1834|1414|CAL5997|107.657775879|26.7716217041|7399|-131.75|179.0|-5|0|7193
17:17:00|1834|1414|CAL5997|107.652626038|26.7783164978|7376|-131.75|179.0|-5|0|7193
17:17:04|1834|1414|CAL5997|107.647647858|26.7850112915|7361|-131.75|179.5|-5|0|7193
17:17:08|1834|1414|CAL5997|107.642669678|26.7915344238|7338|-131.75|179.5|-5|0|7193
17:17:12|1834|1414|CAL5997|107.637863159|26.7977142334|7330|-131.75|180.0|-4|0|7193
17:17:16|1834|1414|CAL5997|107.632541656|26.8047523499|7315|-131.75|180.0|-4|0|7193
17:17:20|1834|1414|CAL5997|107.627391815|26.8117904663|7300|-131.75|180.5|-4|0|7193
17:17:24|1834|1414|CAL5997|107.621898651|26.8188285828|7285|-131.75|180.5|-4|0|7193
17:17:28|1834|1414|CAL5997|107.61674881|26.8255233765|7269|-131.75|180.5|-4|0|7193
17:17:32|1834|1414|CAL5997|107.611942291|26.8318748474|7247|-131.75|180.5|-4|0|7193
17:17:36|1834|1414|CAL5997|107.60679245|26.8387413025|7239|-131.75|180.75|-3|0|7193
17:17:40|1834|1414|CAL5997|107.601642609|26.8454360962|7239|-131.75|180.75|-3|0|7193
17:17:44|1834|1414|CAL5997|107.596664429|26.8521308899|7224|-131.75|180.75|-3|0|7193
17:17:48|1834|1414|CAL5997|107.592201233|26.8579673767|7193|-132.25|180.75|-4|0|7193
17:17:52|1834|1414|CAL5997|107.586364746|26.8656921387|7186|-132.25|181.25|-4|0|7193
17:17:56|1834|1414|CAL5997|107.581558228|26.8720436096|7186|-132.25|181.25|-3|0|7193
17:18:00|1834|1414|CAL5997|107.576751709|26.8782234192|7178|-132.25|181.25|-2|0|7193
17:18:04|1834|1414|CAL5997|107.571430206|26.8852615356|7186|-132.25|181.25|0|0|7193
17:18:08|1834|1414|CAL5997|107.566108704|26.8921279907|7186|-132.25|181.25|0|0|7193
17:18:12|1834|1414|CAL5997|107.560958862|26.8988227844|7186|-132.25|181.25|0|0|7193
17:18:16|1834|1414|CAL5997|107.555809021|26.9056892395|7186|-132.25|181.25|0|0|7193
17:18:20|1834|1414|CAL5997|107.550487518|26.912727356|7186|-132.25|181.25|0|0|7193
17:18:24|1834|1414|CAL5997|107.546539307|26.91822052|7186|-131.75|181.25|0|0|7193
17:18:28|1834|1414|CAL5997|107.541389465|26.9249153137|7186|-131.75|181.25|0|0|7193
17:18:32|1834|1414|CAL5997|107.536239624|26.9316101074|7186|-131.75|181.25|0|0|7193
17:18:36|1834|1414|CAL5997|107.531433105|26.9381332397|7186|-131.75|181.25|0|0|7193
17:18:40|1834|1414|CAL5997|107.526111603|26.9451713562|7186|-131.75|181.25|0|0|7193
17:18:44|1834|1414|CAL5997|107.5207901|26.9520378113|7186|-131.75|181.25|0|0|7193
17:18:48|1834|1414|CAL5997|107.516326904|26.9583892822|7186|-131.25|182.25|0|0|7193
17:18:52|1834|1414|CAL5997|107.51083374|26.9655990601|7186|-131.75|181.25|0|0|7193
17:18:56|1834|1414|CAL5997|107.505340576|26.9717788696|7186|-137.0|177.5|0|0|7193
17:19:00|1834|1414|CAL5997|107.500534058|26.9777870178|7186|-136.0|178.5|0|0|7193
17:19:04|1834|1414|CAL5997|107.495384216|26.9846534729|7186|-135.0|179.5|0|0|7193
17:19:08|1834|1414|CAL5997|107.490062714|26.9916915894|7186|-134.0|180.0|0|0|7193
17:19:12|1834|1414|CAL5997|107.485599518|26.9982147217|7186|-132.25|181.25|0|0|7193
17:19:16|1834|1414|CAL5997|107.480106354|27.0052528381|7186|-132.25|180.75|0|0|7193
17:19:20|1834|1414|CAL5997|107.474784851|27.0121192932|7186|-132.75|180.5|0|0|7193
17:19:24|1834|1414|CAL5997|107.469463348|27.0189857483|7186|-132.75|180.5|0|0|7193
17:19:28|1834|1414|CAL5997|107.464313507|27.025680542|7186|-132.75|180.5|0|0|7193
17:19:32|1834|1414|CAL5997|107.459850311|27.0311737061|7186|-132.75|180.5|0|0|7193
17:19:36|1834|1414|CAL5997|107.454528809|27.0382118225|7186|-132.75|180.5|0|0|7193
17:19:40|1834|1414|CAL5997|107.449378967|27.0449066162|7186|-132.75|180.75|0|0|7193
17:19:44|1834|1414|CAL5997|107.444400787|27.0514297485|7186|-132.75|180.75|0|0|7193
17:19:48|1834|1414|CAL5997|107.438392639|27.0593261719|7186|-132.75|180.75|0|0|7193
17:19:52|1834|1414|CAL5997|107.434272766|27.0646476746|7186|-132.75|180.75|0|0|7193
17:19:56|1834|1414|CAL5997|107.429122925|27.0713424683|7186|-132.75|181.25|0|0|7193
17:20:00|1834|1414|CAL5997|107.423629761|27.0787239075|7186|-132.75|181.25|0|0|7193
17:20:04|1834|1414|CAL5997|107.418308258|27.0855903625|7186|-132.75|181.25|0|0|7193
17:20:08|1834|1414|CAL5997|107.413330078|27.0922851562|7186|-132.75|181.25|0|0|7193
17:20:12|1834|1414|CAL5997|107.408351898|27.0986366272|7186|-132.75|181.25|0|0|7193
17:20:16|1834|1414|CAL5997|107.402858734|27.1056747437|7186|-132.75|181.25|0|0|7193
17:20:20|1834|1414|CAL5997|107.397708893|27.1125411987|7186|-132.75|181.25|0|0|7193
17:20:24|1834|1414|CAL5997|107.392559052|27.1192359924|7186|-132.75|181.75|0|0|7193
17:20:28|1834|1414|CAL5997|107.38740921|27.1259307861|7186|-132.75|181.75|0|0|7193
17:20:32|1834|1414|CAL5997|107.382602692|27.1322822571|7186|-132.75|181.75|0|0|7193
17:20:36|1834|1414|CAL5997|107.37745285|27.1391487122|7186|-132.25|181.75|0|0|7193
17:20:40|1834|1414|CAL5997|107.372131348|27.1460151672|7186|-132.25|181.75|0|0|7193
17:20:44|1834|1414|CAL5997|107.366809845|27.1528816223|7186|-132.25|181.25|0|0|7193
17:20:48|1834|1414|CAL5997|107.362003326|27.1592330933|7186|-132.25|181.25|0|0|7193
17:20:52|1834|1414|CAL5997|107.356510162|27.1662712097|7186|-132.25|181.25|0|0|7193
17:20:56|1834|1414|CAL5997|107.351531982|27.172794342|7186|-132.25|181.25|0|0|7193
17:21:00|1834|1414|CAL5997|107.346725464|27.179145813|7186|-132.25|181.25|0|0|7193
17:21:04|1834|1414|CAL5997|107.341575623|27.1858406067|7186|-132.25|181.25|0|0|7193
17:21:08|1834|1414|CAL5997|107.336425781|27.1925354004|7186|-131.75|180.75|0|0|7193
17:21:12|1834|1414|CAL5997|107.33127594|27.1992301941|7186|-131.75|180.75|0|0|7193
17:21:16|1834|1414|CAL5997|107.326469421|27.205581665|7186|-131.75|180.5|0|0|7193
17:21:20|1834|1414|CAL5997|107.321147919|27.2122764587|7186|-131.75|180.5|0|0|7193
17:21:24|1834|1414|CAL5997|107.3163414|27.2187995911|7186|-131.75|180.5|0|0|7193
17:21:28|1834|1414|CAL5997|107.310848236|27.2258377075|7186|-131.75|180.5|0|0|7193
17:21:32|1834|1414|CAL5997|107.306900024|27.2309875488|7186|-131.75|180.5|0|0|7193
17:21:36|1834|1414|CAL5997|107.301578522|27.2378540039|7186|-131.25|180.5|0|0|7193
17:21:40|1834|1414|CAL5997|107.296257019|27.2450637817|7186|-131.25|180.5|0|0|7193
17:21:44|1834|1414|CAL5997|107.291107178|27.2517585754|7186|-131.25|180.5|0|0|7193
17:21:48|1834|1414|CAL5997|107.286643982|27.2574234009|7186|-131.25|180.0|0|0|7193
17:21:52|1834|1414|CAL5997|107.280979156|27.2648048401|7186|-131.25|180.0|0|0|7193
17:21:56|1834|1414|CAL5997|107.276172638|27.271156311|7186|-130.75|180.0|0|0|7193
17:22:00|1834|1414|CAL5997|107.271709442|27.2769927979|7193|-130.25|179.5|0|0|7193
17:22:04|1834|1414|CAL5997|107.265701294|27.2848892212|7193|-130.25|179.5|0|0|7193
17:22:08|1834|1414|CAL5997|107.260551453|27.2914123535|7193|-130.75|179.0|0|0|7193
17:22:12|1834|1414|CAL5997|107.256259918|27.2972488403|7193|-129.75|179.0|0|0|7193
17:22:16|1834|1414|CAL5997|107.251281738|27.3034286499|7193|-130.25|178.0|0|0|7193
17:22:20|1834|1414|CAL5997|107.24647522|27.3097801208|7193|-129.75|177.5|0|0|7193
17:22:24|1834|1414|CAL5997|107.241325378|27.3164749146|7193|-129.75|177.0|0|0|7193
17:22:28|1834|1414|CAL5997|107.236175537|27.3229980469|7193|-129.75|177.0|0|0|7193
17:22:32|1834|1414|CAL5997|107.231197357|27.3295211792|7193|-129.75|177.0|0|0|7193
17:22:36|1834|1414|CAL5997|107.226219177|27.3358726501|7193|-129.75|177.0|0|0|7193
17:22:40|1834|1414|CAL5997|107.221240997|27.3423957825|7193|-129.75|177.0|0|0|7193
17:22:44|1834|1414|CAL5997|107.216091156|27.3489189148|7193|-129.75|177.0|0|0|7193
17:22:48|1834|1414|CAL5997|107.210941315|27.3557853699|7193|-129.75|177.0|0|0|7193
17:22:52|1834|1414|CAL5997|107.205963135|27.3621368408|7193|-129.75|176.5|0|0|7193
17:22:56|1834|1414|CAL5997|107.200984955|27.3686599731|7193|-129.75|176.5|0|0|7193
17:23:00|1834|1414|CAL5997|107.196006775|27.3751831055|7193|-129.25|176.5|0|0|7193
17:23:04|1834|1414|CAL5997|107.191200256|27.3811912537|7193|-129.25|176.5|0|0|7193
17:23:08|1834|1414|CAL5997|107.186222076|27.387714386|7193|-128.75|176.5|0|0|7193
17:23:12|1834|1414|CAL5997|107.181072235|27.3944091797|7193|-128.75|177.0|0|0|7193
17:23:16|1834|1414|CAL5997|107.176265717|27.4007606506|7193|-128.25|177.0|0|0|7193
17:23:20|1834|1414|CAL5997|107.171459198|27.4071121216|7193|-128.25|177.5|0|0|7193
17:23:24|1834|1414|CAL5997|107.166481018|27.4138069153|7193|-128.25|177.5|0|0|7193
17:23:28|1834|1414|CAL5997|107.161159515|27.4210166931|7193|-128.25|178.0|0|0|7193
17:23:32|1834|1414|CAL5997|107.15669632|27.4266815186|7193|-128.25|177.5|0|0|7193
17:23:36|1834|1414|CAL5997|107.15171814|27.4333763123|7193|-127.75|178.0|0|0|7193
17:23:40|1834|1414|CAL5997|107.145881653|27.4407577515|7193|-128.25|177.5|0|0|7193
17:23:44|1834|1414|CAL5997|107.140216827|27.4474525452|7193|-129.75|176.5|0|0|7193
17:23:48|1834|1414|CAL5997|107.136440277|27.4524307251|7193|-129.25|176.5|0|0|7193
17:23:52|1834|1414|CAL5997|107.130775452|27.4596405029|7193|-129.75|176.5|0|0|7193
17:23:56|1834|1414|CAL5997|107.12562561|27.4661636353|7193|-129.75|176.5|0|0|7193
17:24:00|1834|1414|CAL5997|107.120132446|27.4733734131|7193|-129.75|177.0|0|0|7193
17:24:04|1834|1414|CAL5997|107.115325928|27.4795532227|7193|-129.75|177.0|0|0|7193
17:24:08|1834|1414|CAL5997|107.110004425|27.4864196777|7193|-129.75|177.0|0|0|7193
17:24:12|1834|1414|CAL5997|107.105197906|27.4925994873|7193|-129.25|177.0|0|0|7193
17:24:16|1834|1414|CAL5997|107.100048065|27.4994659424|7193|-129.25|177.0|0|0|7193
17:24:20|1834|1414|CAL5997|107.095241547|27.505645752|7193|-129.25|177.0|0|0|7193
17:24:24|1834|1414|CAL5997|107.091121674|27.5109672546|7193|-129.25|177.0|0|0|7193
17:24:28|1834|1414|CAL5997|107.085113525|27.518863678|7193|-129.25|177.0|0|0|7193
17:24:32|1834|1414|CAL5997|107.080307007|27.5250434875|7193|-129.25|177.0|0|0|7193
17:24:36|1834|1414|CAL5997|107.075328827|27.5313949585|7193|-129.25|177.0|0|0|7193
17:24:40|1834|1414|CAL5997|107.070350647|27.5377464294|7193|-129.25|177.0|0|0|7193
17:24:44|1834|1414|CAL5997|107.065372467|27.5442695618|7193|-129.25|177.0|0|0|7193
17:24:48|1834|1414|CAL5997|107.060394287|27.5506210327|7193|-129.25|177.0|0|0|7193
17:24:52|1834|1414|CAL5997|107.055587769|27.5569725037|7193|-129.25|177.0|0|0|7193
17:24:56|1834|1414|CAL5997|107.050437927|27.5636672974|7193|-128.75|177.0|0|0|7193
17:25:00|1834|1414|CAL5997|107.045631409|27.5700187683|7193|-128.75|177.0|0|0|7193
17:25:04|1834|1414|CAL5997|107.040653229|27.5763702393|7193|-128.75|177.5|0|0|7193
17:25:08|1834|1414|CAL5997|107.035675049|27.5828933716|7193|-128.75|177.5|0|0|7193
17:25:12|1834|1414|CAL5997|107.030696869|27.5892448425|7193|-128.75|177.5|0|0|7193
17:25:16|1834|1414|CAL5997|107.02589035|27.5957679749|7193|-128.75|177.0|0|0|7193
17:25:20|1834|1414|CAL5997|107.019710541|27.6034927368|7193|-128.75|177.0|0|0|7193
17:25:24|1834|1414|CAL5997|107.01593399|27.6084709167|7193|-128.75|177.0|0|0|7193
17:25:28|1834|1414|CAL5997|107.00958252|27.6165390015|7193|-128.75|177.0|0|0|7193
17:25:32|1834|1414|CAL5997|107.00460434|27.6230621338|7193|-129.25|177.0|0|0|7193
17:25:36|1834|1414|CAL5997|106.99962616|27.6294136047|7193|-129.25|177.0|0|0|7193
17:25:40|1834|1414|CAL5997|106.994304657|27.6361083984|7193|-129.25|177.0|0|0|7193
17:25:44|1834|1414|CAL5997|106.989841461|27.6421165466|7193|-129.25|177.0|0|0|7193
17:25:48|1834|1414|CAL5997|106.984863281|27.6484680176|7193|-129.25|177.0|0|0|7193
17:25:52|1834|1414|CAL5997|106.97971344|27.6549911499|7193|-129.25|177.0|0|0|7193
17:25:56|1834|1414|CAL5997|106.97473526|27.6615142822|7193|-129.25|177.0|0|0|7193
17:26:00|1834|1414|CAL5997|106.969585419|27.6680374146|7193|-129.25|177.0|0|0|7193
17:26:04|1834|1414|CAL5997|106.964607239|27.6743888855|7193|-129.25|177.0|0|0|7193
17:26:08|1834|1414|CAL5997|106.959457397|27.6809120178|7193|-129.25|177.0|0|0|7193
17:26:12|1834|1414|CAL5997|106.954135895|27.6877784729|7193|-129.25|177.0|0|0|7193
17:26:16|1834|1414|CAL5997|106.949329376|27.6941299438|7193|-129.25|177.0|0|0|7193
17:26:20|1834|1414|CAL5997|106.944179535|27.7006530762|7193|-129.25|177.0|0|0|7193
17:26:24|1834|1414|CAL5997|106.939544678|27.7066612244|7193|-129.25|177.0|0|0|7193
17:26:28|1834|1414|CAL5997|106.934566498|27.7131843567|7193|-129.25|177.5|0|0|7193
17:26:32|1834|1414|CAL5997|106.929759979|27.7191925049|7193|-129.25|177.0|0|0|7193
17:26:36|1834|1414|CAL5997|106.924781799|27.7255439758|7193|-129.25|177.0|0|0|7193
17:26:40|1834|1414|CAL5997|106.918945312|27.7330970764|7193|-129.75|177.0|0|0|7193
17:26:44|1834|1414|CAL5997|106.914138794|27.739276886|7193|-129.75|177.0|0|0|7193
17:26:48|1834|1414|CAL5997|106.90864563|27.7464866638|7193|-129.75|177.5|0|0|7193
17:26:52|1834|1414|CAL5997|106.903495789|27.7530097961|7193|-129.75|177.5|0|0|7193
17:26:56|1834|1414|CAL5997|106.898345947|27.7595329285|7193|-129.75|177.5|0|0|7193
17:27:00|1834|1414|CAL5997|106.893539429|27.7658843994|7193|-129.25|177.5|0|0|7193
17:27:04|1834|1414|CAL5997|106.888389587|27.7724075317|7193|-129.25|177.5|0|0|7193
17:27:08|1834|1414|CAL5997|106.883239746|27.7791023254|7193|-129.25|177.5|0|0|7193
17:27:12|1834|1414|CAL5997|106.878433228|27.785282135|7193|-129.25|177.5|0|0|7193
17:27:16|1834|1414|CAL5997|106.873283386|27.7919769287|7193|-129.25|177.5|0|0|7193
17:27:20|1834|1414|CAL5997|106.868133545|27.798500061|7193|-129.25|177.5|0|0|7193
17:27:24|1834|1414|CAL5997|106.863327026|27.8046798706|7193|-129.25|177.5|0|0|7193
17:27:28|1834|1414|CAL5997|106.858177185|27.8112030029|7193|-129.75|177.5|0|0|7193
17:27:32|1834|1414|CAL5997|106.85251236|27.8185844421|7193|-129.75|177.5|0|0|7193
17:27:36|1834|1414|CAL5997|106.847877502|27.824420929|7193|-129.75|177.5|0|0|7193
17:27:40|1834|1414|CAL5997|106.842727661|27.8311157227|7193|-129.75|177.5|0|0|7193
17:27:44|1834|1414|CAL5997|106.837749481|27.837638855|7193|-129.75|177.5|0|0|7193
17:27:48|1834|1414|CAL5997|106.833457947|27.8429603577|7193|-129.75|177.5|0|0|7193
17:27:52|1834|1414|CAL5997|106.827793121|27.8503417969|7193|-129.25|177.5|0|0|7193
17:27:56|1834|1414|CAL5997|106.822986603|27.8566932678|7193|-129.25|178.0|0|0|7193
17:28:00|1834|1414|CAL5997|106.817836761|27.8632164001|7193|-129.25|178.0|0|0|7193
17:28:04|1834|1414|CAL5997|106.812515259|27.8700828552|7193|-129.25|178.0|0|0|7193
17:28:08|1834|1414|CAL5997|106.80770874|27.8762626648|7193|-129.25|178.0|0|0|7193
17:28:12|1834|1414|CAL5997|106.802215576|27.8834724426|7193|-129.25|178.0|0|0|7193
17:28:16|1834|1414|CAL5997|106.796894073|27.8903388977|7193|-129.25|178.5|0|0|7193
17:28:20|1834|1414|CAL5997|106.791400909|27.8972053528|7193|-129.25|178.5|0|0|7193
17:28:24|1834|1414|CAL5997|106.787281036|27.9026985168|7193|-129.75|178.5|0|0|7193
17:28:28|1834|1414|CAL5997|106.781959534|27.9095649719|7193|-129.75|178.5|0|0|7193
17:28:32|1834|1414|CAL5997|106.77646637|27.9166030884|7193|-129.75|178.5|0|0|7193
17:28:36|1834|1414|CAL5997|106.771144867|27.9232978821|7193|-129.75|178.5|0|0|7193
17:28:40|1834|1414|CAL5997|106.766166687|27.9298210144|7193|-129.75|178.5|0|0|7193
17:28:44|1834|1414|CAL5997|106.761188507|27.936000824|7193|-129.75|178.5|0|0|7193
17:28:48|1834|1414|CAL5997|106.755867004|27.9428672791|7193|-129.75|178.5|0|0|7193
17:28:52|1834|1414|CAL5997|106.751918793|27.947845459|7193|-129.75|178.5|0|0|7193
17:28:56|1834|1414|CAL5997|106.74659729|27.9547119141|7193|-129.75|178.5|0|0|7193
17:29:00|1834|1414|CAL5997|106.741447449|27.9614067078|7193|-129.75|178.5|0|0|7193
17:29:04|1834|1414|CAL5997|106.736297607|27.9682731628|7193|-128.25|179.5|0|0|7193
17:29:08|1834|1414|CAL5997|106.73166275|27.9744529724|7193|-127.25|180.5|0|0|7193
17:29:12|1834|1414|CAL5997|106.7278862|27.9818344116|7193|-112.75|190.5|0|0|7193
17:29:16|1834|1414|CAL5997|106.725311279|27.9909324646|7193|-85.75|204.5|0|0|7193
17:29:20|1834|1414|CAL5997|106.722393036|27.9986572266|7193|-77.75|207.75|0|0|7193
17:29:24|1834|1414|CAL5997|106.720161438|28.0063819885|7193|-66.5|212.25|0|0|7193
17:29:28|1834|1414|CAL5997|106.717243195|28.0144500732|7193|-68.0|213.75|0|0|7193
17:29:32|1834|1414|CAL5997|106.716384888|28.0223464966|7193|-48.25|220.5|0|0|7193
17:29:36|1834|1414|CAL5997|106.713981628|28.0312728882|7193|-45.75|223.75|0|0|7193
17:29:40|1834|1414|CAL5997|106.71295166|28.039855957|7193|-36.25|226.25|0|0|7193
17:29:44|1834|1414|CAL5997|106.711921692|28.0474090576|7193|-35.25|227.25|0|0|7193
17:29:48|1834|1414|CAL5997|106.710720062|28.0563354492|7193|-32.25|228.0|0|0|7193
17:29:52|1834|1414|CAL5997|106.709690094|28.0649185181|7193|-30.5|228.5|0|0|7193
17:29:56|1834|1414|CAL5997|106.708831787|28.0733299255|7193|-29.0|229.5|0|0|7193
17:30:00|1834|1414|CAL5997|106.708145142|28.0819129944|7193|-27.5|230.0|0|0|7193
17:30:04|1834|1414|CAL5997|106.707286835|28.0906677246|7193|-26.5|230.0|0|0|7193
17:30:08|1834|1414|CAL5997|106.706428528|28.0985641479|7193|-27.0|230.5|0|0|6217
17:30:12|1834|1414|CAL5997|106.705570221|28.1059455872|7193|-27.5|230.5|0|0|5394
17:30:16|1834|1414|CAL5997|106.704711914|28.1153869629|7193|-27.0|230.5|0|0|5394
17:30:20|1834|1414|CAL5997|106.704540253|28.1244850159|7193|-23.25|231.0|0|0|5394
17:30:24|1834|1414|CAL5997|106.703853607|28.1316947937|7193|-23.75|231.5|0|0|5394
17:30:28|1834|1414|CAL5997|106.703166962|28.1407928467|7186|-23.25|231.5|0|0|5394
17:30:32|1834|1414|CAL5997|106.702480316|28.1488609314|7186|-23.25|231.5|0|0|5394
17:30:36|1834|1414|CAL5997|106.701622009|28.1572723389|7163|-23.75|231.5|-2|0|5394
17:30:40|1834|1414|CAL5997|106.701107025|28.1651687622|7148|-23.25|231.0|-3|0|5394
17:30:44|1834|1414|CAL5997|106.70042038|28.1734085083|7117|-22.75|231.0|-5|0|5394
17:30:48|1834|1414|CAL5997|106.699733734|28.1816482544|7094|-22.25|231.0|-6|0|5394
17:30:52|1834|1414|CAL5997|106.69921875|28.1898880005|7071|-22.25|231.0|-6|0|5394
17:30:56|1834|1414|CAL5997|106.698703766|28.1981277466|7041|-21.25|231.0|-6|0|5394
17:31:00|1834|1414|CAL5997|106.698360443|28.2065391541|7026|-20.25|231.0|-5|0|5394
17:31:04|1834|1414|CAL5997|106.698188782|28.2151222229|7003|-18.75|231.0|-5|0|5394
17:31:08|1834|1414|CAL5997|106.698360443|28.2237052917|6988|-16.0|230.5|-5|0|5394
17:31:12|1834|1414|CAL5997|106.698875427|28.2319450378|6980|-12.0|230.5|-4|0|5394
17:31:16|1834|1414|CAL5997|106.698703766|28.2401847839|6965|-11.0|230.5|-4|0|5394
17:31:20|1834|1414|CAL5997|106.698703766|28.2491111755|6942|-10.25|230.5|-4|0|5394
17:31:24|1834|1414|CAL5997|106.698532104|28.2568359375|6934|-10.5|230.5|-4|0|5394
17:31:28|1834|1414|CAL5997|106.698360443|28.2650756836|6919|-10.25|230.5|-4|0|5394
17:31:32|1834|1414|CAL5997|106.698188782|28.2733154297|6904|-10.25|230.5|-4|0|5394
17:31:36|1834|1414|CAL5997|106.69801712|28.2815551758|6881|-9.75|230.0|-5|0|5394
17:31:40|1834|1414|CAL5997|106.697845459|28.2897949219|6858|-9.75|230.0|-5|0|5394
17:31:44|1834|1414|CAL5997|106.697673798|28.2976913452|6835|-10.25|230.0|-5|0|5394
17:31:48|1834|1414|CAL5997|106.697330475|28.3064460754|6820|-10.25|230.0|-5|0|5394
17:31:52|1834|1414|CAL5997|106.697158813|28.3146858215|6805|-10.25|230.0|-5|0|5394
17:31:56|1834|1414|CAL5997|106.696815491|28.3229255676|6789|-10.5|229.5|-4|0|5394
17:32:00|1834|1414|CAL5997|106.696643829|28.3311653137|6767|-10.5|229.5|-4|0|5394
17:32:04|1834|1414|CAL5997|106.696300507|28.3394050598|6759|-11.0|229.5|-4|0|5394
17:32:08|1834|1414|CAL5997|106.696128845|28.3474731445|6736|-11.0|229.0|-4|0|5394
17:32:12|1834|1414|CAL5997|106.695785522|28.3555412292|6721|-11.0|229.0|-5|0|5394
17:32:16|1834|1414|CAL5997|106.6954422|28.3634376526|6698|-12.0|229.0|-5|0|5394
17:32:20|1834|1414|CAL5997|106.695098877|28.3718490601|6683|-12.0|229.0|-4|0|5394
17:32:24|1834|1414|CAL5997|106.694927216|28.3799171448|6660|-12.0|228.5|-5|0|5394
17:32:28|1834|1414|CAL5997|106.694583893|28.3879852295|6637|-12.0|228.5|-5|0|5394
17:32:32|1834|1414|CAL5997|106.69424057|28.3960533142|6622|-12.5|228.5|-5|0|5394
17:32:36|1834|1414|CAL5997|106.693897247|28.4042930603|6599|-12.5|228.0|-5|0|5394
17:32:40|1834|1414|CAL5997|106.693553925|28.412361145|6584|-12.5|228.0|-5|0|5394
17:32:44|1834|1414|CAL5997|106.693210602|28.4204292297|6553|-13.0|228.0|-6|0|5394
17:32:48|1834|1414|CAL5997|106.692695618|28.4295272827|6515|-13.5|227.75|-7|0|5394
17:32:52|1834|1414|CAL5997|106.692352295|28.4375953674|6462|-13.5|227.25|-10|0|5394
17:32:56|1834|1414|CAL5997|106.692008972|28.4458351135|6408|-13.5|227.25|-11|0|5394
17:33:00|1834|1414|CAL5997|106.691665649|28.4540748596|6355|-13.5|227.25|-12|0|5394
17:33:04|1834|1414|CAL5997|106.691322327|28.4621429443|6294|-13.5|227.25|-13|0|5394
17:33:08|1834|1414|CAL5997|106.690807343|28.4702110291|6241|-14.0|226.75|-13|0|5394
17:33:12|1834|1414|CAL5997|106.69046402|28.4782791138|6195|-14.0|226.25|-12|0|5394
17:33:16|1834|1414|CAL5997|106.689949036|28.4861755371|6165|-15.0|225.25|-10|0|5394
17:33:20|1834|1414|CAL5997|106.689434052|28.4940719604|6126|-15.0|224.25|-9|0|5394
17:33:24|1834|1414|CAL5997|106.688919067|28.5017967224|6126|-15.0|223.75|-9|0|5394
17:33:28|1834|1414|CAL5997|106.688404083|28.5098648071|6088|-15.5|223.25|-9|0|5394
17:33:32|1834|1414|CAL5997|106.687889099|28.5179328918|6050|-16.0|223.25|-9|0|5394
17:33:36|1834|1414|CAL5997|106.687545776|28.5258293152|6005|-15.5|222.25|-10|0|5394
17:33:40|1834|1414|CAL5997|106.687202454|28.5337257385|5951|-15.0|221.75|-11|0|5394
17:33:44|1834|1414|CAL5997|106.687030792|28.5414505005|5898|-15.0|221.25|-12|0|5394
17:33:48|1834|1414|CAL5997|106.686687469|28.5490036011|5852|-15.0|221.25|-12|0|5394
17:33:52|1834|1414|CAL5997|106.686344147|28.5569000244|5799|-14.5|221.0|-12|0|5394
17:33:56|1834|1414|CAL5997|106.686000824|28.5651397705|5768|-14.0|220.0|-11|0|5394
17:34:00|1834|1414|CAL5997|106.685829163|28.5728645325|5730|-14.0|219.0|-10|0|5394
17:34:04|1834|1414|CAL5997|106.68548584|28.5800743103|5692|-14.0|218.5|-10|0|5394
17:34:08|1834|1414|CAL5997|106.685142517|28.5879707336|5654|-14.0|218.0|-10|0|5394
17:34:12|1834|1414|CAL5997|106.684799194|28.5956954956|5616|-13.5|217.5|-9|0|5394
17:34:16|1834|1414|CAL5997|106.684627533|28.6032485962|5578|-13.5|217.0|-10|0|5394
17:34:20|1834|1414|CAL5997|106.684112549|28.6116600037|5532|-13.5|217.0|-10|0|5394
17:34:24|1834|1414|CAL5997|106.683769226|28.619556427|5486|-13.5|216.5|-10|0|5394
17:34:28|1834|1414|CAL5997|106.683425903|28.6279678345|5456|-13.5|216.5|-9|0|5394
17:34:32|1834|1414|CAL5997|106.683082581|28.6339759827|5433|-13.5|216.5|-7|0|5394
17:34:36|1834|1414|CAL5997|106.682739258|28.6420440674|5410|-13.5|216.5|-6|0|5394
17:34:40|1834|1414|CAL5997|106.682395935|28.6499404907|5395|-13.5|216.5|-5|0|5394
17:34:44|1834|1414|CAL5997|106.682052612|28.6573219299|5387|-13.5|216.5|-4|0|5394
17:34:48|1834|1414|CAL5997|106.68170929|28.6659049988|5380|-14.0|216.5|-3|0|5394
17:34:52|1834|1414|CAL5997|106.681365967|28.6739730835|5380|-14.0|216.5|-2|0|5394
17:34:56|1834|1414|CAL5997|106.680850983|28.682384491|5387|-14.0|216.0|0|0|5394
17:35:00|1834|1414|CAL5997|106.68050766|28.6901092529|5387|-14.0|216.5|0|0|5394
17:35:04|1834|1414|CAL5997|106.680164337|28.6978340149|5387|-14.0|216.0|0|0|5394
17:35:08|1834|1414|CAL5997|106.679821014|28.7057304382|5387|-13.5|216.0|0|0|5394
17:35:12|1834|1414|CAL5997|106.679649353|28.7132835388|5387|-13.5|215.5|0|0|5394
17:35:16|1834|1414|CAL5997|106.67930603|28.7203216553|5387|-13.5|215.0|0|0|5394
17:35:20|1834|1414|CAL5997|106.678962708|28.7280464172|5387|-13.0|214.25|0|0|3596
17:35:24|1834|1414|CAL5997|106.678619385|28.7352561951|5387|-13.0|211.75|0|0|3596
17:35:28|1834|1414|CAL5997|106.678447723|28.741607666|5387|-12.5|203.5|0|0|3596
17:35:32|1834|1414|CAL5997|106.678104401|28.747959137|5387|-12.0|199.25|0|0|3596
17:35:36|1834|1414|CAL5997|106.677932739|28.754825592|5387|-12.0|196.75|-1|0|3596
17:35:40|1834|1414|CAL5997|106.677589417|28.7615203857|5372|-11.5|194.0|-2|0|3596
17:35:44|1834|1414|CAL5997|106.677417755|28.7685585022|5349|-11.5|193.5|-3|0|3596
17:35:48|1834|1414|CAL5997|106.677074432|28.7750816345|5334|-11.5|192.5|-4|0|3596
17:35:52|1834|1414|CAL5997|106.676902771|28.782119751|5319|-11.5|192.0|-4|0|3596
17:35:56|1834|1414|CAL5997|106.676559448|28.7889862061|5304|-11.5|191.0|-4|0|3596
17:36:00|1834|1414|CAL5997|106.676387787|28.795337677|5288|-11.0|190.0|-4|0|3596
17:36:04|1834|1414|CAL5997|106.676044464|28.8022041321|5265|-11.0|189.5|-5|0|3596
17:36:08|1834|1414|CAL5997|106.675701141|28.809928894|5235|-11.0|189.0|-5|0|3596
17:36:12|1834|1414|CAL5997|106.67552948|28.8154220581|5212|-11.0|188.0|-6|0|3596
17:36:16|1834|1414|CAL5997|106.675186157|28.8217735291|5189|-11.0|187.25|-6|0|3596
17:36:20|1834|1414|CAL5997|106.674842834|28.8293266296|5174|-11.5|186.75|-5|0|3596
17:36:24|1834|1414|CAL5997|106.674499512|28.8351631165|5159|-11.0|186.25|-5|0|3596
17:36:28|1834|1414|CAL5997|106.674156189|28.8430595398|5136|-11.5|185.75|-5|0|3596
17:36:32|1834|1414|CAL5997|106.673812866|28.849067688|5113|-11.5|185.25|-6|0|3596
17:36:36|1834|1414|CAL5997|106.673641205|28.8555908203|5083|-11.5|184.75|-6|0|3596
17:36:40|1834|1414|CAL5997|106.673297882|28.8619422913|5052|-11.5|184.25|-6|0|3596
17:36:44|1834|1414|CAL5997|106.672954559|28.8684654236|5029|-11.5|183.75|-6|0|3596
17:36:48|1834|1414|CAL5997|106.672611237|28.8749885559|5014|-11.5|183.25|-6|0|3596
17:36:52|1834|1414|CAL5997|106.672439575|28.8823699951|4991|-11.5|182.75|-6|0|3596
17:36:56|1834|1414|CAL5997|106.672096252|28.8890647888|4961|-11.0|182.25|-6|0|3596
17:37:00|1834|1414|CAL5997|106.671924591|28.8942146301|4938|-11.5|182.25|-6|0|3596
17:37:04|1834|1414|CAL5997|106.671581268|28.9015960693|4915|-11.0|181.75|-6|0|3596
17:37:08|1834|1414|CAL5997|106.671409607|28.9081192017|4900|-11.0|181.75|-6|0|3596
17:37:12|1834|1414|CAL5997|106.671066284|28.914642334|4877|-11.0|181.75|-6|0|3596
17:37:16|1834|1414|CAL5997|106.670894623|28.9211654663|4846|-10.5|181.25|-6|0|3596
17:37:20|1834|1414|CAL5997|106.6705513|28.9273452759|4816|-10.5|181.25|-6|0|3596
17:37:24|1834|1414|CAL5997|106.670379639|28.9336967468|4793|-11.0|180.75|-6|0|3596
17:37:28|1834|1414|CAL5997|106.670036316|28.9409065247|4770|-11.0|181.25|-6|0|3596
17:37:32|1834|1414|CAL5997|106.669692993|28.9469146729|4747|-11.0|180.75|-6|0|3596
17:37:36|1834|1414|CAL5997|106.669521332|28.9532661438|4724|-11.0|180.75|-6|0|3596
17:37:40|1834|1414|CAL5997|106.669178009|28.9599609375|4702|-10.5|180.75|-6|0|3596
17:37:44|1834|1414|CAL5997|106.669006348|28.9661407471|4679|-10.5|180.5|-6|0|3596
17:37:48|1834|1414|CAL5997|106.668834686|28.9723205566|4648|-10.5|180.5|-6|0|3596
17:37:52|1834|1414|CAL5997|106.668491364|28.9793586731|4625|-10.5|180.0|-6|0|3596
17:37:56|1834|1414|CAL5997|106.668319702|28.9851951599|4602|-10.5|180.0|-6|0|3596
17:38:00|1834|1414|CAL5997|106.667976379|28.9917182922|4572|-10.5|180.0|-6|0|3596
17:38:04|1834|1414|CAL5997|106.667804718|28.9980697632|4549|-10.5|179.5|-6|0|3596
17:38:08|1834|1414|CAL5997|106.667461395|29.005279541|4526|-10.5|179.5|-6|0|3596
17:38:12|1834|1414|CAL5997|106.667118073|29.011631012|4496|-10.5|179.5|-6|0|3596
17:38:16|1834|1414|CAL5997|106.666946411|29.0169525146|4473|-10.5|179.0|-7|0|3596
17:38:20|1834|1414|CAL5997|106.666603088|29.0245056152|4442|-10.5|179.0|-7|0|3596
17:38:24|1834|1414|CAL5997|106.666259766|29.0308570862|4420|-10.5|179.0|-6|0|3596
17:38:28|1834|1414|CAL5997|106.665916443|29.0373802185|4397|-11.0|179.0|-6|0|3596
17:38:32|1834|1414|CAL5997|106.665744781|29.0427017212|4374|-11.0|178.5|-6|0|3596
17:38:36|1834|1414|CAL5997|106.665058136|29.0505981445|4343|-11.5|178.5|-6|0|3596
17:38:40|1834|1414|CAL5997|106.664543152|29.0567779541|4321|-12.5|178.0|-6|0|3596
17:38:44|1834|1414|CAL5997|106.663684845|29.0629577637|4298|-14.5|178.0|-6|0|3596
17:38:48|1834|1414|CAL5997|106.662311554|29.069480896|4267|-19.25|177.5|-6|0|3596
17:38:52|1834|1414|CAL5997|106.660251617|29.0751457214|4244|-30.75|175.0|-6|0|3596
17:38:56|1834|1414|CAL5997|106.657333374|29.0811538696|4221|-44.75|170.75|-6|0|3596
17:39:00|1834|1414|CAL5997|106.654758453|29.0869903564|4199|-53.0|168.25|-6|0|3596
17:39:04|1834|1414|CAL5997|106.652355194|29.0933418274|4176|-56.0|166.75|-6|0|3596
17:39:08|1834|1414|CAL5997|106.649951935|29.0990066528|4153|-59.75|165.0|-6|0|3596
17:39:12|1834|1414|CAL5997|106.648406982|29.1048431396|4130|-55.5|166.0|-6|0|3596
17:39:16|1834|1414|CAL5997|106.646175385|29.1106796265|4107|-57.0|165.0|-6|0|3596
17:39:20|1834|1414|CAL5997|106.644287109|29.1166877747|4084|-55.0|165.5|-6|0|3596
17:39:24|1834|1414|CAL5997|106.642398834|29.1228675842|4069|-52.0|166.5|-5|0|3596
17:39:28|1834|1414|CAL5997|106.64068222|29.1292190552|4046|-50.25|166.75|-5|0|3596
17:39:32|1834|1414|CAL5997|106.638965607|29.135055542|4023|-50.25|166.75|-5|0|3596
17:39:36|1834|1414|CAL5997|106.637077332|29.1408920288|4001|-49.75|166.5|-5|0|3596
17:39:40|1834|1414|CAL5997|106.635189056|29.1470718384|3978|-49.75|166.75|-6|0|3596
17:39:44|1834|1414|CAL5997|106.633300781|29.1530799866|3955|-50.25|166.75|-6|0|3596
17:39:48|1834|1414|CAL5997|106.631584167|29.1580581665|3932|-50.25|166.5|-6|0|3596
17:39:52|1834|1414|CAL5997|106.62935257|29.1654396057|3909|-49.75|166.5|-6|0|3596
17:39:56|1834|1414|CAL5997|106.627807617|29.1704177856|3886|-49.75|166.5|-6|0|3596
17:40:00|1834|1414|CAL5997|106.625576019|29.1774559021|3863|-49.75|166.0|-6|0|3596
17:40:04|1834|1414|CAL5997|106.623687744|29.1832923889|3840|-49.75|166.0|-6|0|3596
17:40:08|1834|1414|CAL5997|106.621799469|29.1893005371|3818|-50.25|165.5|-6|0|3596
17:40:12|1834|1414|CAL5997|106.619911194|29.1947937012|3802|-50.25|165.0|-5|0|3596
17:40:16|1834|1414|CAL5997|106.618022919|29.200630188|3780|-50.75|165.0|-5|0|3596
17:40:20|1834|1414|CAL5997|106.615962982|29.2066383362|3757|-50.75|164.5|-5|0|3596
17:40:24|1834|1414|CAL5997|106.614074707|29.212474823|3734|-50.25|164.5|-5|0|3596
17:40:28|1834|1414|CAL5997|106.612186432|29.2184829712|3711|-50.75|164.5|-6|0|3596
17:40:32|1834|1414|CAL5997|106.610298157|29.2246627808|3688|-50.25|164.5|-6|0|3596
17:40:36|1834|1414|CAL5997|106.608753204|29.230670929|3658|-48.75|164.5|-6|0|3596
17:40:40|1834|1414|CAL5997|106.607723236|29.236164093|3642|-46.75|164.5|-6|0|3596
17:40:44|1834|1414|CAL5997|106.606178284|29.2423439026|3620|-45.25|164.5|-6|0|3596
17:40:48|1834|1414|CAL5997|106.610126495|29.2485237122|3604|4.25|168.75|-5|0|3596
17:40:52|1834|1414|CAL5997|106.611843109|29.2548751831|3589|29.0|166.5|-4|0|3596
17:40:56|1834|1414|CAL5997|106.612529755|29.2595100403|3581|32.25|164.0|-3|0|3596
17:41:00|1834|1414|CAL5997|106.614246368|29.2655181885|3581|39.0|161.5|-2|0|3596
17:41:04|1834|1414|CAL5997|106.616477966|29.2720413208|3597|43.5|160.0|0|0|3596
17:41:08|1834|1414|CAL5997|106.61819458|29.2768478394|3597|45.25|160.0|0|0|3596
17:41:12|1834|1414|CAL5997|106.620254517|29.2831993103|3597|44.75|160.5|0|0|3596
17:41:16|1834|1414|CAL5997|106.622314453|29.2893791199|3597|44.0|161.0|0|0|3596
17:41:20|1834|1414|CAL5997|106.624202728|29.2948722839|3597|43.5|161.0|0|0|3596
17:41:24|1834|1414|CAL5997|106.626091003|29.3007087708|3597|44.0|161.5|0|0|3596
17:41:28|1834|1414|CAL5997|106.62815094|29.3067169189|3597|44.0|161.5|0|0|3596
17:41:32|1834|1414|CAL5997|106.630210876|29.3125534058|3589|44.0|161.5|0|0|3596
17:41:36|1834|1414|CAL5997|106.63192749|29.3177032471|3589|44.0|161.5|0|0|3596
17:41:40|1834|1414|CAL5997|106.634159088|29.3237113953|3597|44.25|161.0|0|0|3596
17:41:44|1834|1414|CAL5997|106.636219025|29.3295478821|3597|44.75|161.0|0|0|3596
17:41:48|1834|1414|CAL5997|106.638278961|29.3352127075|3597|45.25|160.5|0|0|3596
17:41:52|1834|1414|CAL5997|106.640338898|29.340877533|3597|45.25|160.5|0|0|3596
17:41:56|1834|1414|CAL5997|106.642227173|29.3465423584|3597|45.25|160.5|0|0|3596
17:42:00|1834|1414|CAL5997|106.644458771|29.352722168|3597|45.25|160.5|0|0|3322
17:42:04|1834|1414|CAL5997|106.646518707|29.3585586548|3597|45.25|160.5|0|0|2987
17:42:08|1834|1414|CAL5997|106.648406982|29.3642234802|3597|45.25|161.0|0|0|2987
17:42:12|1834|1414|CAL5997|106.65063858|29.3702316284|3597|45.25|161.0|0|0|2987
17:42:16|1834|1414|CAL5997|106.652526855|29.3757247925|3597|45.75|161.5|0|0|2987
17:42:20|1834|1414|CAL5997|106.654586792|29.3815612793|3597|45.75|161.5|0|0|2987
17:42:24|1834|1414|CAL5997|106.656646729|29.3873977661|3574|45.75|161.5|-2|0|2987
17:42:28|1834|1414|CAL5997|106.658878326|29.3935775757|3559|45.75|162.0|-3|0|2987
17:42:32|1834|1414|CAL5997|106.66059494|29.3990707397|3536|45.25|162.0|-4|0|2987
17:42:36|1834|1414|CAL5997|106.662654877|29.4049072266|3520|45.75|162.0|-4|0|2987
17:42:40|1834|1414|CAL5997|106.66437149|29.4098854065|3505|45.25|162.0|-4|0|2987
17:42:44|1834|1414|CAL5997|106.666946411|29.4172668457|3482|45.25|162.5|-4|0|2987
17:42:48|1834|1414|CAL5997|106.668663025|29.4220733643|3467|45.25|162.0|-4|0|2987
17:42:52|1834|1414|CAL5997|106.6705513|29.4277381897|3452|45.25|162.5|-4|0|2987
17:42:56|1834|1414|CAL5997|106.672611237|29.4332313538|3437|45.25|162.0|-4|0|2987
17:43:00|1834|1414|CAL5997|106.674842834|29.4400978088|3414|45.25|162.0|-5|0|2987
17:43:04|1834|1414|CAL5997|106.67673111|29.4452476501|3391|45.25|162.0|-5|0|2987
17:43:08|1834|1414|CAL5997|106.678619385|29.4507408142|3376|45.25|162.0|-5|0|2987
17:43:12|1834|1414|CAL5997|106.680850983|29.4572639465|3353|44.75|162.0|-5|0|2987
17:43:16|1834|1414|CAL5997|106.682739258|29.462928772|3345|45.25|162.0|-4|0|2987
17:43:20|1834|1414|CAL5997|106.684455872|29.4677352905|3322|44.75|162.0|-5|0|2987
17:43:24|1834|1414|CAL5997|106.686859131|29.4749450684|3315|44.75|162.0|-4|0|2987
17:43:28|1834|1414|CAL5997|106.688919067|29.4806098938|3299|44.75|162.0|-4|0|2987
17:43:32|1834|1414|CAL5997|106.690807343|29.4862747192|3284|44.75|162.0|-4|0|2987
17:43:36|1834|1414|CAL5997|106.692695618|29.4919395447|3269|44.75|161.5|-4|0|2987
17:43:40|1834|1414|CAL5997|106.694927216|29.4976043701|3254|44.75|161.5|-4|0|2987
17:43:44|1834|1414|CAL5997|106.696815491|29.5030975342|3239|44.75|161.5|-4|0|2987
17:43:48|1834|1414|CAL5997|106.698703766|29.508934021|3223|44.75|161.5|-4|0|2987
17:43:52|1834|1414|CAL5997|106.700763702|29.5147705078|3208|44.75|161.0|-4|0|2987
17:43:56|1834|1414|CAL5997|106.702651978|29.5200920105|3193|44.75|161.0|-4|0|2987
17:44:00|1834|1414|CAL5997|106.704540253|29.5261001587|3185|44.25|161.0|-3|0|2987
17:44:04|1834|1414|CAL5997|106.706428528|29.5315933228|3178|44.25|161.0|-3|0|2987
17:44:08|1834|1414|CAL5997|106.708316803|29.5374298096|3162|44.0|160.5|-2|0|2987
17:44:12|1834|1414|CAL5997|106.71037674|29.5434379578|3155|44.0|160.5|-2|0|2987
17:44:16|1834|1414|CAL5997|106.712093353|29.5485877991|3147|44.0|160.5|-2|0|2987
17:44:20|1834|1414|CAL5997|106.71415329|29.5542526245|3139|44.0|160.0|-2|0|2987
17:44:24|1834|1414|CAL5997|106.716041565|29.5600891113|3132|43.5|160.0|-2|0|2987
17:44:28|1834|1414|CAL5997|106.71792984|29.5655822754|3117|43.5|159.75|-3|0|2987
17:44:32|1834|1414|CAL5997|106.719818115|29.5715904236|3109|43.0|159.75|-2|0|2133
17:44:36|1834|1414|CAL5997|106.722049713|29.5777702332|3101|43.5|159.25|-2|0|2103
17:44:40|1834|1414|CAL5997|106.723594666|29.5827484131|3094|43.0|158.75|-2|0|2103
17:44:44|1834|1414|CAL5997|106.725482941|29.5884132385|3086|43.0|158.75|-2|0|2103
17:44:48|1834|1414|CAL5997|106.727542877|29.5939064026|3071|43.5|157.75|-3|0|2103
17:44:52|1834|1414|CAL5997|106.729602814|29.5993995667|3063|43.5|157.75|-2|0|2103
17:44:56|1834|1414|CAL5997|106.731491089|29.6048927307|3056|43.5|156.75|-2|0|2103
17:45:00|1834|1414|CAL5997|106.733551025|29.6102142334|3048|43.5|156.25|-2|0|2103
17:45:04|1834|1414|CAL5997|106.735439301|29.6155357361|3040|43.5|155.25|-2|0|2103
17:45:08|1834|1414|CAL5997|106.737499237|29.6213722229|3033|43.5|154.25|-2|0|2103
17:45:12|1834|1414|CAL5997|106.739044189|29.6258354187|3025|43.5|153.75|-2|0|2103
17:45:16|1834|1414|CAL5997|106.740932465|29.6313285828|3010|43.0|153.25|-3|0|2103
17:45:20|1834|1414|CAL5997|106.742992401|29.6368217468|3002|43.0|153.0|-2|0|2103
17:45:24|1834|1414|CAL5997|106.744709015|29.6421432495|3002|42.5|152.0|0|0|2103
17:45:28|1834|1414|CAL5997|106.74659729|29.6472930908|3002|42.5|151.0|0|0|2103
17:45:32|1834|1414|CAL5997|106.748313904|29.6524429321|2995|42.0|149.5|0|0|2103
17:45:36|1834|1414|CAL5997|106.750202179|29.6575927734|2995|41.5|148.5|0|0|2103
17:45:40|1834|1414|CAL5997|106.751918793|29.6629142761|2995|41.0|146.25|0|0|2103
17:45:44|1834|1414|CAL5997|106.753635406|29.6677207947|2995|40.0|143.75|0|0|2103
17:45:48|1834|1414|CAL5997|106.755008698|29.6721839905|2972|39.5|142.25|-2|0|2103
17:45:52|1834|1414|CAL5997|106.756725311|29.676990509|2957|39.0|140.25|-3|0|2103
17:45:56|1834|1414|CAL5997|106.758441925|29.6817970276|2941|38.5|139.5|-4|0|2103
17:46:00|1834|1414|CAL5997|106.760158539|29.6869468689|2918|38.0|139.0|-4|0|2103
17:46:04|1834|1414|CAL5997|106.76153183|29.6912384033|2896|37.5|137.5|-5|0|2103
17:46:08|1834|1414|CAL5997|106.763076782|29.6957015991|2880|36.75|134.5|-5|0|2103
17:46:12|1834|1414|CAL5997|106.764278412|29.6994781494|2858|36.75|133.5|-5|0|1828
17:46:16|1834|1414|CAL5997|106.766338348|29.7053146362|2842|36.25|132.75|-5|0|1798
17:46:20|1834|1414|CAL5997|106.767711639|29.7092628479|2827|36.75|134.0|-3|0|1798
17:46:24|1834|1414|CAL5997|106.769256592|29.7140693665|2819|36.75|134.0|-2|0|1798
17:46:28|1834|1414|CAL5997|106.770973206|29.718875885|2812|36.75|133.5|-3|0|1798
17:46:32|1834|1414|CAL5997|106.772518158|29.7236824036|2797|36.75|133.5|-3|0|1798
17:46:36|1834|1414|CAL5997|106.77406311|29.7281455994|2781|36.25|133.0|-3|0|1798
17:46:40|1834|1414|CAL5997|106.775779724|29.7331237793|2774|35.75|132.25|-3|0|1798
17:46:44|1834|1414|CAL5997|106.777667999|29.7387886047|2766|35.75|132.75|-3|0|1798
17:46:48|1834|1414|CAL5997|106.778869629|29.7423934937|2751|35.75|132.75|-3|0|1798
17:46:52|1834|1414|CAL5997|106.780929565|29.7478866577|2736|36.25|132.75|-3|0|1798
17:46:56|1834|1414|CAL5997|106.782474518|29.7525215149|2713|36.25|133.0|-4|0|1798
17:47:00|1834|1414|CAL5997|106.783847809|29.7566413879|2690|36.25|132.75|-6|0|1798
17:47:04|1834|1414|CAL5997|106.785564423|29.7616195679|2667|35.75|132.25|-6|0|1798
17:47:08|1834|1414|CAL5997|106.787109375|29.766254425|2637|35.75|132.25|-7|0|1798
17:47:12|1834|1414|CAL5997|106.788654327|29.7707176208|2606|35.75|132.25|-8|0|1798
17:47:16|1834|1414|CAL5997|106.79019928|29.775352478|2568|35.75|132.25|-8|0|1798
17:47:20|1834|1414|CAL5997|106.791915894|29.780330658|2537|35.75|132.25|-8|0|1798
17:47:24|1834|1414|CAL5997|106.793804169|29.7861671448|2515|35.75|132.25|-7|0|1798
17:47:28|1834|1414|CAL5997|106.795520782|29.790802002|2499|35.75|132.25|-5|0|1798
17:47:32|1834|1414|CAL5997|106.796722412|29.7942352295|2484|35.75|131.75|-4|0|1798
17:47:36|1834|1414|CAL5997|106.798439026|29.7988700867|2461|36.25|131.75|-4|0|1798
17:47:40|1834|1414|CAL5997|106.800327301|29.8043632507|2446|36.25|131.25|-5|0|1798
17:47:44|1834|1414|CAL5997|106.801872253|29.8083114624|2423|36.25|130.75|-5|0|1798
17:47:48|1834|1414|CAL5997|106.803245544|29.8122596741|2408|35.75|130.25|-5|0|1798
17:47:52|1834|1414|CAL5997|106.804962158|29.8170661926|2385|35.75|129.75|-5|0|1798
17:47:56|1834|1414|CAL5997|106.806507111|29.8217010498|2362|35.75|129.75|-5|0|1798
17:48:00|1834|1414|CAL5997|106.807880402|29.8254776001|2339|35.25|127.75|-6|0|1798
17:48:04|1834|1414|CAL5997|106.809768677|29.8306274414|2309|34.75|127.25|-7|0|1798
17:48:08|1834|1414|CAL5997|106.810798645|29.8342323303|2286|34.25|126.25|-5|0|1798
17:48:12|1834|1414|CAL5997|106.812171936|29.8383522034|2278|33.75|125.0|-4|0|1798
17:48:16|1834|1414|CAL5997|106.814060211|29.8431587219|2256|33.25|123.5|-4|0|1798
17:48:20|1834|1414|CAL5997|106.815261841|29.8467636108|2240|33.25|122.0|-4|0|1798
17:48:24|1834|1414|CAL5997|106.816635132|29.8507118225|2225|32.75|120.0|-4|0|1798
17:48:28|1834|1414|CAL5997|106.818008423|29.8546600342|2202|32.25|117.75|-5|0|1798
17:48:32|1834|1414|CAL5997|106.819553375|29.8589515686|2179|31.75|116.25|-5|0|1798
17:48:36|1834|1414|CAL5997|106.820926666|29.8627281189|2149|31.25|113.75|-7|0|1798
17:48:40|1834|1414|CAL5997|106.822299957|29.8665046692|2126|30.5|112.0|-6|0|1798
17:48:44|1834|1414|CAL5997|106.823501587|29.8702812195|2111|30.5|110.5|-5|0|1798
17:48:48|1834|1414|CAL5997|106.824874878|29.8742294312|2096|30.0|110.0|-5|0|1798
17:48:52|1834|1414|CAL5997|106.826076508|29.8774909973|2080|30.0|108.5|-4|0|1798
17:48:56|1834|1414|CAL5997|106.827278137|29.8810958862|2057|29.5|107.5|-5|0|1798
17:49:00|1834|1414|CAL5997|106.828651428|29.8848724365|2042|29.0|106.5|-4|0|1798
17:49:04|1834|1414|CAL5997|106.829853058|29.8884773254|2019|29.0|105.5|-5|0|1798
17:49:08|1834|1414|CAL5997|106.831226349|29.8922538757|2004|29.0|104.75|-5|0|1798
17:49:12|1834|1414|CAL5997|106.832427979|29.8956871033|1981|28.5|103.75|-5|0|1798
17:49:16|1834|1414|CAL5997|106.83380127|29.8996353149|1966|28.0|102.75|-5|0|1798
17:49:20|1834|1414|CAL5997|106.835002899|29.9032402039|1951|28.0|102.25|-4|0|1798
17:49:24|1834|1414|CAL5997|106.836204529|29.90650177|1935|28.0|101.75|-4|0|1798
17:49:28|1834|1414|CAL5997|106.837406158|29.9097633362|1913|28.0|101.25|-5|0|1798
17:49:32|1834|1414|CAL5997|106.838779449|29.9137115479|1897|28.5|101.75|-4|0|1798
17:49:36|1834|1414|CAL5997|106.84015274|29.9176597595|1882|28.5|101.75|-4|0|1798
17:49:40|1834|1414|CAL5997|106.841526031|29.9214363098|1859|28.5|102.25|-5|0|1798
17:49:44|1834|1414|CAL5997|106.842727661|29.9250411987|1844|28.5|102.25|-5|0|1798
17:49:48|1834|1414|CAL5997|106.844100952|29.9283027649|1829|29.0|102.25|-4|0|1798
17:49:52|1834|1414|CAL5997|106.845302582|29.9317359924|1806|29.0|102.25|-5|0|1798
17:49:56|1834|1414|CAL5997|106.846504211|29.9355125427|1791|28.5|102.25|-4|0|1798
17:50:00|1834|1414|CAL5997|106.848220825|29.9399757385|1768|29.0|102.25|-4|0|1798
17:50:04|1834|1414|CAL5997|106.849422455|29.9430656433|1753|29.5|102.75|-5|0|1798
17:50:04|1834|1414|CAL5997|106.849422455|29.9430656433|1753|29.5|102.75|-5|0|1798
17:50:08|1834|1414|CAL5997|106.850624084|29.9464988708|1737|29.5|102.75|-4|0|1798
17:50:12|1834|1414|CAL5997|106.852169037|29.9501037598|1722|30.0|102.75|-4|0|1798
17:50:16|1834|1414|CAL5997|106.853542328|29.9538803101|1715|30.0|102.75|-2|0|1798
17:50:20|1834|1414|CAL5997|106.85508728|29.957485199|1722|30.5|102.75|0|0|1798
17:50:24|1834|1414|CAL5997|106.856460571|29.9610900879|1722|30.5|102.75|0|0|1798
17:50:28|1834|1414|CAL5997|106.858177185|29.9653816223|1722|30.75|102.25|0|0|1798
17:50:32|1834|1414|CAL5997|106.859378815|29.9682998657|1722|30.75|102.25|0|0|1798
17:50:36|1834|1414|CAL5997|106.860752106|29.9719047546|1722|30.75|102.25|0|0|1798
17:50:40|1834|1414|CAL5997|106.862297058|29.9755096436|1722|31.25|102.25|0|0|1798
17:50:44|1834|1414|CAL5997|106.863670349|29.9791145325|1722|31.25|101.75|0|0|1798
17:50:48|1834|1414|CAL5997|106.865215302|29.9827194214|1722|31.25|101.75|0|0|1798
17:50:52|1834|1414|CAL5997|106.866931915|29.9870109558|1722|31.25|101.75|0|0|1798
17:50:56|1834|1414|CAL5997|106.868133545|29.9899291992|1722|31.75|101.75|0|0|1798
17:51:00|1834|1414|CAL5997|106.869506836|29.9935340881|1722|31.25|101.75|0|0|1798
17:51:04|1834|1414|CAL5997|106.870708466|29.9971389771|1722|30.75|101.25|0|0|1798
17:51:06|1834|1414|CAL5997|106.870708466|29.9971389771|1722|30.75|101.25|0|0|1798
17:51:08|1834|1414|CAL5997|106.871566772|30.000743866|1722|29.0|101.25|0|0|1798
17:51:12|1834|1414|CAL5997|106.870536804|30.0045204163|1722|8.75|103.25|0|0|1798
17:51:16|1834|1414|CAL5997|106.865730286|30.0081253052|1722|-42.5|93.0|0|0|1798
17:51:20|1834|1414|CAL5997|106.862640381|30.0115585327|1722|-60.75|82.0|0|0|1798
17:51:24|1834|1414|CAL5997|106.859035492|30.013961792|1722|-77.25|66.5|0|0|1798
17:51:28|1834|1414|CAL5997|106.855258942|30.0156784058|1722|-89.25|49.75|0|0|1493
17:51:32|1834|1414|CAL5997|106.85131073|30.0172233582|1722|-95.5|36.25|0|0|1493
17:51:36|1834|1414|CAL5997|106.84753418|30.0182533264|1722|-98.0|26.0|0|0|1493
17:51:40|1834|1414|CAL5997|106.843585968|30.0192832947|1715|-98.75|20.75|-2|0|1493
17:51:44|1834|1414|CAL5997|106.839809418|30.0206565857|1699|-98.0|23.25|-3|0|1493
17:51:48|1834|1414|CAL5997|106.836032867|30.0220298767|1676|-96.5|26.5|-4|0|1493
17:51:52|1834|1414|CAL5997|106.832084656|30.0234031677|1646|-95.5|28.5|-5|0|1493
17:51:56|1834|1414|CAL5997|106.828308105|30.0246047974|1623|-95.0|30.0|-6|0|1493
17:52:00|1834|1414|CAL5997|106.824874878|30.025806427|1608|-94.5|30.75|-5|0|1493
17:52:04|1834|1414|CAL5997|106.821098328|30.0270080566|1585|-94.5|30.75|-5|0|1493
17:52:08|1834|1414|CAL5997|106.817321777|30.0282096863|1562|-94.0|30.5|-5|0|1493
17:52:12|1834|1414|CAL5997|106.813373566|30.0290679932|1547|-94.5|29.5|-5|0|1493
17:52:16|1834|1414|CAL5997|106.809597015|30.0295829773|1524|-95.0|25.0|-5|0|1493
17:52:20|1834|1414|CAL5997|106.805477142|30.0287246704|1501|-97.5|0.5|-5|0|1493
17:52:24|1834|1414|CAL5997|106.801528931|30.0270080566|1486|-93.0|-27.5|-5|0|1493
17:52:28|1834|1414|CAL5997|106.798095703|30.0249481201|1463|-84.0|-48.75|-5|0|1493
17:52:32|1834|1414|CAL5997|106.794834137|30.0222015381|1440|-72.75|-63.75|-5|0|1493
17:52:36|1834|1414|CAL5997|106.792430878|30.0192832947|1425|-59.25|-76.75|-5|0|1493
17:52:40|1834|1414|CAL5997|106.790542603|30.0163650513|1417|-46.25|-84.5|-3|0|1493
17:52:44|1834|1414|CAL5997|106.788654327|30.0141334534|1410|-40.5|-86.25|-2|0|1493
17:52:48|1834|1414|CAL5997|106.786251068|30.0107002258|1417|-39.0|-86.75|0|0|1493
17:52:52|1834|1414|CAL5997|106.783847809|30.0079536438|1417|-41.0|-85.75|0|0|1493
17:52:52|1834|1414|CAL5997|106.783847809|30.0079536438|1417|-41.0|-85.75|0|0|1493
17:52:56|1834|1414|CAL5997|106.781272888|30.0052070618|1417|-44.25|-84.0|0|0|1493
17:53:00|1834|1414|CAL5997|106.778697968|30.0024604797|1417|-47.75|-82.0|0|0|1493
17:53:04|1834|1414|CAL5997|106.776123047|29.9998855591|1417|-50.75|-80.0|0|0|1493
17:53:08|1834|1414|CAL5997|106.773719788|29.9971389771|1417|-52.5|-79.0|0|0|1493
17:53:12|1834|1414|CAL5997|106.771316528|29.9949073792|1417|-54.5|-78.25|0|0|1493
17:53:16|1834|1414|CAL5997|106.768741608|29.9921607971|1417|-55.5|-78.25|0|0|1493
17:53:20|1834|1414|CAL5997|106.765995026|29.9890708923|1417|-55.5|-77.75|0|0|1493
17:53:24|1834|1414|CAL5997|106.763935089|29.9868392944|1417|-56.0|-77.25|0|0|1493
17:53:28|1834|1414|CAL5997|106.761360168|29.983921051|1417|-56.0|-77.25|0|0|1493
17:53:32|1834|1414|CAL5997|106.758956909|29.9813461304|1417|-56.0|-76.75|0|0|1493
17:53:36|1834|1414|CAL5997|106.75655365|29.9785995483|1417|-56.0|-76.75|0|0|1493
17:53:40|1834|1414|CAL5997|106.754150391|29.9761962891|1417|-56.5|-76.75|0|0|1493
17:53:44|1834|1414|CAL5997|106.751747131|29.973449707|1417|-56.5|-76.75|0|0|1493
17:53:48|1834|1414|CAL5997|106.749172211|29.9705314636|1417|-56.0|-76.25|0|0|1493
17:53:52|1834|1414|CAL5997|106.747112274|29.9672698975|1417|-54.0|-77.25|0|0|1493
17:53:56|1834|1414|CAL5997|106.745910645|29.9646949768|1417|-52.0|-78.5|0|0|1493
17:54:00|1834|1414|CAL5997|106.743679047|29.9612617493|1417|-50.25|-80.0|0|0|1493
17:54:04|1834|1414|CAL5997|106.742649078|29.9578285217|1417|-43.5|-84.0|0|0|1493
17:54:08|1834|1414|CAL5997|106.742992401|29.9538803101|1417|-28.0|-90.25|0|0|1493
17:54:12|1834|1414|CAL5997|106.74282074|29.9502754211|1417|-18.75|-93.0|0|0|1493
17:54:16|1834|1414|CAL5997|106.742134094|29.9468421936|1417|-17.0|-93.5|0|0|1493
17:54:20|1834|1414|CAL5997|106.740932465|29.9435806274|1417|-18.25|-93.0|0|0|1493
17:54:24|1834|1414|CAL5997|106.739902496|29.9401473999|1417|-19.25|-93.0|0|0|1493
17:54:28|1834|1414|CAL5997|106.738700867|29.9368858337|1417|-21.25|-93.0|0|0|1493
17:54:32|1834|1414|CAL5997|106.737499237|29.9336242676|1417|-22.25|-92.5|0|0|1493
17:54:36|1834|1414|CAL5997|106.736297607|29.9303627014|1417|-22.75|-92.5|0|0|1493
17:54:40|1834|1414|CAL5997|106.735267639|29.9271011353|1417|-23.25|-93.0|0|0|1493
17:54:44|1834|1414|CAL5997|106.73406601|29.9236679077|1417|-23.25|-93.0|0|0|2103
17:54:48|1834|1414|CAL5997|106.73286438|29.9202346802|1410|-24.0|-92.5|-2|0|2103
17:54:52|1834|1414|CAL5997|106.73166275|29.9173164368|1394|-24.5|-92.5|-3|0|2103
17:54:56|1834|1414|CAL5997|106.730461121|29.9137115479|1372|-24.5|-92.5|-5|0|2103
17:55:00|1834|1414|CAL5997|106.729431152|29.9109649658|1349|-25.0|-92.5|-6|0|2103
17:55:04|1834|1414|CAL5997|106.728229523|29.9075317383|1326|-25.5|-93.0|-6|0|2103
17:55:08|1834|1414|CAL5997|106.726856232|29.903755188|1303|-25.5|-92.5|-6|0|2103
17:55:12|1834|1414|CAL5997|106.725826263|29.9008369446|1280|-25.5|-92.5|-6|0|2103
17:55:16|1834|1414|CAL5997|106.724624634|29.8970603943|1257|-25.5|-92.5|-6|0|2103
17:55:20|1834|1414|CAL5997|106.723423004|29.8937988281|1234|-25.0|-92.5|-5|0|2103
17:55:24|1834|1414|CAL5997|106.722221375|29.890537262|1219|-25.5|-92.5|-5|0|2103
17:55:28|1834|1414|CAL5997|106.721363068|29.8877906799|1196|-25.5|-92.5|-5|0|2103
17:55:32|1834|1414|CAL5997|106.719989777|29.8838424683|1181|-25.5|-92.5|-5|0|2103
17:55:36|1834|1414|CAL5997|106.718959808|29.8809242249|1158|-25.5|-92.5|-5|0|2103
17:55:40|1834|1414|CAL5997|106.717586517|29.8773193359|1143|-25.5|-92.0|-5|0|2103
17:55:44|1834|1414|CAL5997|106.716556549|29.8740577698|1120|-25.5|-92.0|-5|0|2103
17:55:48|1834|1414|CAL5997|106.715526581|29.8713111877|1097|-25.5|-92.0|-5|0|2103
17:55:52|1834|1414|CAL5997|106.714324951|29.8678779602|1082|-25.5|-92.0|-4|0|2103
17:55:56|1834|1414|CAL5997|106.713123322|29.864616394|1067|-25.5|-92.0|-4|0|2103
17:56:00|1834|1414|CAL5997|106.711921692|29.8611831665|1044|-26.0|-92.0|-4|0|2103
17:56:04|1834|1414|CAL5997|106.710548401|29.8572349548|1021|-26.0|-92.0|-5|0|2103
17:56:08|1834|1414|CAL5997|106.709346771|29.8539733887|998|-26.0|-92.5|-6|0|2103
17:56:12|1834|1414|CAL5997|106.708488464|29.851398468|983|-25.5|-92.0|-5|0|2103
17:56:16|1834|1414|CAL5997|106.707458496|29.8481369019|960|-25.5|-92.0|-5|0|2103
17:56:20|1834|1414|CAL5997|106.706256866|29.8447036743|945|-25.5|-92.0|-5|0|2103
17:56:24|1834|1414|CAL5997|106.705055237|29.8414421082|930|-25.0|-92.0|-4|0|2103
17:56:28|1834|1414|CAL5997|106.704025269|29.838180542|907|-25.0|-91.75|-5|0|2103
17:56:32|1834|1414|CAL5997|106.702823639|29.8345756531|884|-25.0|-91.75|-5|0|2103
17:56:36|1834|1414|CAL5997|106.701965332|29.831829071|869|-24.5|-91.25|-5|0|2103
17:56:40|1834|1414|CAL5997|106.700935364|29.8287391663|846|-24.5|-90.75|-5|0|2103
17:56:44|1834|1414|CAL5997|106.699733734|29.8256492615|831|-24.5|-90.25|-5|0|2103
17:56:48|1834|1414|CAL5997|106.698875427|29.8227310181|815|-24.0|-89.75|-4|0|2103
17:56:52|1834|1414|CAL5997|106.697845459|29.8194694519|792|-24.0|-88.75|-5|0|2103
17:56:56|1834|1414|CAL5997|106.696815491|29.8165512085|777|-23.75|-87.75|-4|0|2103
17:57:00|1834|1414|CAL5997|106.695785522|29.8136329651|762|-23.75|-86.75|-4|0|2103
17:57:04|1834|1414|CAL5997|106.694755554|29.8107147217|739|-23.25|-85.75|-4|0|2103
17:57:08|1834|1414|CAL5997|106.693897247|29.8079681396|724|-22.75|-84.5|-4|0|2103
17:57:12|1834|1414|CAL5997|106.69303894|29.8052215576|709|-22.75|-84.5|-4|0|2103
17:57:16|1834|1414|CAL5997|106.692008972|29.8021316528|686|-22.75|-83.5|-5|0|2103
17:57:20|1834|1414|CAL5997|106.690979004|29.7993850708|671|-22.25|-83.0|-5|0|2103
17:57:24|1834|1414|CAL5997|106.690120697|29.7966384888|655|-22.25|-82.5|-4|0|2103
17:57:28|1834|1414|CAL5997|106.689090729|29.7937202454|632|-22.25|-82.5|-4|0|2103
17:57:32|1834|1414|CAL5997|106.68806076|29.7906303406|617|-22.25|-82.0|-4|0|2103
17:57:36|1834|1414|CAL5997|106.687030792|29.7877120972|602|-22.25|-81.5|-4|0|2103
17:57:40|1834|1414|CAL5997|106.686000824|29.7849655151|579|-22.25|-81.5|-5|0|2103
17:57:44|1834|1414|CAL5997|106.684970856|29.7820472717|556|-22.25|-81.5|-5|0|2103
17:57:48|1834|1414|CAL5997|106.683940887|29.7791290283|549|-22.25|-81.0|-4|0|2103
17:57:52|1834|1414|CAL5997|106.683082581|29.7762107849|533|-22.25|-81.0|-4|0|2103
17:57:56|1834|1414|CAL5997|106.682052612|29.7734642029|511|-22.25|-81.0|-4|0|2103
17:58:00|1834|1414|CAL5997|106.681022644|29.7705459595|495|-22.25|-81.0|-4|0|2103
17:58:04|1834|1414|CAL5997|106.679992676|29.7676277161|480|-22.25|-81.0|-4|0|2103
17:58:08|1834|1414|CAL5997|106.678962708|29.7647094727|465|-22.25|-81.0|-4|0|2103
17:58:12|1834|1414|CAL5997|106.677932739|29.7617912292|442|-22.25|-81.0|-4|0|2103
17:58:16|1834|1414|CAL5997|106.676902771|29.7588729858|427|-22.25|-81.0|-4|0|2103
17:58:20|1834|1414|CAL5997|106.675872803|29.7559547424|411|-22.75|-81.0|-4|0|2103
17:58:24|1834|1414|CAL5997|106.674842834|29.7526931763|389|-22.75|-81.0|-4|0|2103
17:58:28|1834|1414|CAL5997|106.673812866|29.7497749329|366|-22.75|-81.5|-5|0|2103
17:58:32|1834|1414|CAL5997|106.672954559|29.7472000122|351|-22.75|-81.5|-5|0|2103
17:58:36|1834|1414|CAL5997|106.67175293|29.7437667847|328|-22.25|-82.0|-5|0|2103
17:58:40|1834|1414|CAL5997|106.670894623|29.7408485413|320|-22.25|-82.0|-3|0|2103
17:58:44|1834|1414|CAL5997|106.669864655|29.7382736206|320|-22.75|-82.0|-2|0|2103
17:58:48|1834|1414|CAL5997|106.668834686|29.7353553772|335|-22.75|-82.0|0|0|2103
17:58:52|1834|1414|CAL5997|106.667804718|29.7326087952|320|-22.75|-81.5|0|0|2103
17:58:56|1834|1414|CAL5997|106.666603088|29.729347229|320|-22.75|-81.0|0|0|2103
17:59:00|1834|1414|CAL5997|106.66557312|29.7264289856|320|-22.75|-81.0|0|0|2103
17:59:04|1834|1414|CAL5997|106.664543152|29.7243690491|0|-23.25|-77.75|0|0|2103
17:59:08|1834|1414|CAL5997|106.663513184|29.7214508057|0|-23.25|-77.75|0|0|2103
17:59:12|1834|1414|CAL5997|106.662483215|29.7187042236|0|-23.25|-77.75|0|0|2103
17:59:20|1834|1414|CAL5997|106.662483215|29.7187042236|0|-23.25|-77.75|0|0|2103
