09:06:02|765|0|CBG8815|105.46377182|27.2660064697|1387|0.0|0.0|0|0|0
09:06:04|765|0|CBG8815|105.46377182|27.2660064697|1387|42.5|6.75|0|0|0
09:06:04|765|0|CBG8815|105.46377182|27.2660064697|1387|42.5|6.75|0|0|0
09:06:08|765|885|CBG8815|105.466518402|27.2663497925|1387|47.75|7.75|0|0|0
09:06:12|765|885|CBG8815|105.468578339|27.2666931152|1387|47.75|7.75|0|0|0
09:06:16|765|885|CBG8815|105.471839905|27.267036438|1387|59.25|9.25|0|0|0
09:06:20|765|885|CBG8815|105.475101471|27.2673797607|1387|64.75|9.75|0|0|0
09:06:24|765|885|CBG8815|105.478534698|27.2677230835|1387|64.75|9.75|0|0|0
09:06:28|765|885|CBG8815|105.481967926|27.2682380676|1387|72.75|10.5|0|0|0
09:06:32|765|885|CBG8815|105.485572815|27.2685813904|1440|72.75|10.5|5|0|0
09:06:36|765|885|CBG8815|105.48866272|27.2689247131|1501|79.5|11.5|9|0|0
09:06:40|765|885|CBG8815|105.492095947|27.2694396973|1501|79.5|11.5|9|0|0
09:06:44|765|885|CBG8815|105.495529175|27.2696113586|1585|82.0|11.5|12|0|0
09:06:48|765|885|CBG8815|105.498790741|27.2701263428|1654|82.5|11.5|14|0|0
09:06:52|765|885|CBG8815|105.502223969|27.2704696655|1715|83.0|11.5|14|0|0
09:06:56|765|885|CBG8815|105.505485535|27.2708129883|1768|83.0|11.5|14|0|0
09:07:00|765|885|CBG8815|105.508918762|27.2713279724|1836|83.5|12.0|13|0|0
09:07:04|765|885|CBG8815|105.51235199|27.2718429565|1882|83.5|12.0|13|0|0
09:07:08|765|885|CBG8815|105.515613556|27.2723579407|1928|83.5|12.0|12|0|0
09:07:12|765|885|CBG8815|105.518188477|27.2725296021|1966|83.5|12.5|12|0|0
09:07:16|765|885|CBG8815|105.52230835|27.2730445862|2012|83.5|12.5|12|0|0
09:07:20|765|885|CBG8815|105.525741577|27.2733879089|2065|84.0|12.5|12|0|0
09:07:24|765|885|CBG8815|105.529174805|27.2739028931|2111|84.0|12.5|12|0|0
09:07:28|765|885|CBG8815|105.532093048|27.2742462158|2156|84.5|13.0|11|0|0
09:07:32|765|885|CBG8815|105.535869598|27.2747612|2187|85.0|13.0|9|0|0
09:07:36|765|885|CBG8815|105.539474487|27.2752761841|2195|85.0|13.0|6|0|0
09:07:40|765|885|CBG8815|105.543422699|27.2757911682|2202|87.25|13.5|5|0|0
09:07:44|765|885|CBG8815|105.546855927|27.276134491|2202|87.25|13.5|3|0|0
09:07:48|765|885|CBG8815|105.550117493|27.2766494751|2210|88.25|13.5|3|0|0
09:07:52|765|885|CBG8815|105.554580688|27.2771644592|2225|91.75|14.0|3|0|0
09:07:56|765|885|CBG8815|105.560073853|27.2778511047|2240|100.25|15.5|3|0|0
09:08:00|765|885|CBG8815|105.564193726|27.2783660889|2256|100.25|15.5|4|0|0
09:08:04|765|885|CBG8815|105.568656921|27.278881073|2278|105.5|16.0|4|0|0
09:08:08|765|885|CBG8815|105.574321747|27.2797393799|2309|115.25|17.75|5|0|0
09:08:12|765|885|CBG8815|105.579471588|27.2804260254|2355|118.75|18.25|8|0|0
09:08:16|765|885|CBG8815|105.584106445|27.2809410095|2400|118.25|18.25|9|0|0
09:08:20|765|885|CBG8815|105.589084625|27.281627655|2446|119.5|18.75|11|0|0
09:08:24|765|885|CBG8815|105.593891144|27.2821426392|2507|119.5|18.75|12|0|0
09:08:28|765|885|CBG8815|105.598697662|27.2828292847|2560|119.25|18.25|13|0|0
09:08:32|765|885|CBG8815|105.603675842|27.2833442688|2614|120.5|18.75|13|0|0
09:08:36|765|885|CBG8815|105.608825684|27.2840309143|2667|121.5|18.75|13|0|0
09:08:40|765|885|CBG8815|105.614147186|27.2847175598|2720|122.5|19.25|12|0|0
09:08:44|765|885|CBG8815|105.619297028|27.2857475281|2758|121.5|22.25|11|0|0
09:08:48|765|885|CBG8815|105.623760223|27.2881507874|2797|111.0|56.5|11|0|0
09:08:52|765|885|CBG8815|105.627880096|27.2903823853|2842|101.75|74.25|11|0|0
09:08:56|765|885|CBG8815|105.631999969|27.2936439514|2911|90.25|90.25|13|0|0
09:09:00|765|885|CBG8815|105.635604858|27.297077179|2972|79.0|101.25|14|0|0
09:09:04|765|885|CBG8815|105.639209747|27.3006820679|3033|77.75|103.25|15|0|0
09:09:06|765|885|CBG8815|105.639209747|27.3006820679|3033|77.75|103.25|15|0|0
09:09:08|765|885|CBG8815|105.642814636|27.303943634|3094|84.5|98.0|15|0|0
09:09:12|765|885|CBG8815|105.646762848|27.3073768616|3147|89.75|93.5|14|0|0
09:09:16|765|885|CBG8815|105.650539398|27.3101234436|3208|93.0|90.25|14|0|0
09:09:20|765|885|CBG8815|105.655345917|27.3133850098|3261|99.25|85.0|14|0|4511
09:09:24|765|885|CBG8815|105.659637451|27.3159599304|3315|103.75|81.5|14|0|4511
09:09:28|765|885|CBG8815|105.663585663|27.3185348511|3360|105.5|81.0|13|0|4511
09:09:32|765|885|CBG8815|105.668735504|27.3217964172|3406|108.5|79.5|12|0|4511
09:09:36|765|885|CBG8815|105.6731987|27.3247146606|3444|108.0|80.5|12|0|4511
09:09:40|765|885|CBG8815|105.677490234|27.3274612427|3498|106.5|83.0|12|0|4511
09:09:44|765|885|CBG8815|105.682125092|27.3302078247|3551|109.5|80.0|13|0|4511
09:09:48|765|885|CBG8815|105.687103271|27.3329544067|3612|112.0|79.5|14|0|4511
09:09:52|765|885|CBG8815|105.691566467|27.3355293274|3673|112.75|79.0|14|0|4511
09:09:56|765|885|CBG8815|105.696372986|27.3396492004|3726|110.0|86.75|13|0|4511
09:10:00|765|885|CBG8815|105.701522827|27.3423957825|3757|113.75|84.5|11|0|4511
09:10:04|765|885|CBG8815|105.70684433|27.3453140259|3757|117.25|83.0|9|0|4511
09:10:08|765|885|CBG8815|105.711479187|27.3477172852|3772|119.5|82.0|7|0|4511
09:10:12|765|885|CBG8815|105.717315674|27.3508071899|3802|124.0|84.0|6|0|4511
09:10:16|765|885|CBG8815|105.723495483|27.3545837402|3818|126.75|87.25|6|0|5760
09:10:20|765|885|CBG8815|105.728988647|27.3578453064|3848|128.75|89.25|7|0|5760
09:10:24|765|885|CBG8815|105.733623505|27.3605918884|3894|128.25|88.75|9|0|6004
09:10:28|765|885|CBG8815|105.739803314|27.3643684387|3970|131.75|91.25|11|0|6004
09:10:32|765|885|CBG8815|105.745811462|27.3679733276|4039|134.5|93.0|13|0|6004
09:10:36|765|885|CBG8815|105.751476288|27.3714065552|4069|136.0|93.5|14|0|6004
09:10:40|765|885|CBG8815|105.757141113|27.3746681213|4138|136.0|93.5|15|0|6004
09:10:44|765|885|CBG8815|105.762119293|27.3775863647|4206|136.5|94.0|15|0|6004
09:10:48|765|885|CBG8815|105.768470764|27.381362915|4290|137.0|94.0|14|0|6004
09:10:52|765|885|CBG8815|105.77413559|27.3846244812|4343|137.5|94.5|14|0|6004
09:10:56|765|885|CBG8815|105.779628754|27.3880577087|4351|137.5|95.0|13|0|6004
09:11:00|765|885|CBG8815|105.78546524|27.3914909363|4404|139.0|95.5|12|0|6004
09:11:04|765|885|CBG8815|105.791301727|27.3949241638|4442|139.75|96.5|12|0|6004
09:11:08|765|885|CBG8815|105.797138214|27.3983573914|4496|140.25|96.5|12|0|6004
09:11:12|765|885|CBG8815|105.802974701|27.4019622803|4534|141.25|97.5|11|0|6004
09:11:16|765|885|CBG8815|105.80915451|27.4055671692|4572|142.75|98.5|9|0|6004
09:11:20|765|885|CBG8815|105.815162659|27.4090003967|4587|143.75|98.75|7|0|6004
09:11:24|765|885|CBG8815|105.821170807|27.4126052856|4602|144.75|99.25|6|0|6004
09:11:28|765|885|CBG8815|105.827693939|27.4163818359|4618|148.0|100.75|4|0|6004
09:11:32|765|885|CBG8815|105.83404541|27.4199867249|4625|148.5|100.25|3|0|6004
09:11:36|765|885|CBG8815|105.840053558|27.4230766296|4633|151.0|98.75|2|0|6004
09:11:40|765|885|CBG8815|105.847091675|27.4256515503|4641|156.75|91.25|2|0|6004
09:11:44|765|885|CBG8815|105.854816437|27.4271965027|4656|165.0|80.0|3|0|6004
09:11:48|765|885|CBG8815|105.862026215|27.4299430847|4671|166.5|80.5|4|0|6004
09:11:52|765|885|CBG8815|105.869235992|27.4330329895|4709|169.25|80.0|6|0|6004
09:11:56|765|885|CBG8815|105.877304077|27.436466217|4747|172.75|83.0|8|0|6004
09:12:00|765|885|CBG8815|105.8852005|27.4397277832|4793|175.5|83.5|10|0|6004
09:12:04|765|885|CBG8815|105.892066956|27.4426460266|4839|176.5|84.0|11|0|6004
09:12:08|765|885|CBG8815|105.899276733|27.4457359314|4900|177.0|84.5|12|0|6004
09:12:12|765|885|CBG8815|105.906658173|27.4488258362|4945|177.5|84.5|12|0|6004
09:12:16|765|885|CBG8815|105.914554596|27.4520874023|4999|179.5|85.75|13|0|6004
09:12:20|765|885|CBG8815|105.922279358|27.4553489685|5052|179.5|86.75|12|0|6004
09:12:24|765|885|CBG8815|105.929489136|27.4584388733|5098|180.0|87.25|12|0|6004
09:12:28|765|885|CBG8815|105.937213898|27.4617004395|5144|180.5|87.75|12|0|6004
09:12:32|765|885|CBG8815|105.945796967|27.4654769897|5182|180.75|89.25|11|0|6004
09:12:36|765|885|CBG8815|105.951805115|27.467880249|5220|181.75|88.75|10|0|6004
09:12:40|765|885|CBG8815|105.961074829|27.4718284607|5258|182.75|89.25|11|0|6004
09:12:44|765|885|CBG8815|105.968971252|27.4752616882|5304|184.25|90.25|11|0|6004
09:12:48|765|885|CBG8815|105.975151062|27.4776649475|5357|184.75|89.75|11|0|6004
09:12:52|765|885|CBG8815|105.983047485|27.481098175|5403|185.75|90.75|11|0|6004
09:12:56|765|885|CBG8815|105.991458893|27.4845314026|5456|187.5|92.0|12|0|6004
09:13:00|765|885|CBG8815|105.999355316|27.4879646301|5509|189.0|92.5|13|0|6888
09:13:04|765|885|CBG8815|106.006908417|27.4912261963|5570|188.5|92.5|13|0|6888
09:13:08|765|885|CBG8815|106.015834808|27.4948310852|5624|189.5|93.0|13|0|6888
09:13:12|765|885|CBG8815|106.023216248|27.4980926514|5669|189.0|93.0|13|0|6888
09:13:16|765|885|CBG8815|106.031455994|27.5013542175|5715|190.0|93.0|12|0|6888
09:13:20|765|885|CBG8815|106.039009094|27.5047874451|5753|189.5|93.0|11|0|6888
09:13:24|765|885|CBG8815|106.046562195|27.5078773499|5784|189.5|93.5|10|0|6888
09:13:28|765|885|CBG8815|106.054458618|27.5116539001|5806|190.5|95.5|8|0|6888
09:13:32|765|885|CBG8815|106.063556671|27.5154304504|5814|192.5|96.0|6|0|6888
09:13:36|765|885|CBG8815|106.071624756|27.5185203552|5829|193.0|95.0|5|0|6888
09:13:40|765|885|CBG8815|106.078662872|27.5214385986|5845|193.5|95.5|4|0|6888
09:13:44|765|885|CBG8815|106.087245941|27.5250434875|5860|192.5|95.0|4|0|6888
09:13:48|765|885|CBG8815|106.094970703|27.5281333923|5883|192.0|94.0|5|0|6888
09:13:52|765|885|CBG8815|106.102695465|27.5313949585|5898|192.0|93.5|5|0|6888
09:13:56|765|885|CBG8815|106.110248566|27.5344848633|5921|191.0|93.0|5|0|6888
09:14:00|765|885|CBG8815|106.117115021|27.5374031067|5944|187.5|92.0|5|0|6888
09:14:04|765|885|CBG8815|106.12449646|27.5404930115|5966|186.75|91.25|5|0|6888
09:14:08|765|885|CBG8815|106.131877899|27.5435829163|5989|185.25|90.75|5|0|6888
09:14:12|765|885|CBG8815|106.138572693|27.5465011597|6012|184.75|90.75|5|0|6888
09:14:16|765|885|CBG8815|106.145954132|27.5497627258|6027|183.75|91.25|5|0|6888
09:14:20|765|885|CBG8815|106.152305603|27.5525093079|6050|183.25|91.25|5|0|6888
09:14:24|765|885|CBG8815|106.16071701|27.5561141968|6073|183.75|91.25|5|0|6888
09:14:28|765|885|CBG8815|106.168785095|27.5595474243|6096|184.25|91.75|5|0|6888
09:14:32|765|885|CBG8815|106.176166534|27.5626373291|6104|184.25|91.75|5|0|6888
09:14:36|765|885|CBG8815|106.183719635|27.5657272339|6134|184.25|91.75|5|0|6888
09:14:40|765|885|CBG8815|106.191272736|27.5689888|6149|184.75|92.0|5|0|6888
09:14:44|765|885|CBG8815|106.197967529|27.5717353821|6165|185.25|92.0|5|0|6888
09:14:48|765|885|CBG8815|106.20672226|27.5756835938|6187|185.25|92.5|5|0|6888
09:14:52|765|885|CBG8815|106.21307373|27.5786018372|6210|184.75|94.0|5|0|6888
09:14:56|765|885|CBG8815|106.220970154|27.5835800171|6233|175.0|111.5|6|0|6888
09:15:00|765|885|CBG8815|106.22800827|27.5878715515|6264|172.25|118.25|6|0|6888
09:15:04|765|885|CBG8815|106.234016418|27.5916481018|6287|169.75|121.0|6|0|8412
09:15:08|765|885|CBG8815|106.241054535|27.596282959|6317|166.75|126.25|7|0|8412
09:15:12|765|885|CBG8815|106.24792099|27.6010894775|6363|164.5|130.25|8|0|8412
09:15:16|765|885|CBG8815|106.254787445|27.6060676575|6401|163.0|133.5|9|0|8412
09:15:20|765|885|CBG8815|106.260967255|27.6105308533|6439|160.5|135.0|10|0|8412
09:15:24|765|885|CBG8815|106.267490387|27.6160240173|6507|154.25|142.25|11|0|8412
09:15:28|765|885|CBG8815|106.274013519|27.6215171814|6561|151.5|145.75|12|0|8412
09:15:32|765|885|CBG8815|106.280193329|27.6268386841|6607|150.5|146.25|12|0|8412
09:15:36|765|885|CBG8815|106.285686493|27.6314735413|6645|150.0|146.5|12|0|8412
09:15:40|765|885|CBG8815|106.291866302|27.6364517212|6683|150.5|146.25|11|0|8412
09:15:44|765|885|CBG8815|106.298732758|27.6421165466|6736|151.0|145.75|11|0|8412
09:15:48|765|885|CBG8815|106.305084229|27.6472663879|6774|151.5|145.75|11|0|8412
09:15:52|765|885|CBG8815|106.311435699|27.6524162292|6820|151.5|145.75|11|0|8412
09:15:56|765|885|CBG8815|106.317615509|27.6575660706|6866|151.5|145.75|11|0|8412
09:16:00|765|885|CBG8815|106.32396698|27.6628875732|6904|151.5|146.25|10|0|8412
09:16:04|765|885|CBG8815|106.330318451|27.6680374146|6934|152.0|146.25|10|0|8412
09:16:08|765|885|CBG8815|106.336326599|27.6730155945|6972|152.0|146.5|9|0|8412
09:16:12|765|885|CBG8815|106.343021393|27.6786804199|7010|152.0|146.5|9|0|8412
09:16:16|765|885|CBG8815|106.349372864|27.6838302612|7056|152.0|146.5|10|0|8412
09:16:20|765|885|CBG8815|106.355895996|27.6891517639|7102|152.5|146.5|11|0|8412
09:16:24|765|885|CBG8815|106.362247467|27.6943016052|7155|152.5|146.25|11|0|8412
09:16:28|765|885|CBG8815|106.368255615|27.6991081238|7193|153.0|146.5|11|0|8412
09:16:32|765|885|CBG8815|106.37512207|27.7047729492|7247|153.0|146.5|12|0|8412
09:16:36|765|885|CBG8815|106.381473541|27.7100944519|7315|153.0|147.0|14|0|8412
09:16:40|765|885|CBG8815|106.387996674|27.7154159546|7384|153.25|147.5|16|0|8412
09:16:44|765|885|CBG8815|106.394348145|27.7207374573|7460|153.25|148.0|17|0|8412
09:16:48|765|885|CBG8815|106.400527954|27.7262306213|7529|152.5|149.0|16|0|8412
09:16:52|765|885|CBG8815|106.406879425|27.7317237854|7590|152.5|149.5|16|0|8412
09:16:56|765|885|CBG8815|106.413402557|27.7372169495|7643|153.0|149.5|15|0|8412
09:17:00|765|885|CBG8815|106.41992569|27.7425384521|7704|153.0|149.0|14|0|8412
09:17:04|765|885|CBG8815|106.426105499|27.7476882935|7742|152.5|149.0|13|0|8412
09:17:08|765|885|CBG8815|106.432113647|27.752494812|7788|153.0|148.5|13|0|8412
09:17:12|765|885|CBG8815|106.438465118|27.7576446533|7833|153.0|148.0|12|0|8412
09:17:16|765|885|CBG8815|106.445159912|27.762966156|7879|153.25|147.5|11|0|8412
09:17:20|765|885|CBG8815|106.450653076|27.7676010132|7902|153.0|148.0|9|0|8412
09:17:24|765|885|CBG8815|106.457691193|27.7732658386|7925|153.0|147.5|8|0|8412
09:17:28|765|885|CBG8815|106.463356018|27.7779006958|7948|153.25|147.0|7|0|8412
09:17:32|765|885|CBG8815|106.469192505|27.7828788757|7963|152.5|147.5|7|0|8412
09:17:36|765|885|CBG8815|106.47485733|27.788028717|7993|151.5|148.0|6|0|8412
09:17:40|765|885|CBG8815|106.481552124|27.7936935425|8024|151.5|148.0|7|0|8412
09:17:44|765|885|CBG8815|106.487903595|27.7990150452|8054|151.5|148.5|7|0|8412
09:17:48|765|885|CBG8815|106.494255066|27.8043365479|8085|151.5|148.5|8|0|8412
09:17:52|765|885|CBG8815|106.501121521|27.8101730347|8115|151.5|149.0|8|0|8412
09:17:56|765|885|CBG8815|106.506958008|27.8149795532|8153|151.5|149.0|7|0|8412
09:18:00|765|885|CBG8815|106.513309479|27.8203010559|8176|152.0|149.5|7|0|8412
09:18:04|765|885|CBG8815|106.51966095|27.8256225586|8199|152.0|150.0|7|0|8412
09:18:08|765|885|CBG8815|106.526184082|27.8311157227|8222|152.0|150.5|7|0|8412
09:18:12|765|885|CBG8815|106.532535553|27.8366088867|8260|152.5|150.5|7|0|8412
09:18:16|765|885|CBG8815|106.539230347|27.8421020508|8291|153.25|151.5|8|0|8412
09:18:20|765|885|CBG8815|106.545753479|27.8475952148|8336|153.75|152.5|9|0|8412
09:18:24|765|885|CBG8815|106.552791595|27.8532600403|8374|156.25|153.75|9|0|8412
09:18:28|765|885|CBG8815|106.559829712|27.8589248657|8405|158.25|155.25|9|0|8412
09:18:32|765|885|CBG8815|106.567554474|27.8649330139|8428|159.75|155.25|7|0|8412
09:18:36|765|885|CBG8815|106.574249268|27.870426178|8428|160.5|156.25|4|0|8412
09:18:40|765|885|CBG8815|106.5807724|27.875919342|8428|161.5|157.25|2|0|8412
09:18:44|765|885|CBG8815|106.5883255|27.8819274902|8412|162.5|158.25|0|0|8412
09:18:48|765|885|CBG8815|106.595191956|27.8875923157|8412|163.0|158.75|0|0|8412
09:18:52|765|885|CBG8815|106.601200104|27.8925704956|8412|163.5|159.25|0|0|8412
09:18:56|765|885|CBG8815|106.608066559|27.8984069824|8412|164.0|159.75|0|0|8412
09:19:00|765|885|CBG8815|106.615791321|27.904586792|8412|165.5|160.5|0|0|8412
09:19:04|765|885|CBG8815|106.623001099|27.9104232788|8412|167.75|163.0|0|0|8412
09:19:08|765|885|CBG8815|106.630210876|27.916431427|8412|168.75|164.0|0|0|8412
09:19:12|765|885|CBG8815|106.637420654|27.9224395752|8412|170.25|165.0|0|0|8412
09:19:16|765|885|CBG8815|106.644802094|27.9284477234|8412|171.75|166.75|0|0|8412
09:19:20|765|885|CBG8815|106.652183533|27.934627533|8412|173.25|167.75|0|0|8412
09:19:24|765|885|CBG8815|106.659564972|27.9409790039|8412|174.0|170.25|0|0|8412
09:19:28|765|885|CBG8815|106.666431427|27.9469871521|8412|175.0|172.75|0|0|8412
09:19:32|765|885|CBG8815|106.672611237|27.9535102844|8412|168.75|180.0|0|0|8412
09:19:36|765|885|CBG8815|106.677074432|27.962436676|8412|136.0|205.0|0|0|8412
09:19:40|765|885|CBG8815|106.682052612|27.9703330994|8412|125.5|212.25|0|0|8412
09:19:44|765|885|CBG8815|106.68548584|27.979259491|8412|94.5|228.0|0|0|8412
09:19:48|765|885|CBG8815|106.690120697|27.9862976074|8412|110.0|221.0|0|0|8412
09:19:52|765|885|CBG8815|106.694583893|27.9948806763|8412|101.25|224.75|0|0|8412
09:19:56|765|885|CBG8815|106.69801712|28.0034637451|8412|84.5|231.0|0|0|8412
09:20:00|765|885|CBG8815|106.700935364|28.0117034912|8412|73.75|233.5|0|0|8412
09:20:04|765|885|CBG8815|106.703510284|28.0199432373|8412|63.75|235.0|0|0|8412
09:20:08|765|885|CBG8815|106.705226898|28.0268096924|8412|52.0|235.75|0|0|8412
09:20:12|765|885|CBG8815|106.70797348|28.0364227295|8412|50.25|235.0|0|0|8412
09:20:16|765|885|CBG8815|106.709690094|28.0434608459|8412|47.75|233.5|0|0|8412
09:20:20|765|885|CBG8815|106.712265015|28.0520439148|8412|47.25|229.5|0|0|8412
09:20:24|765|885|CBG8815|106.711578369|28.0599403381|8412|8.75|230.0|0|0|8412
09:20:28|765|885|CBG8815|106.712779999|28.0683517456|8412|10.25|225.75|0|0|8412
09:20:32|765|885|CBG8815|106.710033417|28.0748748779|8412|-43.5|218.5|0|0|8412
09:20:36|765|885|CBG8815|106.710891724|28.083114624|8412|-23.25|216.0|0|0|8412
09:20:40|765|885|CBG8815|106.71037674|28.0901527405|8412|-24.0|211.25|0|0|8412
09:20:44|765|885|CBG8815|106.709518433|28.0956459045|8412|-30.0|206.5|0|0|8412
09:20:48|765|885|CBG8815|106.708145142|28.102684021|8412|-37.25|203.0|0|0|8412
09:20:52|765|885|CBG8815|106.707458496|28.1100654602|8412|-27.5|204.0|0|0|8412
09:20:56|765|885|CBG8815|106.706943512|28.117275238|8412|-24.5|204.5|0|0|8412
09:21:00|765|885|CBG8815|106.706256866|28.1248283386|8412|-23.75|204.0|0|0|8412
09:21:04|765|885|CBG8815|106.705570221|28.1318664551|8412|-23.25|204.0|0|0|8412
09:21:08|765|885|CBG8815|106.704711914|28.1409645081|8412|-23.25|204.0|0|0|8412
09:21:12|765|885|CBG8815|106.703853607|28.1483459473|8412|-23.25|204.5|0|0|8412
09:21:16|765|885|CBG8815|106.703338623|28.1552124023|8412|-22.25|204.0|0|0|8412
09:21:20|765|885|CBG8815|106.702480316|28.1631088257|8412|-22.75|204.5|0|0|8412
09:21:24|765|885|CBG8815|106.701793671|28.1701469421|8412|-22.75|204.5|0|0|8412
09:21:28|765|885|CBG8815|106.701450348|28.175983429|8412|-22.25|204.5|0|0|9936
09:21:32|765|885|CBG8815|106.700592041|28.1852531433|8412|-21.75|204.5|0|0|9479
09:21:36|765|885|CBG8815|106.700248718|28.1926345825|8412|-20.75|204.5|0|0|9479
09:21:40|765|885|CBG8815|106.699733734|28.1989860535|8412|-20.25|204.5|0|0|9479
09:21:44|765|885|CBG8815|106.69921875|28.2061958313|8412|-19.75|204.5|0|0|9479
09:21:48|765|885|CBG8815|106.698703766|28.2137489319|8412|-18.25|204.5|0|0|9479
09:21:52|765|885|CBG8815|106.698703766|28.2209587097|8428|-16.5|205.0|2|0|9479
09:21:56|765|885|CBG8815|106.698360443|28.2286834717|8458|-15.5|205.0|4|0|9479
09:22:00|765|885|CBG8815|106.697845459|28.2360649109|8489|-15.5|205.0|5|0|9479
09:22:04|765|885|CBG8815|106.697673798|28.2436180115|8512|-14.0|205.5|6|0|9479
09:22:08|765|885|CBG8815|106.697502136|28.2516860962|8534|-13.5|205.5|5|0|9479
09:22:12|765|885|CBG8815|106.697330475|28.2576942444|8550|-13.0|205.5|5|0|9479
09:22:16|765|885|CBG8815|106.696987152|28.2661056519|8580|-13.0|205.5|6|0|9479
09:22:20|765|885|CBG8815|106.696643829|28.2734870911|8618|-13.0|205.5|7|0|9479
09:22:24|765|885|CBG8815|106.696300507|28.2810401917|8641|-13.0|205.5|7|0|9479
09:22:28|765|885|CBG8815|106.695957184|28.2877349854|8672|-13.0|206.0|7|0|9479
09:22:32|765|885|CBG8815|106.695613861|28.2961463928|8702|-13.0|206.5|7|0|9479
09:22:36|765|885|CBG8815|106.695098877|28.303527832|8725|-13.5|207.0|7|0|9479
09:22:40|765|885|CBG8815|106.694755554|28.3114242554|8748|-13.0|207.75|6|0|9479
09:22:44|765|885|CBG8815|106.694412231|28.3193206787|8771|-13.0|208.25|6|0|9479
09:22:48|765|885|CBG8815|106.694068909|28.3270454407|8793|-13.5|209.25|6|0|9479
09:22:52|765|885|CBG8815|106.693553925|28.3345985413|8824|-14.0|209.25|6|0|9479
09:22:56|765|885|CBG8815|106.693210602|28.3423233032|8854|-13.5|209.75|7|0|9479
09:23:00|765|885|CBG8815|106.692695618|28.3497047424|8885|-14.0|210.25|8|0|9479
09:23:04|765|885|CBG8815|106.692180634|28.3574295044|8931|-14.0|210.75|9|0|9479
09:23:08|765|885|CBG8815|106.691837311|28.3653259277|8969|-14.0|211.75|9|0|9479
09:23:12|765|885|CBG8815|106.691493988|28.3732223511|8999|-13.5|212.75|9|0|9479
09:23:16|765|885|CBG8815|106.690979004|28.3812904358|9030|-14.0|214.5|8|0|9479
09:23:20|765|885|CBG8815|106.69046402|28.3907318115|9068|-14.5|215.5|8|0|9479
09:23:24|765|885|CBG8815|106.690292358|28.3972549438|9083|-14.5|216.0|8|0|9479
09:23:28|765|885|CBG8815|106.689949036|28.4054946899|9121|-14.0|216.0|8|0|9479
09:23:32|765|885|CBG8815|106.689605713|28.4127044678|9152|-14.0|216.0|8|0|9479
09:23:36|765|885|CBG8815|106.68926239|28.4212875366|9174|-13.5|216.0|7|0|9479
09:23:40|765|885|CBG8815|106.688919067|28.4283256531|9213|-13.0|216.0|7|0|9479
09:23:44|765|885|CBG8815|106.688747406|28.4363937378|9243|-13.0|216.0|8|0|9479
09:23:48|765|885|CBG8815|106.688404083|28.443775177|9281|-12.5|216.0|8|0|9479
09:23:52|765|885|CBG8815|106.688232422|28.4513282776|9304|-12.5|215.5|7|0|9479
09:23:56|765|885|CBG8815|106.687889099|28.4602546692|9335|-12.0|215.5|7|0|9479
09:24:00|765|885|CBG8815|106.687545776|28.468837738|9357|-12.0|215.5|7|0|9479
09:24:04|765|885|CBG8815|106.687374115|28.4746742249|9388|-12.0|215.5|7|0|9479
09:24:08|765|885|CBG8815|106.687202454|28.4823989868|9418|-12.0|215.5|7|0|9479
09:24:12|765|885|CBG8815|106.686859131|28.4902954102|9449|-12.0|215.5|7|0|9479
09:24:16|765|885|CBG8815|106.686515808|28.4978485107|9487|-12.0|215.0|7|0|9479
09:24:20|765|885|CBG8815|106.686344147|28.5059165955|9495|-12.0|215.5|6|0|9479
09:24:24|765|885|CBG8815|106.686000824|28.5136413574|9502|-12.0|215.5|4|0|9479
09:24:28|765|885|CBG8815|106.685657501|28.5217094421|9502|-12.0|215.5|2|0|9479
09:24:32|765|885|CBG8815|106.685314178|28.5297775269|9487|-12.5|215.5|0|0|9479
09:24:36|765|885|CBG8815|106.684970856|28.5373306274|9487|-12.5|216.0|0|0|9479
09:24:40|765|885|CBG8815|106.684627533|28.544883728|9487|-12.5|216.0|0|0|9479
09:24:44|765|885|CBG8815|106.684455872|28.5531234741|9487|-12.5|216.0|0|0|9479
09:24:48|765|885|CBG8815|106.684112549|28.5613632202|9487|-12.5|216.0|0|0|9479
09:24:52|765|885|CBG8815|106.683769226|28.5694313049|9487|-12.5|216.5|0|0|9479
09:24:56|765|885|CBG8815|106.683425903|28.5774993896|9487|-12.5|216.5|0|0|9479
09:25:00|765|885|CBG8815|106.683254242|28.5843658447|9487|-12.5|217.0|0|0|9479
09:25:04|765|885|CBG8815|106.682910919|28.5932922363|9487|-12.5|217.0|0|0|9479
09:25:08|765|885|CBG8815|106.682567596|28.6015319824|9487|-12.5|217.0|0|0|9479
09:25:12|765|885|CBG8815|106.682224274|28.609085083|9487|-12.5|217.0|0|0|9479
09:25:16|765|885|CBG8815|106.682052612|28.6166381836|9487|-12.5|217.0|0|0|9479
09:25:20|765|885|CBG8815|106.68170929|28.6245346069|9487|-12.5|217.0|0|0|9479
09:25:24|765|885|CBG8815|106.681365967|28.6319160461|9487|-12.5|217.0|0|0|9479
09:25:28|765|885|CBG8815|106.681022644|28.6401557922|9487|-12.5|217.0|0|0|9479
09:25:32|765|885|CBG8815|106.680850983|28.648223877|9487|-12.5|217.0|0|0|9479
09:25:36|765|885|CBG8815|106.68050766|28.6559486389|9487|-12.5|217.0|0|0|9479
09:25:40|765|885|CBG8815|106.680164337|28.6640167236|9487|-12.5|217.0|0|0|9479
09:25:44|765|885|CBG8815|106.679992676|28.6715698242|9487|-12.5|217.0|0|0|9479
09:25:48|765|885|CBG8815|106.679649353|28.6796379089|9487|-12.5|217.0|0|0|9479
09:25:52|765|885|CBG8815|106.679134369|28.687877655|9487|-12.5|217.0|0|0|9479
09:25:56|765|885|CBG8815|106.678962708|28.6952590942|9487|-12.5|217.0|0|0|9479
09:26:00|765|885|CBG8815|106.678619385|28.7029838562|9487|-12.5|217.0|0|0|9479
09:26:04|765|885|CBG8815|106.678276062|28.7108802795|9487|-12.5|217.0|0|0|9479
09:26:08|765|885|CBG8815|106.678104401|28.7174034119|9487|-12.5|217.0|0|0|9479
09:26:12|765|885|CBG8815|106.677761078|28.7254714966|9487|-12.5|217.0|0|0|9479
09:26:16|765|885|CBG8815|106.677417755|28.7337112427|9487|-12.5|217.0|0|0|9479
09:26:20|765|885|CBG8815|106.677074432|28.7422943115|9487|-12.5|217.5|0|0|9479
09:26:24|765|885|CBG8815|106.676902771|28.750705719|9487|-12.5|217.5|0|0|9479
09:26:28|765|885|CBG8815|106.676559448|28.758430481|9487|-12.5|217.5|0|0|9479
09:26:32|765|885|CBG8815|106.676216125|28.7663269043|9487|-12.5|217.5|0|0|9479
09:26:36|765|885|CBG8815|106.675872803|28.774394989|9487|-12.5|217.5|0|0|9479
09:26:40|765|885|CBG8815|106.67552948|28.78074646|9479|-12.5|217.5|0|0|9479
09:26:44|765|885|CBG8815|106.675357819|28.7884712219|9479|-12.5|218.0|0|0|9479
09:26:48|765|885|CBG8815|106.674842834|28.7977409363|9479|-13.0|218.0|0|0|9479
09:26:52|765|885|CBG8815|106.674671173|28.8046073914|9479|-12.5|218.0|0|0|9479
09:26:56|765|885|CBG8815|106.67432785|28.8123321533|9479|-12.5|218.0|0|0|9479
09:27:00|765|885|CBG8815|106.673984528|28.8210868835|9479|-12.5|218.0|0|0|9479
09:27:04|765|885|CBG8815|106.673641205|28.8289833069|9479|-12.5|218.0|0|0|9479
09:27:08|765|885|CBG8815|106.673469543|28.8367080688|9479|-12.5|218.0|0|0|9479
09:27:12|765|885|CBG8815|106.673126221|28.8437461853|9479|-12.5|218.5|0|0|9479
09:27:16|765|885|CBG8815|106.672782898|28.853187561|9479|-12.5|218.5|0|0|9479
09:27:20|765|885|CBG8815|106.672439575|28.8602256775|9479|-12.5|218.5|0|0|9479
09:27:24|765|885|CBG8815|106.672267914|28.8681221008|9479|-12.5|218.5|0|0|9479
09:27:28|765|885|CBG8815|106.671924591|28.8761901855|9479|-12.5|218.5|0|0|9479
09:27:32|765|885|CBG8815|106.671581268|28.8839149475|9479|-12.5|218.5|0|0|9479
09:27:36|765|885|CBG8815|106.671409607|28.8916397095|9479|-12.5|219.0|0|0|9479
09:27:40|765|885|CBG8815|106.671066284|28.8998794556|9479|-12.5|219.0|0|0|9479
09:27:44|765|885|CBG8815|106.670722961|28.9074325562|9479|-12.5|219.0|0|0|9479
09:27:48|765|885|CBG8815|106.670379639|28.9155006409|9479|-12.5|219.0|0|0|9479
09:27:52|765|885|CBG8815|106.670036316|28.9240837097|9479|-12.5|219.5|0|0|9479
09:27:56|765|885|CBG8815|106.669864655|28.9319801331|9479|-12.5|219.5|0|0|9479
09:28:00|765|885|CBG8815|106.669521332|28.9403915405|9479|-12.5|219.5|0|0|9479
09:28:04|765|885|CBG8815|106.669178009|28.9469146729|9479|-12.5|219.5|0|0|9479
09:28:08|765|885|CBG8815|106.668834686|28.9548110962|9479|-12.5|219.5|0|0|9479
09:28:12|765|885|CBG8815|106.668491364|28.9647674561|9479|-12.5|219.5|0|0|9479
09:28:16|765|885|CBG8815|106.668319702|28.9706039429|9479|-12.5|219.5|0|0|9479
09:28:20|765|885|CBG8815|106.667976379|28.9803886414|9479|-12.5|219.5|0|0|9479
09:28:24|765|885|CBG8815|106.667633057|28.9882850647|9479|-12.5|220.0|0|0|9479
09:28:28|765|885|CBG8815|106.667289734|28.996181488|9479|-12.5|220.0|0|0|9479
09:28:32|765|885|CBG8815|106.666946411|29.0040779114|9479|-12.5|220.0|0|0|9479
09:28:36|765|885|CBG8815|106.666603088|29.0121459961|9479|-13.0|220.0|0|0|9479
09:28:40|765|885|CBG8815|106.666259766|29.0200424194|9479|-13.0|220.0|0|0|9479
09:28:44|765|885|CBG8815|106.666088104|29.0277671814|9479|-13.0|220.5|0|0|9479
09:28:48|765|885|CBG8815|106.665744781|29.0346336365|9479|-13.0|220.5|0|0|9479
09:28:52|765|885|CBG8815|106.665401459|29.0425300598|9479|-13.0|220.5|0|0|9479
09:28:56|765|885|CBG8815|106.665058136|29.0505981445|9479|-13.0|220.5|0|0|9479
09:29:00|765|885|CBG8815|106.664886475|29.0586662292|9479|-13.0|221.0|0|0|9479
09:29:04|765|885|CBG8815|106.664543152|29.0670776367|9479|-12.5|221.0|0|0|9479
09:29:08|765|885|CBG8815|106.664199829|29.0751457214|9479|-12.5|221.0|0|0|9479
09:29:12|765|885|CBG8815|106.663856506|29.084072113|9479|-12.5|221.0|0|0|9479
09:29:16|765|885|CBG8815|106.663684845|29.0919685364|9479|-12.0|221.0|0|0|9479
09:29:20|765|885|CBG8815|106.663513184|29.1002082825|9479|-11.0|221.25|0|0|9479
09:29:24|765|885|CBG8815|106.663513184|29.1082763672|9479|-10.5|221.25|0|0|9479
09:29:28|765|885|CBG8815|106.663513184|29.115486145|9479|-9.75|221.75|0|0|9479
09:29:32|765|885|CBG8815|106.663341522|29.1247558594|9479|-8.75|221.75|0|0|9479
09:29:36|765|885|CBG8815|106.663341522|29.1321372986|9479|-8.25|222.25|0|0|9479
09:29:40|765|885|CBG8815|106.663341522|29.1407203674|9479|-7.75|222.25|0|0|9479
09:29:44|765|885|CBG8815|106.663341522|29.1489601135|9479|-7.25|222.25|0|0|9479
09:29:48|765|885|CBG8815|106.663341522|29.1554832458|9479|-7.25|222.25|0|0|9479
09:29:52|765|885|CBG8815|106.663169861|29.1647529602|9479|-7.25|222.25|0|0|9479
09:29:56|765|885|CBG8815|106.663169861|29.1728210449|9479|-7.25|222.25|0|0|9479
09:30:00|765|885|CBG8815|106.662998199|29.1798591614|9479|-7.75|222.25|0|0|9479
09:30:04|765|885|CBG8815|106.662826538|29.1882705688|9479|-7.75|222.75|0|0|9479
09:30:08|765|885|CBG8815|106.662654877|29.1959953308|9479|-7.75|222.75|0|0|9479
09:30:12|765|885|CBG8815|106.662654877|29.2037200928|9479|-7.75|222.75|0|0|9479
09:30:16|765|885|CBG8815|106.662483215|29.2119598389|9479|-8.25|222.75|0|0|9479
09:30:20|765|885|CBG8815|106.662311554|29.2207145691|9479|-8.25|222.75|0|0|9479
09:30:24|765|885|CBG8815|106.662139893|29.2279243469|9479|-8.25|222.75|0|0|9479
09:30:28|765|885|CBG8815|106.661968231|29.2368507385|9479|-8.25|222.75|0|0|9479
09:30:32|765|885|CBG8815|106.661968231|29.2444038391|9479|-8.25|223.25|0|0|9479
09:30:36|765|885|CBG8815|106.66179657|29.2526435852|9479|-8.25|223.25|0|0|9479
09:30:40|765|885|CBG8815|106.661624908|29.2612266541|9479|-8.25|223.25|0|0|9479
09:30:44|765|885|CBG8815|106.661453247|29.2691230774|9479|-8.25|223.25|0|0|9479
09:30:48|765|885|CBG8815|106.661281586|29.2771911621|9479|-8.75|223.25|0|0|9479
09:30:52|765|885|CBG8815|106.661109924|29.2850875854|9479|-8.75|223.25|0|0|9479
09:30:56|765|885|CBG8815|106.661109924|29.2933273315|9479|-8.75|223.25|0|0|9479
09:31:00|765|885|CBG8815|106.660938263|29.3005371094|9479|-8.75|223.25|0|0|9479
09:31:04|765|885|CBG8815|106.660766602|29.3096351624|9479|-8.75|223.25|0|0|9479
09:31:08|765|885|CBG8815|106.66059494|29.3177032471|9479|-8.75|223.25|0|0|9479
09:31:12|765|885|CBG8815|106.660423279|29.3259429932|9479|-8.75|223.25|0|0|9479
09:31:16|765|885|CBG8815|106.660423279|29.3338394165|9479|-8.75|223.25|0|0|9479
09:31:20|765|885|CBG8815|106.660251617|29.3424224854|9479|-8.75|223.25|0|0|9479
09:31:24|765|885|CBG8815|106.660079956|29.3489456177|9479|-8.75|223.25|0|0|9479
09:31:28|765|885|CBG8815|106.659908295|29.3573570251|9479|-8.75|223.25|0|0|9479
09:31:32|765|885|CBG8815|106.659908295|29.3650817871|9479|-8.75|223.25|0|0|9479
09:31:36|765|885|CBG8815|106.659736633|29.3745231628|9479|-8.75|223.25|0|0|9479
09:31:40|765|885|CBG8815|106.659564972|29.3827629089|9479|-8.75|223.25|0|0|9479
09:31:44|765|885|CBG8815|106.659393311|29.3901443481|9479|-8.75|223.25|0|0|9479
09:31:48|765|885|CBG8815|106.659393311|29.3975257874|9479|-8.75|223.25|0|0|9479
09:31:52|765|885|CBG8815|106.659221649|29.4059371948|9479|-8.25|222.75|0|0|9479
09:31:56|765|885|CBG8815|106.659049988|29.4138336182|9479|-8.25|222.75|0|0|9479
09:32:00|765|885|CBG8815|106.658878326|29.4215583801|9479|-8.25|222.25|0|0|9479
09:32:04|765|885|CBG8815|106.658878326|29.4296264648|9479|-8.25|222.25|0|0|9479
09:32:08|765|885|CBG8815|106.658706665|29.4370079041|9479|-8.25|222.25|0|0|9479
09:32:12|765|885|CBG8815|106.658706665|29.4452476501|9479|-8.25|222.25|0|0|9479
09:32:16|765|885|CBG8815|106.658535004|29.4531440735|9479|-8.25|221.75|0|0|9479
09:32:20|765|885|CBG8815|106.658363342|29.4608688354|9479|-8.25|221.25|0|0|9479
09:32:24|765|885|CBG8815|106.658191681|29.4699668884|9479|-8.25|221.25|0|0|9479
09:32:28|765|885|CBG8815|106.65802002|29.4763183594|9479|-8.25|221.0|0|0|9479
09:32:32|765|885|CBG8815|106.65802002|29.4843864441|9479|-8.25|220.5|0|0|9479
09:32:36|765|885|CBG8815|106.657848358|29.4924545288|9479|-8.25|220.5|0|0|9479
09:32:40|765|885|CBG8815|106.657676697|29.5003509521|9479|-8.25|219.5|0|0|9479
09:32:44|765|885|CBG8815|106.657505035|29.5092773438|9479|-8.75|219.5|0|0|9479
09:32:48|765|885|CBG8815|106.657333374|29.5164871216|9479|-8.75|219.0|0|0|9479
09:32:52|765|885|CBG8815|106.657161713|29.5248985291|9479|-8.75|219.0|0|0|9479
09:32:56|765|885|CBG8815|106.656990051|29.532623291|9479|-8.75|218.5|0|0|9479
09:33:00|765|885|CBG8815|106.65681839|29.5396614075|9479|-8.75|218.5|0|0|9479
09:33:04|765|885|CBG8815|106.65681839|29.5473861694|9479|-8.75|218.5|0|0|9479
09:33:08|765|885|CBG8815|106.656646729|29.5557975769|9479|-8.75|218.0|0|0|9479
09:33:12|765|885|CBG8815|106.656475067|29.5624923706|9479|-8.25|218.0|0|0|9479
09:33:16|765|885|CBG8815|106.656475067|29.5712471008|9479|-8.25|218.0|0|0|9479
09:33:20|765|885|CBG8815|106.656303406|29.5796585083|9479|-8.25|217.5|0|0|9479
09:33:24|765|885|CBG8815|106.656131744|29.5858383179|9479|-8.25|217.5|0|0|9479
09:33:28|765|885|CBG8815|106.655960083|29.5937347412|9479|-8.25|217.0|0|0|9479
09:33:32|765|885|CBG8815|106.655960083|29.6012878418|9479|-8.25|217.0|0|0|9479
09:33:36|765|885|CBG8815|106.655788422|29.6090126038|9479|-8.25|216.5|0|0|9479
09:33:40|765|885|CBG8815|106.65561676|29.6169090271|9479|-8.25|216.5|0|0|9479
09:33:44|765|885|CBG8815|106.655445099|29.6248054504|9479|-8.25|216.5|0|0|9479
09:33:48|765|885|CBG8815|106.655273438|29.6327018738|9479|-8.25|216.0|0|0|9479
09:33:52|765|885|CBG8815|106.655101776|29.6407699585|9479|-8.25|216.0|0|0|9479
09:33:56|765|885|CBG8815|106.655101776|29.6486663818|9479|-8.25|216.0|0|0|9479
09:34:00|765|885|CBG8815|106.654930115|29.6562194824|9479|-8.75|216.0|0|0|9479
09:34:04|765|885|CBG8815|106.654758453|29.6634292603|9479|-8.25|216.0|0|0|9479
09:34:08|765|885|CBG8815|106.654586792|29.6716690063|9479|-8.25|215.5|0|0|9479
09:34:12|765|885|CBG8815|106.654586792|29.6797370911|9479|-7.75|215.5|0|0|9479
09:34:16|765|885|CBG8815|106.654415131|29.6879768372|9479|-8.25|215.5|0|0|9479
09:34:20|765|885|CBG8815|106.654243469|29.6958732605|9479|-8.25|215.5|0|0|9479
09:34:24|765|885|CBG8815|106.654243469|29.7032546997|9479|-8.25|216.0|0|0|9479
09:34:28|765|885|CBG8815|106.654071808|29.711151123|9479|-7.75|216.0|0|0|9479
09:34:32|765|885|CBG8815|106.654243469|29.7192192078|9479|-6.75|216.5|0|0|9479
09:34:36|765|885|CBG8815|106.654415131|29.7267723083|9479|-5.75|216.5|0|0|9479
09:34:40|765|885|CBG8815|106.655445099|29.7346687317|9479|7.25|216.0|0|0|9479
09:34:44|765|885|CBG8815|106.657848358|29.741191864|9479|26.5|215.0|0|0|9479
09:34:48|765|885|CBG8815|106.660079956|29.7501182556|9479|37.25|214.25|0|0|9479
09:34:52|765|885|CBG8815|106.661624908|29.7573280334|9479|39.0|214.25|0|0|9479
09:34:56|765|885|CBG8815|106.663684845|29.7652244568|9479|44.0|213.75|0|0|9479
09:35:00|765|885|CBG8815|106.666088104|29.7727775574|9479|50.25|213.75|0|0|9479
09:35:04|765|885|CBG8815|106.669006348|29.7825622559|9479|51.5|216.5|0|0|9479
09:35:08|765|885|CBG8815|106.67175293|29.7890853882|9479|60.25|215.0|0|0|9479
09:35:12|765|885|CBG8815|106.674671173|29.797668457|9479|63.25|217.0|0|0|9479
09:35:16|765|885|CBG8815|106.678619385|29.8071098328|9479|71.0|218.0|0|0|9479
09:35:20|765|885|CBG8815|106.68170929|29.8141479492|9479|71.5|217.0|0|0|9479
09:35:24|765|885|CBG8815|106.684799194|29.8210144043|9479|73.25|216.5|0|0|9479
09:35:28|765|885|CBG8815|106.688404083|29.8297691345|9479|73.75|217.5|0|0|9479
09:35:32|765|885|CBG8815|106.692008972|29.8369789124|9479|77.75|216.5|0|0|9479
09:35:36|765|885|CBG8815|106.695613861|29.8450469971|9479|77.75|216.5|0|0|9479
09:35:40|765|885|CBG8815|106.698875427|29.8526000977|9479|77.25|217.0|0|0|9479
09:35:44|765|885|CBG8815|106.702308655|29.8608398438|9479|77.25|217.5|0|0|9479
09:35:48|765|885|CBG8815|106.705913544|29.8689079285|9479|77.75|218.0|0|0|9479
09:35:52|765|885|CBG8815|106.709346771|29.8768043518|9479|77.75|219.0|0|0|9479
09:35:56|765|885|CBG8815|106.712779999|29.8847007751|9479|77.75|219.0|0|0|9479
09:36:00|765|885|CBG8815|106.715869904|29.8924255371|9479|77.25|219.5|0|0|9479
09:36:04|765|885|CBG8815|106.719646454|29.901008606|9479|77.25|219.5|0|0|9479
09:36:08|765|885|CBG8815|106.723251343|29.9092483521|9479|77.25|219.5|0|0|9479
09:36:12|765|885|CBG8815|106.725997925|29.9159431458|9479|77.25|219.5|0|0|9479
09:36:16|765|885|CBG8815|106.729431152|29.9234962463|9479|77.25|219.5|0|0|9479
09:36:20|765|885|CBG8815|106.732692719|29.9315643311|9479|76.75|220.0|0|0|9479
09:36:24|765|885|CBG8815|106.73664093|29.9404907227|9479|76.75|220.5|0|0|9479
09:36:28|765|885|CBG8815|106.740074158|29.948387146|9479|77.25|220.0|0|0|9479
09:36:32|765|885|CBG8815|106.743507385|29.956111908|9479|77.25|220.0|0|0|9479
09:36:36|765|885|CBG8815|106.746940613|29.9641799927|9479|77.25|220.5|0|0|9479
09:36:40|765|885|CBG8815|106.75037384|29.9719047546|9479|77.25|220.0|0|0|9479
09:36:44|765|885|CBG8815|106.753807068|29.979801178|9479|77.25|220.0|0|0|9479
09:36:48|765|885|CBG8815|106.756896973|29.9871826172|9479|77.25|221.0|0|0|9479
09:36:52|765|885|CBG8815|106.760501862|29.9959373474|9479|77.25|221.25|0|0|9479
09:36:56|765|885|CBG8815|106.763935089|30.0038337708|9479|76.75|221.25|0|0|9479
09:37:00|765|885|CBG8815|106.767196655|30.0115585327|9479|76.75|221.25|0|0|9479
09:37:04|765|885|CBG8815|106.770458221|30.0192832947|9479|76.75|221.25|0|0|9479
09:37:08|765|885|CBG8815|106.773891449|30.027179718|9479|76.75|221.25|0|0|9479
09:37:12|765|885|CBG8815|106.777324677|30.0352478027|9479|76.75|221.25|0|0|9479
09:37:16|765|885|CBG8815|106.780757904|30.0433158875|9479|76.75|221.25|0|0|9479
09:37:20|765|885|CBG8815|106.784534454|30.0518989563|9479|76.75|221.25|0|0|9479
09:37:24|765|885|CBG8815|106.788139343|30.0603103638|9479|76.75|221.25|0|0|9479
09:37:28|765|885|CBG8815|106.790885925|30.0664901733|9479|76.75|221.25|0|0|9479
09:37:32|765|885|CBG8815|106.794662476|30.0752449036|9479|76.75|221.25|0|0|9479
09:37:36|765|885|CBG8815|106.797924042|30.0829696655|9479|76.75|221.25|0|0|9479
09:37:40|765|885|CBG8815|106.801528931|30.0908660889|9479|77.25|221.0|0|0|9479
09:37:44|765|885|CBG8815|106.80513382|30.0980758667|9479|80.5|220.0|0|0|9479
09:37:48|765|885|CBG8815|106.809768677|30.1056289673|9479|95.0|214.25|0|0|9479
09:37:52|765|885|CBG8815|106.816806793|30.1133537292|9479|122.0|201.0|0|0|9479
09:37:56|765|885|CBG8815|106.82144165|30.1193618774|9479|125.5|199.75|0|0|9479
09:38:00|765|885|CBG8815|106.828308105|30.1270866394|9479|140.75|192.0|0|0|9479
09:38:04|765|885|CBG8815|106.834659576|30.1342964172|9479|147.0|191.0|0|0|9479
09:38:08|765|885|CBG8815|106.841526031|30.1409912109|9479|157.25|184.25|0|0|9479
09:38:12|765|885|CBG8815|106.848907471|30.1469993591|9479|168.25|175.0|0|0|9479
09:38:16|765|885|CBG8815|106.856975555|30.1538658142|9479|174.0|172.75|0|0|9479
09:38:20|765|885|CBG8815|106.864356995|30.1591873169|9479|182.25|166.5|0|0|9479
09:38:24|765|885|CBG8815|106.87379837|30.1648521423|9479|202.0|148.0|0|0|9479
09:38:28|765|885|CBG8815|106.883583069|30.1693153381|9479|220.0|126.25|0|0|9479
09:38:32|765|885|CBG8815|106.893539429|30.1732635498|9479|231.5|108.5|0|0|9479
09:38:36|765|885|CBG8815|106.903495789|30.1775550842|9479|235.25|107.0|0|0|9479
09:38:40|765|885|CBG8815|106.912250519|30.1818466187|9479|232.0|116.25|0|0|9479
09:38:44|765|885|CBG8815|106.922035217|30.1866531372|9479|230.5|120.0|0|0|9479
09:38:48|765|885|CBG8815|106.932163239|30.1914596558|9479|229.5|123.0|0|0|9479
09:38:52|765|885|CBG8815|106.941432953|30.1967811584|9479|224.75|132.25|0|0|9479
09:38:56|765|885|CBG8815|106.950016022|30.202960968|9479|216.0|146.5|0|0|9479
09:39:00|765|885|CBG8815|106.957569122|30.2096557617|9479|201.5|164.5|0|0|9479
09:39:04|765|885|CBG8815|106.965122223|30.2160072327|9479|190.5|174.5|0|0|9479
09:39:08|765|885|CBG8815|106.972675323|30.222530365|9479|184.25|180.0|0|0|9479
09:39:12|765|885|CBG8815|106.979885101|30.2292251587|9479|177.5|185.75|0|0|9479
09:39:16|765|885|CBG8815|106.986923218|30.2359199524|9479|172.75|189.5|0|0|9479
09:39:20|765|885|CBG8815|106.993961334|30.2426147461|9479|168.75|191.5|0|0|8808
09:39:24|765|885|CBG8815|107.000827789|30.2496528625|9479|165.5|194.0|0|0|8412
09:39:28|765|885|CBG8815|107.007007599|30.2561759949|9479|162.0|195.75|0|0|8412
09:39:32|765|885|CBG8815|107.013530731|30.26304245|9479|159.75|196.75|0|0|8412
09:39:36|765|885|CBG8815|107.020053864|30.2700805664|9464|157.75|197.75|-2|0|8412
09:39:40|765|885|CBG8815|107.026920319|30.277633667|9441|155.25|198.75|-4|0|8412
09:39:44|765|885|CBG8815|107.03327179|30.2843284607|9411|154.25|198.75|-5|0|8412
09:39:48|765|885|CBG8815|107.040309906|30.292224884|9388|152.5|200.25|-5|0|8412
09:39:52|765|885|CBG8815|107.045974731|30.2992630005|9365|149.0|202.0|-6|0|8412
09:39:56|765|885|CBG8815|107.052154541|30.3064727783|9342|147.5|202.5|-6|0|8412
09:40:00|765|885|CBG8815|107.058506012|30.3140258789|9319|146.5|203.0|-6|0|8412
09:40:04|765|885|CBG8815|107.063655853|30.3196907043|9296|146.25|202.5|-5|0|8412
09:40:08|765|885|CBG8815|107.069835663|30.3269004822|9281|145.75|203.0|-5|0|8412
09:40:12|765|885|CBG8815|107.076187134|30.3344535828|9258|144.75|203.0|-5|0|8412
09:40:16|765|885|CBG8815|107.082538605|30.3420066833|9228|142.75|203.0|-6|0|8412
09:40:20|765|885|CBG8815|107.087688446|30.3483581543|9205|142.25|203.0|-5|0|8412
09:40:24|765|885|CBG8815|107.093524933|30.3553962708|9182|140.75|202.5|-6|0|8412
09:40:28|765|885|CBG8815|107.09936142|30.3624343872|9159|139.75|202.5|-6|0|8412
09:40:32|765|885|CBG8815|107.105197906|30.3694725037|9136|138.5|201.5|-6|0|8412
09:40:36|765|885|CBG8815|107.110862732|30.3763389587|9121|137.5|200.25|-5|0|8412
09:40:40|765|885|CBG8815|107.116355896|30.3828620911|9098|136.0|198.25|-5|0|8412
09:40:44|765|885|CBG8815|107.122192383|30.3900718689|9075|135.5|197.75|-5|0|8412
09:40:48|765|885|CBG8815|107.12802887|30.3972816467|9053|134.0|197.25|-6|0|8412
09:40:52|765|885|CBG8815|107.133522034|30.4041481018|9030|133.0|196.75|-5|0|8412
09:40:56|765|885|CBG8815|107.139015198|30.4108428955|9007|132.25|195.75|-6|0|8412
09:41:00|765|885|CBG8815|107.144851685|30.417881012|8976|132.25|195.75|-7|0|8412
09:41:04|765|885|CBG8815|107.150688171|30.4250907898|8938|131.75|195.25|-7|0|8412
09:41:08|765|885|CBG8815|107.156181335|30.4316139221|8900|131.25|194.75|-8|0|8412
09:41:12|765|885|CBG8815|107.161846161|30.4384803772|8870|131.25|194.75|-8|0|8412
09:41:16|765|885|CBG8815|107.167167664|30.4451751709|8832|130.75|194.25|-8|0|8412
09:41:20|765|885|CBG8815|107.173175812|30.4523849487|8801|130.25|194.0|-8|0|8412
09:41:24|765|885|CBG8815|107.178668976|30.4590797424|8771|130.25|193.5|-8|0|8412
09:41:28|765|885|CBG8815|107.183990479|30.4654312134|8740|129.75|193.0|-8|0|8412
09:41:32|765|885|CBG8815|107.189311981|30.4719543457|8710|129.75|193.0|-8|0|8412
09:41:36|765|885|CBG8815|107.194805145|30.4786491394|8672|129.75|192.5|-8|0|8412
09:41:40|765|885|CBG8815|107.200469971|30.4853439331|8641|129.25|192.5|-8|0|8412
09:41:44|765|885|CBG8815|107.205963135|30.4920387268|8611|128.75|192.0|-8|0|8412
09:41:48|765|885|CBG8815|107.211456299|30.4989051819|8580|128.25|191.5|-8|0|8412
09:41:52|765|885|CBG8815|107.216777802|30.5054283142|8550|127.75|191.0|-8|0|8412
09:41:56|765|885|CBG8815|107.222099304|30.5116081238|8519|127.25|189.5|-8|0|8412
09:42:00|765|885|CBG8815|107.227249146|30.5179595947|8489|125.5|187.25|-8|0|8412
09:42:04|765|885|CBG8815|107.232055664|30.5239677429|8458|123.0|184.25|-8|0|8107
09:42:08|765|885|CBG8815|107.237892151|30.5310058594|8428|120.5|180.0|-8|0|8107
09:42:12|765|885|CBG8815|107.243041992|30.5371856689|8405|120.0|179.5|-7|0|8107
09:42:16|765|885|CBG8815|107.248191833|30.5435371399|8374|120.0|179.0|-8|0|8107
09:42:20|765|885|CBG8815|107.253170013|30.5495452881|8344|119.5|178.5|-8|0|8107
09:42:24|765|885|CBG8815|107.258319855|30.5557250977|8313|119.5|179.0|-8|0|8107
09:42:28|765|885|CBG8815|107.263469696|30.5619049072|8283|119.5|179.0|-8|0|8107
09:42:32|765|885|CBG8815|107.268276215|30.5679130554|8252|119.25|178.0|-7|0|8107
09:42:36|765|885|CBG8815|107.273254395|30.5739212036|8222|119.25|178.0|-8|0|8107
09:42:40|765|885|CBG8815|107.278404236|30.5801010132|8192|119.25|177.5|-8|0|8107
09:42:44|765|885|CBG8815|107.283554077|30.5862808228|8161|118.75|177.5|-7|0|8107
09:42:48|765|885|CBG8815|107.288703918|30.5926322937|8131|118.75|177.5|-7|0|8107
09:42:52|765|885|CBG8815|107.294197083|30.5993270874|8108|118.25|176.5|-7|0|8107
09:42:56|765|885|CBG8815|107.29883194|30.6049919128|8092|117.75|176.5|-5|0|8107
09:43:00|765|885|CBG8815|107.304668427|30.6122016907|8100|117.75|176.0|-3|0|8107
09:43:04|765|885|CBG8815|107.309303284|30.6176948547|8108|117.25|176.0|0|0|8107
09:43:08|765|885|CBG8815|107.314281464|30.6238746643|8108|116.75|175.5|0|0|8107
09:43:12|765|885|CBG8815|107.319259644|30.6300544739|8108|116.75|175.5|0|0|8107
09:43:16|765|885|CBG8815|107.324752808|30.6365776062|8108|116.75|175.0|0|0|8107
09:43:20|765|885|CBG8815|107.329902649|30.6425857544|8108|117.25|174.5|0|0|8107
09:43:24|765|885|CBG8815|107.334880829|30.6485939026|8108|117.25|174.5|0|0|8107
09:43:28|765|885|CBG8815|107.34003067|30.6547737122|8108|117.25|174.5|0|0|8107
09:43:32|765|885|CBG8815|107.345180511|30.6611251831|8108|117.25|174.5|0|0|8107
09:43:36|765|885|CBG8815|107.350330353|30.6673049927|8108|117.25|174.5|0|0|8107
09:43:40|765|885|CBG8815|107.355651855|30.6734848022|8108|117.25|174.5|0|0|8107
09:43:44|765|885|CBG8815|107.360630035|30.6794929504|8108|117.25|174.5|0|0|8107
09:43:48|765|885|CBG8815|107.364749908|30.6846427917|8108|117.25|174.5|0|0|8107
09:43:52|765|885|CBG8815|107.371101379|30.6923675537|8108|117.25|175.0|0|0|8107
09:43:56|765|885|CBG8815|107.376251221|30.6985473633|8108|117.25|175.0|0|0|8107
09:44:00|765|885|CBG8815|107.380542755|30.7036972046|8108|117.25|175.0|0|0|8107
09:44:04|765|885|CBG8815|107.385692596|30.7098770142|8108|117.25|175.0|0|0|6888
09:44:08|765|885|CBG8815|107.390670776|30.7160568237|8108|117.25|175.0|0|0|6888
09:44:12|765|885|CBG8815|107.396850586|30.7234382629|8108|117.25|175.0|0|0|6888
09:44:16|765|885|CBG8815|107.40114212|30.7285881042|8108|117.25|175.0|0|0|6888
09:44:20|765|885|CBG8815|107.4061203|30.7347679138|8070|117.75|175.0|-3|0|6888
09:44:24|765|885|CBG8815|107.411441803|30.7409477234|8047|117.75|175.5|-5|0|6888
09:44:28|765|885|CBG8815|107.416419983|30.7469558716|8016|117.75|175.5|-6|0|6888
09:44:32|765|885|CBG8815|107.421398163|30.7531356812|7986|117.75|175.5|-6|0|6888
09:44:36|765|885|CBG8815|107.426719666|30.7594871521|7963|117.75|175.5|-6|0|6888
09:44:40|765|885|CBG8815|107.431697845|30.7654953003|7940|117.75|175.5|-6|0|6888
09:44:44|765|885|CBG8815|107.436847687|30.7716751099|7917|117.75|175.0|-6|0|6888
09:44:48|765|885|CBG8815|107.441997528|30.7778549194|7894|117.75|175.5|-6|0|6888
09:44:52|765|885|CBG8815|107.447147369|30.784034729|7871|117.75|175.5|-6|0|6888
09:44:56|765|885|CBG8815|107.452297211|30.7902145386|7849|117.75|175.0|-6|0|6888
09:45:00|765|885|CBG8815|107.457447052|30.7965660095|7818|117.75|175.0|-6|0|6888
09:45:04|765|885|CBG8815|107.462425232|30.8025741577|7803|117.75|175.0|-6|0|6888
09:45:08|765|885|CBG8815|107.467918396|30.80909729|7772|117.25|175.0|-6|0|6888
09:45:12|765|885|CBG8815|107.473068237|30.815448761|7750|117.25|175.0|-6|0|6888
09:45:16|765|885|CBG8815|107.478561401|30.8219718933|7727|117.25|175.0|-6|0|6888
09:45:20|765|885|CBG8815|107.48336792|30.8278083801|7704|117.25|175.0|-6|0|6888
09:45:24|765|885|CBG8815|107.4883461|30.8338165283|7681|117.25|175.0|-6|0|6888
09:45:28|765|885|CBG8815|107.493667603|30.8399963379|7658|117.25|174.5|-6|0|6888
09:45:32|765|885|CBG8815|107.49830246|30.8458328247|7635|117.25|174.5|-6|0|6888
09:45:36|765|885|CBG8815|107.503795624|30.8521842957|7612|117.25|174.5|-6|0|6888
09:45:40|765|885|CBG8815|107.508945465|30.8585357666|7590|117.25|174.5|-6|0|6888
09:45:44|765|885|CBG8815|107.514438629|30.8650588989|7567|117.25|174.5|-6|0|6888
09:45:48|765|885|CBG8815|107.519245148|30.8708953857|7544|117.25|174.5|-6|0|6888
09:45:52|765|885|CBG8815|107.524394989|30.8770751953|7521|117.25|174.5|-6|0|6888
09:45:56|765|885|CBG8815|107.52954483|30.8830833435|7490|117.25|174.5|-6|0|6888
09:46:00|765|885|CBG8815|107.53452301|30.8892631531|7475|117.25|174.5|-6|0|6888
09:46:04|765|885|CBG8815|107.539672852|30.8954429626|7445|117.25|174.5|-6|0|6888
09:46:08|765|885|CBG8815|107.544822693|30.9016227722|7437|117.25|174.0|-6|0|6888
09:46:12|765|885|CBG8815|107.550315857|30.9079742432|7407|117.25|174.0|-6|0|6888
09:46:16|765|885|CBG8815|107.554950714|30.9136390686|7384|117.25|174.0|-6|0|6888
09:46:20|765|885|CBG8815|107.560100555|30.9198188782|7361|116.75|174.0|-6|0|6888
09:46:24|765|885|CBG8815|107.565250397|30.9258270264|7338|117.25|173.75|-6|0|6888
09:46:28|765|885|CBG8815|107.570228577|30.9318351746|7315|116.75|173.75|-6|0|6888
09:46:32|765|885|CBG8815|107.575206757|30.9378433228|7292|116.75|173.25|-6|0|6888
09:46:36|765|885|CBG8815|107.580184937|30.9438514709|7269|116.75|173.25|-6|0|6888
09:46:40|765|885|CBG8815|107.585163116|30.9498596191|7247|116.25|173.25|-6|0|6888
09:46:44|765|885|CBG8815|107.590141296|30.9558677673|7224|116.25|172.75|-6|0|6888
09:46:48|765|885|CBG8815|107.595291138|30.9618759155|7201|115.75|172.25|-6|0|6888
09:46:52|765|885|CBG8815|107.600269318|30.9678840637|7178|116.25|172.25|-6|0|6888
09:46:56|765|885|CBG8815|107.605247498|30.9737205505|7155|115.75|171.75|-6|0|6888
09:47:00|765|885|CBG8815|107.610225677|30.9799003601|7132|115.25|171.75|-6|0|6888
09:47:04|765|885|CBG8815|107.615032196|30.9859085083|7109|114.75|171.25|-6|0|6888
09:47:08|765|885|CBG8815|107.620010376|30.9917449951|7087|114.25|170.75|-6|0|6888
09:47:12|765|885|CBG8815|107.624816895|30.9975814819|7064|114.25|170.25|-6|0|6888
09:47:16|765|885|CBG8815|107.62928009|31.0027313232|7041|114.25|170.25|-6|0|6888
09:47:20|765|885|CBG8815|107.634601593|31.0092544556|7018|113.75|170.25|-6|0|6888
09:47:24|765|885|CBG8815|107.639408112|31.0152626038|6988|113.75|170.25|-6|0|6888
09:47:28|765|885|CBG8815|107.644386292|31.0210990906|6972|113.75|169.75|-6|0|6888
09:47:32|765|885|CBG8815|107.649536133|31.0272789001|6949|113.25|169.25|-6|0|6888
09:47:36|765|885|CBG8815|107.65417099|31.0327720642|6927|113.25|169.25|-6|0|6888
09:47:40|765|885|CBG8815|107.658805847|31.0384368896|6904|113.25|169.25|-5|0|6888
09:47:44|765|885|CBG8815|107.663784027|31.0444450378|6888|113.25|168.75|-5|0|6888
09:47:48|765|885|CBG8815|107.668933868|31.0506248474|6881|113.25|168.75|-3|0|6888
09:47:52|765|885|CBG8815|107.674942017|31.0576629639|6888|113.25|168.75|0|0|6888
09:47:56|765|885|CBG8815|107.679748535|31.0634994507|6888|112.75|168.75|0|0|6888
09:48:00|765|885|CBG8815|107.683696747|31.0683059692|6888|112.75|168.25|0|0|6888
09:48:04|765|885|CBG8815|107.688846588|31.0744857788|6888|112.75|168.25|0|0|6888
09:48:08|765|885|CBG8815|107.694511414|31.0810089111|6888|112.75|168.25|0|0|6888
09:48:12|765|885|CBG8815|107.698802948|31.0863304138|6888|112.75|168.25|0|0|6888
09:48:16|765|885|CBG8815|107.703609467|31.0921669006|6888|112.25|168.75|0|0|6888
09:48:20|765|885|CBG8815|107.708759308|31.0983467102|6888|112.25|168.75|0|0|6888
09:48:24|765|885|CBG8815|107.713909149|31.1046981812|6888|112.25|168.75|0|0|6888
09:48:28|765|885|CBG8815|107.718887329|31.1107063293|6888|112.25|169.25|0|0|6888
09:48:32|765|885|CBG8815|107.723865509|31.1167144775|6888|112.25|169.25|0|0|6888
09:48:36|765|885|CBG8815|107.728672028|31.1225509644|6888|112.0|169.25|0|0|6888
09:48:40|765|885|CBG8815|107.733650208|31.1285591125|6888|112.0|169.25|0|0|6888
09:48:44|765|885|CBG8815|107.738800049|31.1349105835|6888|112.25|169.25|0|0|6888
09:48:48|765|885|CBG8815|107.743778229|31.1409187317|6888|112.0|169.25|0|0|6888
09:48:52|765|885|CBG8815|107.748069763|31.1458969116|6888|112.0|169.25|0|0|6888
09:48:56|765|885|CBG8815|107.753047943|31.1520767212|6888|112.25|169.75|0|0|6888
09:49:00|765|885|CBG8815|107.758197784|31.1584281921|6888|112.25|169.75|0|0|6888
09:49:04|765|885|CBG8815|107.763519287|31.1647796631|6888|112.25|169.75|0|0|6888
09:49:08|765|885|CBG8815|107.768497467|31.1706161499|6888|112.25|169.75|0|0|6888
09:49:12|765|885|CBG8815|107.773475647|31.1766242981|6888|112.25|169.75|0|0|6888
09:49:16|765|885|CBG8815|107.778625488|31.1828041077|6888|112.25|169.75|0|0|6888
09:49:20|765|885|CBG8815|107.783603668|31.1888122559|6888|112.75|169.75|0|0|6888
09:49:24|765|885|CBG8815|107.788581848|31.1948204041|6888|112.75|170.25|0|0|6888
09:49:28|765|885|CBG8815|107.793216705|31.2004852295|6888|112.75|169.75|0|0|6888
09:49:32|765|885|CBG8815|107.798023224|31.2063217163|6888|112.25|169.75|0|0|6888
09:49:36|765|885|CBG8815|107.803344727|31.2126731873|6888|112.25|169.75|0|0|6888
09:49:40|765|885|CBG8815|107.807979584|31.2181663513|6888|112.25|169.75|0|0|6888
09:49:44|765|885|CBG8815|107.813129425|31.2243461609|6888|112.25|169.75|0|0|6888
09:49:48|765|885|CBG8815|107.817764282|31.2301826477|6888|112.25|169.25|0|0|6888
09:49:52|765|885|CBG8815|107.822914124|31.2361907959|6888|112.25|169.25|0|0|6888
09:49:56|765|885|CBG8815|107.827720642|31.2420272827|6888|112.25|169.25|0|0|6888
09:50:00|765|885|CBG8815|107.832870483|31.2482070923|6888|112.0|168.75|0|0|6888
09:50:04|765|885|CBG8815|107.837677002|31.2538719177|6888|112.0|168.75|0|0|6888
09:50:08|765|885|CBG8815|107.842483521|31.2597084045|6888|112.0|168.75|0|0|6888
09:50:12|765|885|CBG8815|107.847290039|31.2655448914|6888|112.0|168.25|0|0|6888
09:50:16|765|885|CBG8815|107.852268219|31.2713813782|6888|111.5|167.75|0|0|6888
09:50:20|765|885|CBG8815|107.85741806|31.2773895264|6888|111.5|167.25|0|0|6888
09:50:24|765|885|CBG8815|107.862224579|31.2832260132|6888|111.5|166.75|0|0|19949
09:50:28|765|885|CBG8815|107.865314484|31.2873458862|6888|108.0|163.5|0|0|6888
09:50:32|765|885|CBG8815|107.87115097|31.2943840027|6888|108.5|164.5|0|0|6888
09:50:36|765|885|CBG8815|107.875957489|31.3003921509|6888|109.0|165.0|0|0|6888
09:50:40|765|885|CBG8815|107.879905701|31.3050270081|6888|109.0|165.0|0|0|6888
09:50:44|765|885|CBG8815|107.884883881|31.3110351562|6888|109.0|165.0|0|0|6888
09:50:48|765|885|CBG8815|107.890033722|31.3172149658|6888|109.0|165.0|0|0|6888
09:50:52|765|885|CBG8815|107.89484024|31.3228797913|6888|109.0|165.0|0|0|6888
09:50:56|765|885|CBG8815|107.899646759|31.3287162781|6888|109.0|165.5|0|0|6888
09:51:00|765|885|CBG8815|107.904453278|31.3345527649|6888|109.0|165.5|0|0|6888
09:51:04|765|885|CBG8815|107.909259796|31.3403892517|6888|109.5|165.5|0|0|6888
09:51:08|765|885|CBG8815|107.914237976|31.3462257385|6888|109.5|165.5|0|0|6888
09:51:12|765|885|CBG8815|107.919044495|31.3520622253|6888|109.5|165.5|0|0|6888
09:51:16|765|885|CBG8815|107.923851013|31.3578987122|6888|109.5|165.5|0|0|6888
09:51:20|765|885|CBG8815|107.928829193|31.363735199|6888|109.5|165.5|0|0|6888
09:51:24|765|885|CBG8815|107.933635712|31.3695716858|6888|109.5|165.5|0|0|6888
09:51:28|765|885|CBG8815|107.93844223|31.3754081726|6888|109.5|165.5|0|0|6888
09:51:32|765|885|CBG8815|107.94342041|31.3812446594|6888|109.5|165.5|0|0|6888
09:51:36|765|885|CBG8815|107.94839859|31.387424469|6888|109.5|165.5|0|0|6888
09:51:40|765|885|CBG8815|107.953033447|31.3929176331|6888|109.5|165.5|0|0|6888
09:51:44|765|885|CBG8815|107.957839966|31.3985824585|6888|109.5|165.0|0|0|6888
09:51:48|765|885|CBG8815|107.962646484|31.4044189453|6888|109.5|165.0|0|0|6888
09:51:52|765|885|CBG8815|107.967796326|31.4105987549|6888|109.5|165.0|0|0|6888
09:51:56|765|885|CBG8815|107.971572876|31.4150619507|6888|109.0|165.0|0|0|6888
09:52:00|765|885|CBG8815|107.976379395|31.4210700989|6888|109.0|165.0|0|0|6888
09:52:04|765|885|CBG8815|107.981529236|31.4272499084|6888|109.0|165.0|0|0|6888
09:52:08|765|885|CBG8815|107.986335754|31.4329147339|6888|109.0|165.0|0|0|6888
09:52:12|765|885|CBG8815|107.990970612|31.4385795593|6888|109.0|165.0|0|0|6888
09:52:16|765|885|CBG8815|107.99577713|31.4440727234|6888|109.0|165.0|0|0|6888
09:52:20|765|885|CBG8815|108.000583649|31.4499092102|6888|109.0|165.0|0|0|6888
09:52:24|765|885|CBG8815|108.005390167|31.455745697|6888|109.0|165.0|0|0|6888
09:52:28|765|885|CBG8815|108.010196686|31.4615821838|6888|109.0|165.0|0|0|6888
09:52:32|765|885|CBG8815|108.015174866|31.4674186707|6888|109.0|165.0|0|0|6888
09:52:36|765|885|CBG8815|108.019981384|31.4732551575|6888|109.0|165.0|0|0|6888
09:52:40|765|885|CBG8815|108.024959564|31.4790916443|6888|109.5|165.0|0|0|6888
09:52:44|765|885|CBG8815|108.030109406|31.4854431152|6888|109.5|165.5|0|0|6888
09:52:48|765|885|CBG8815|108.035087585|31.4911079407|6888|109.5|165.5|0|0|6888
09:52:52|765|885|CBG8815|108.040065765|31.4971160889|6888|109.5|165.5|0|0|6888
09:52:56|765|885|CBG8815|108.044700623|31.5026092529|6888|109.5|165.5|0|0|6888
09:53:00|765|885|CBG8815|108.049507141|31.5086174011|6888|109.5|165.5|0|0|6888
09:53:04|765|885|CBG8815|108.054656982|31.5146255493|6888|109.5|165.5|0|0|6888
09:53:08|765|885|CBG8815|108.059978485|31.5209770203|6888|110.0|165.5|0|0|6888
09:53:12|765|885|CBG8815|108.065128326|31.5271568298|6888|110.0|166.0|0|0|6888
09:53:16|765|885|CBG8815|108.069763184|31.5328216553|6888|110.0|166.0|0|0|6888
09:53:20|765|885|CBG8815|108.074054718|31.5379714966|6888|110.0|166.0|0|0|6888
09:53:24|765|885|CBG8815|108.078861237|31.543636322|6888|110.0|166.0|0|0|6888
09:53:28|765|885|CBG8815|108.084354401|31.5501594543|6888|110.0|166.0|0|0|6888
09:53:32|765|885|CBG8815|108.088645935|31.5553092957|6888|110.0|166.0|0|0|6888
09:53:36|765|885|CBG8815|108.094139099|31.561832428|6888|110.0|166.5|0|0|6888
09:53:40|765|885|CBG8815|108.099117279|31.5676689148|6888|110.0|166.5|0|0|6888
09:53:44|765|885|CBG8815|108.104095459|31.573677063|6888|110.0|166.5|0|0|6888
09:53:48|765|885|CBG8815|108.109073639|31.5795135498|6888|110.0|166.5|0|0|6888
09:53:52|765|885|CBG8815|108.113880157|31.5853500366|6888|110.0|166.5|0|0|6888
09:53:56|765|885|CBG8815|108.118515015|31.5910148621|6888|110.0|166.5|0|0|6888
09:54:00|765|885|CBG8815|108.124008179|31.597366333|6888|110.0|166.75|0|0|6888
09:54:04|765|885|CBG8815|108.128471375|31.6030311584|6888|110.5|166.75|0|0|6888
09:54:08|765|885|CBG8815|108.133449554|31.6088676453|6888|110.5|166.75|0|0|6888
09:54:12|765|885|CBG8815|108.138084412|31.6143608093|6888|110.5|166.75|0|0|6888
09:54:16|765|885|CBG8815|108.143405914|31.6205406189|6888|110.5|166.75|0|0|6888
09:54:20|765|885|CBG8815|108.148384094|31.6265487671|6888|110.5|166.75|0|0|6888
09:54:24|765|885|CBG8815|108.153190613|31.6322135925|6888|110.5|166.75|0|0|6888
09:54:28|765|885|CBG8815|108.157997131|31.6380500793|6888|110.5|166.75|0|0|6888
09:54:32|765|885|CBG8815|108.162975311|31.6438865662|6888|110.5|166.75|0|0|6888
09:54:36|765|885|CBG8815|108.16778183|31.6498947144|6888|110.5|166.75|0|0|6888
09:54:40|765|885|CBG8815|108.17276001|31.6555595398|6888|110.5|166.75|0|0|6888
09:54:44|765|885|CBG8815|108.17773819|31.661567688|6888|110.5|166.75|0|0|6888
09:54:48|765|885|CBG8815|108.182544708|31.6674041748|6888|110.5|166.75|0|0|6888
09:54:52|765|885|CBG8815|108.187522888|31.6732406616|6888|110.5|166.75|0|0|6888
09:54:56|765|885|CBG8815|108.192329407|31.6790771484|6888|110.5|166.75|0|0|6888
09:55:00|765|885|CBG8815|108.197307587|31.6849136353|6888|110.5|166.75|0|0|6888
09:55:04|765|885|CBG8815|108.202457428|31.6910934448|6888|110.5|166.5|0|0|6888
09:55:08|765|885|CBG8815|108.207092285|31.6965866089|6888|110.5|166.5|0|0|6888
09:55:12|765|885|CBG8815|108.211898804|31.7024230957|6888|110.5|166.5|0|0|6888
09:55:16|765|885|CBG8815|108.216876984|31.7082595825|6888|110.0|166.5|0|0|6888
09:55:20|765|885|CBG8815|108.221683502|31.713924408|6888|110.0|166.5|0|0|6888
09:55:24|765|885|CBG8815|108.226661682|31.7199325562|6888|110.0|166.5|0|0|6888
09:55:28|765|885|CBG8815|108.231639862|31.7255973816|6888|110.0|166.5|0|0|6888
09:55:32|765|885|CBG8815|108.236446381|31.7314338684|6888|110.0|166.5|0|0|6888
09:55:36|765|885|CBG8815|108.241252899|31.7372703552|6888|110.0|166.5|0|0|6888
09:55:40|765|885|CBG8815|108.246231079|31.743106842|6888|110.0|166.5|0|0|6888
09:55:44|765|885|CBG8815|108.251209259|31.7489433289|6888|110.0|166.5|0|0|6888
09:55:48|765|885|CBG8815|108.255844116|31.7546081543|6888|110.0|166.5|0|0|6888
09:55:52|765|885|CBG8815|108.260993958|31.7607879639|6888|110.0|166.5|0|0|6888
09:55:56|765|885|CBG8815|108.265800476|31.7664527893|6888|110.0|166.5|0|0|6888
09:56:00|765|885|CBG8815|108.270778656|31.7722892761|6888|110.0|166.5|0|0|6888
09:56:04|765|885|CBG8815|108.275756836|31.7781257629|6888|110.0|166.5|0|0|6888
09:56:08|765|885|CBG8815|108.280563354|31.7839622498|6888|110.0|166.5|0|0|6888
09:56:12|765|885|CBG8815|108.285541534|31.7897987366|6888|110.0|166.5|0|0|6888
09:56:16|765|885|CBG8815|108.290519714|31.7956352234|6888|110.0|166.5|0|0|6888
09:56:20|765|885|CBG8815|108.295326233|31.8014717102|6888|110.0|166.5|0|0|6888
09:56:24|765|885|CBG8815|108.300304413|31.807308197|6888|110.0|166.5|0|0|6888
09:56:28|765|885|CBG8815|108.305282593|31.8131446838|6888|110.0|166.5|0|0|6888
09:56:32|765|885|CBG8815|108.310089111|31.8189811707|6888|110.0|166.5|0|0|6888
09:56:36|765|885|CBG8815|108.315067291|31.8248176575|6888|110.0|166.0|0|0|6888
09:56:40|765|885|CBG8815|108.31987381|31.8304824829|6888|110.0|166.0|0|0|6888
09:56:44|765|885|CBG8815|108.32485199|31.8363189697|6888|110.0|166.0|0|0|6888
09:56:48|765|885|CBG8815|108.32983017|31.8421554565|6888|110.0|166.0|0|0|6888
09:56:52|765|885|CBG8815|108.334636688|31.847820282|6888|110.0|166.0|0|0|6888
09:56:56|765|885|CBG8815|108.339614868|31.8536567688|6888|110.0|166.0|0|0|6888
09:57:00|765|885|CBG8815|108.344421387|31.8594932556|6888|110.0|166.0|0|0|6888
09:57:04|765|885|CBG8815|108.349227905|31.8653297424|6888|110.0|165.5|0|0|6888
09:57:08|765|885|CBG8815|108.354206085|31.8711662292|6888|110.0|165.5|0|0|6888
09:57:12|765|885|CBG8815|108.359012604|31.8768310547|6888|110.0|165.5|0|0|6888
09:57:16|765|885|CBG8815|108.363990784|31.8826675415|6888|110.0|165.5|0|0|6888
09:57:20|765|885|CBG8815|108.368968964|31.8883323669|6888|110.0|165.5|0|0|6888
09:57:24|765|885|CBG8815|108.373775482|31.8941688538|6888|109.5|165.5|0|0|6888
09:57:28|765|885|CBG8815|108.378582001|31.8998336792|6888|110.0|165.0|0|0|6888
09:57:32|765|885|CBG8815|108.383388519|31.9054985046|6888|109.5|165.0|0|0|6888
09:57:36|765|885|CBG8815|108.388366699|31.9113349915|6888|109.5|165.0|0|0|6888
09:57:40|765|885|CBG8815|108.393344879|31.9169998169|6888|110.0|164.5|0|0|6888
09:57:44|765|885|CBG8815|108.398151398|31.9228363037|6888|109.5|164.5|0|0|6888
09:57:48|765|885|CBG8815|108.402957916|31.9285011292|6888|109.5|164.5|0|0|6888
09:57:52|765|885|CBG8815|108.407592773|31.934337616|6888|108.5|164.5|0|0|6888
09:57:56|765|885|CBG8815|108.412399292|31.9400024414|6888|108.5|164.5|0|0|6888
09:58:00|765|885|CBG8815|108.417377472|31.9458389282|6888|108.5|164.5|0|0|6888
09:58:04|765|885|CBG8815|108.42218399|31.9515037537|6888|108.5|164.5|0|0|6888
09:58:08|765|885|CBG8815|108.427333832|31.9576835632|6888|108.5|164.0|0|0|6888
09:58:12|765|885|CBG8815|108.431110382|31.962146759|6888|108.5|164.0|0|0|6888
09:58:16|765|885|CBG8815|108.435745239|31.9676399231|6888|108.5|164.0|0|0|6888
09:58:20|765|885|CBG8815|108.440895081|31.9738197327|6888|108.0|164.0|0|0|6888
09:58:24|765|885|CBG8815|108.445529938|31.9793128967|6888|108.0|163.5|0|0|6888
09:58:28|765|885|CBG8815|108.450336456|31.9849777222|6888|108.0|164.0|0|0|6888
09:58:32|765|885|CBG8815|108.455314636|31.990814209|6888|108.0|164.0|0|0|6888
09:58:36|765|885|CBG8815|108.461151123|31.9976806641|6888|108.0|164.0|0|0|6888
09:58:40|765|885|CBG8815|108.464927673|32.0021438599|6888|108.5|164.0|0|0|6888
09:58:44|765|885|CBG8815|108.469734192|32.0078086853|6888|107.5|163.5|0|0|6888
09:58:48|765|885|CBG8815|108.475227356|32.0143318176|6888|108.0|163.5|0|0|6888
09:58:52|765|885|CBG8815|108.479862213|32.0198249817|6888|108.0|163.0|0|0|6888
09:58:56|765|885|CBG8815|108.485183716|32.0260047913|6888|108.0|163.5|0|0|6888
09:59:00|765|885|CBG8815|108.490333557|32.0321846008|6888|108.5|164.0|0|0|6888
09:59:04|765|885|CBG8815|108.494796753|32.0375061035|6888|108.0|163.5|0|0|6888
09:59:08|765|885|CBG8815|108.499774933|32.0433425903|6888|108.0|163.5|0|0|6888
09:59:12|765|885|CBG8815|108.503723145|32.0479774475|6888|108.0|164.0|0|0|6888
09:59:16|765|885|CBG8815|108.508529663|32.0538139343|6888|108.0|164.5|0|0|6888
09:59:20|765|885|CBG8815|108.51436615|32.0608520508|6888|107.5|165.5|0|0|6888
09:59:24|765|885|CBG8815|108.519001007|32.066860199|6888|106.0|166.75|0|0|6888
09:59:28|765|885|CBG8815|108.522949219|32.0733833313|6888|100.75|170.75|0|0|6888
09:59:32|765|885|CBG8815|108.524150848|32.0807647705|6888|79.5|180.75|0|0|6888
09:59:36|765|885|CBG8815|108.522949219|32.0867729187|6888|52.0|185.75|0|0|6888
09:59:40|765|885|CBG8815|108.52432251|32.094669342|6888|33.25|188.0|0|0|6888
09:59:44|765|885|CBG8815|108.525524139|32.1015357971|6888|22.25|189.5|0|0|6888
09:59:48|765|885|CBG8815|108.526725769|32.1080589294|6888|18.25|189.0|0|0|6888
09:59:52|765|885|CBG8815|108.526725769|32.1147537231|6888|5.75|188.0|0|0|6888
09:59:56|765|885|CBG8815|108.525867462|32.1214485168|6888|-9.75|186.25|0|0|6888
