00:00:04|1334|1323|CBG8811|107.3736763|24.6941757202|8412|23.25|234.0|0|0|8412
00:00:08|1334|1323|CBG8811|107.37487793|24.7025871277|8412|23.75|234.5|0|0|8412
00:00:12|1334|1323|CBG8811|107.375392914|24.7108268738|8412|21.75|234.0|0|0|8412
00:00:16|1334|1323|CBG8811|107.375564575|24.7190666199|8412|19.75|233.5|0|0|8412
00:00:20|1334|1323|CBG8811|107.376937866|24.727306366|8412|20.75|233.5|0|0|8412
00:00:24|1334|1323|CBG8811|107.377967834|24.7362327576|8412|20.75|233.5|0|0|8412
00:00:28|1334|1323|CBG8811|107.378482819|24.7443008423|8412|19.25|233.0|0|0|8412
00:00:32|1334|1323|CBG8811|107.378997803|24.7520256042|8412|18.25|233.0|0|0|8412
00:00:36|1334|1323|CBG8811|107.379341125|24.7607803345|8412|17.0|232.5|0|0|8412
00:00:40|1334|1323|CBG8811|107.379512787|24.7690200806|8412|15.5|232.0|0|0|8412
00:00:44|1334|1323|CBG8811|107.380542755|24.7772598267|8412|16.0|232.0|0|0|8412
00:00:48|1334|1323|CBG8811|107.37985611|24.7834396362|8412|12.0|231.0|0|0|8412
00:00:52|1334|1323|CBG8811|107.380886078|24.7933959961|8412|13.0|231.0|0|0|8412
00:00:56|1334|1323|CBG8811|107.380714417|24.7999191284|8412|11.0|230.5|0|0|8412
00:01:00|1334|1323|CBG8811|107.382259369|24.8083305359|8412|13.5|231.0|0|0|8412
00:01:04|1334|1323|CBG8811|107.383804321|24.8188018799|8412|15.0|231.0|0|0|8412
00:01:08|1334|1323|CBG8811|107.384490967|24.8265266418|8412|14.5|231.0|0|0|8412
00:01:12|1334|1323|CBG8811|107.384490967|24.8349380493|8412|12.5|231.0|0|0|8412
00:01:16|1334|1323|CBG8811|107.386379242|24.8435211182|8412|15.0|231.5|0|0|8412
00:01:20|1334|1323|CBG8811|107.389640808|24.8510742188|8412|22.75|232.5|0|0|8412
00:01:24|1334|1323|CBG8811|107.391014099|24.8594856262|8412|22.75|232.5|0|0|8412
00:01:28|1334|1323|CBG8811|107.39238739|24.8675537109|8412|22.75|233.0|0|0|8412
00:01:32|1334|1323|CBG8811|107.394962311|24.8781967163|8412|25.0|233.5|0|0|8412
00:01:36|1334|1323|CBG8811|107.395820618|24.8845481873|8412|25.0|233.5|0|0|8412
00:01:40|1334|1323|CBG8811|107.393932343|24.9006843567|8412|-12.5|280.25|0|0|8412
00:01:44|1334|1323|CBG8811|107.395477295|24.9114990234|8412|15.0|298.0|0|0|8412
00:01:48|1334|1323|CBG8811|107.397193909|24.9230003357|8412|22.25|301.0|0|0|8412
00:01:52|1334|1323|CBG8811|107.398738861|24.9329566956|8412|24.5|294.75|0|0|8412
00:01:56|1334|1323|CBG8811|107.400283813|24.9417114258|8412|25.5|285.5|0|0|8412
00:02:00|1334|1323|CBG8811|107.401485443|24.9501228333|8412|25.5|275.75|0|0|8412
00:02:04|1334|1323|CBG8811|107.403373718|24.9609375|8412|26.0|267.75|0|0|8412
00:02:08|1334|1323|CBG8811|107.404918671|24.9657440186|8412|28.0|253.75|0|0|8412
00:02:12|1334|1323|CBG8811|107.406463623|24.9760437012|8412|26.5|246.5|0|0|8412
00:02:16|1334|1323|CBG8811|107.407836914|24.9842834473|8412|26.0|242.5|0|0|8412
00:02:20|1334|1323|CBG8811|107.409038544|24.9925231934|8412|25.5|239.75|0|0|8412
00:02:24|1334|1323|CBG8811|107.410411835|25.0007629395|8412|25.5|237.75|0|0|8412
00:02:28|1334|1323|CBG8811|107.411613464|25.0090026855|8412|25.5|236.25|0|0|8412
00:02:32|1334|1323|CBG8811|107.412986755|25.017414093|8412|25.5|236.25|0|0|8412
00:02:36|1334|1323|CBG8811|107.414016724|25.0256538391|8412|25.5|235.75|0|0|8412
00:02:40|1334|1323|CBG8811|107.415046692|25.0340652466|8412|24.5|234.0|0|0|8412
00:02:44|1334|1323|CBG8811|107.41607666|25.0421333313|8412|24.5|234.0|0|0|8412
00:02:48|1334|1323|CBG8811|107.41727829|25.0503730774|8412|24.0|234.5|0|0|8412
00:02:52|1334|1323|CBG8811|107.418479919|25.0587844849|8412|24.5|235.0|0|0|8412
00:02:56|1334|1323|CBG8811|107.419681549|25.0671958923|8412|24.0|235.0|0|0|8412
00:03:00|1334|1323|CBG8811|107.420711517|25.0754356384|8412|23.75|235.0|0|0|8412
00:03:04|1334|1323|CBG8811|107.421569824|25.0836753845|8412|23.25|234.5|0|0|8412
00:03:08|1334|1323|CBG8811|107.422599792|25.092086792|8412|23.25|234.5|0|0|8412
00:03:12|1334|1323|CBG8811|107.423801422|25.1006698608|8412|22.75|233.5|0|0|8412
00:03:16|1334|1323|CBG8811|107.42483139|25.1089096069|8412|22.75|233.0|0|0|8412
00:03:20|1334|1323|CBG8811|107.425689697|25.1166343689|8412|22.25|233.5|0|0|8412
00:03:24|1334|1323|CBG8811|107.426891327|25.1250457764|8412|22.25|234.0|0|0|8412
00:03:28|1334|1323|CBG8811|107.428092957|25.1334571838|8412|22.25|234.5|0|0|8412
00:03:32|1334|1323|CBG8811|107.429294586|25.1422119141|8412|22.75|234.5|0|0|8412
00:03:36|1334|1323|CBG8811|107.430324554|25.1502799988|8412|22.25|234.5|0|0|8412
00:03:40|1334|1323|CBG8811|107.431526184|25.1588630676|8412|22.25|234.0|0|0|8412
00:03:44|1334|1323|CBG8811|107.431354523|25.1672744751|8412|19.25|232.5|0|0|8412
00:03:48|1334|1323|CBG8811|107.431697845|25.1751708984|8412|17.25|231.5|0|0|8412
00:03:52|1334|1323|CBG8811|107.432384491|25.1823806763|8412|17.75|231.0|0|0|8412
00:03:56|1334|1323|CBG8811|107.433414459|25.190448761|8412|17.75|231.0|0|0|8412
00:04:00|1334|1323|CBG8811|107.434101105|25.1993751526|8412|17.25|229.0|0|0|8412
00:04:04|1334|1323|CBG8811|107.434959412|25.2072715759|8412|17.25|227.25|0|0|8412
00:04:08|1334|1323|CBG8811|107.43598938|25.2146530151|8412|17.25|224.25|0|0|8412
00:04:12|1334|1323|CBG8811|107.437019348|25.2222061157|8412|17.75|221.25|0|0|8412
00:04:16|1334|1323|CBG8811|107.438049316|25.2294158936|8412|18.25|219.0|0|0|8412
00:04:20|1334|1323|CBG8811|107.438907623|25.2367973328|8412|17.75|220.0|0|0|8412
00:04:24|1334|1323|CBG8811|107.440109253|25.2445220947|8412|18.75|220.5|0|0|8412
00:04:28|1334|1323|CBG8811|107.44096756|25.2519035339|8412|18.75|220.0|0|0|8412
00:04:32|1334|1323|CBG8811|107.441997528|25.2596282959|8412|18.75|221.0|0|0|8412
00:04:36|1334|1323|CBG8811|107.443199158|25.2697563171|8412|19.25|223.25|0|0|8412
00:04:40|1334|1323|CBG8811|107.444400787|25.2779960632|8412|19.25|225.75|0|0|8412
00:04:44|1334|1323|CBG8811|107.445430756|25.2865791321|8412|19.75|228.0|0|0|8412
00:04:48|1334|1323|CBG8811|107.446460724|25.2956771851|8412|19.75|230.0|0|0|8412
00:04:52|1334|1323|CBG8811|107.447319031|25.3022003174|8412|19.75|230.0|0|0|8412
00:04:56|1334|1323|CBG8811|107.448863983|25.3118133545|8412|20.25|228.5|0|0|8412
00:05:00|1334|1323|CBG8811|107.449893951|25.3190231323|8412|20.25|225.25|0|0|8412
00:05:04|1334|1323|CBG8811|107.450580597|25.3269195557|8412|19.75|229.5|0|0|8412
00:05:08|1334|1323|CBG8811|107.451610565|25.3358459473|8412|19.25|230.5|0|0|8412
00:05:12|1334|1323|CBG8811|107.452640533|25.3440856934|8412|19.25|232.5|0|0|8412
00:05:16|1334|1323|CBG8811|107.453670502|25.3528404236|8412|19.25|234.0|0|0|8412
00:05:20|1334|1323|CBG8811|107.45470047|25.3614234924|8412|19.25|234.5|0|0|8412
00:05:24|1334|1323|CBG8811|107.455730438|25.3700065613|8412|19.25|235.0|0|0|8412
00:05:28|1334|1323|CBG8811|107.457103729|25.3801345825|8412|19.75|235.0|0|0|8412
00:05:32|1334|1323|CBG8811|107.457790375|25.3868293762|8412|19.75|235.0|0|0|8412
00:05:36|1334|1323|CBG8811|107.458992004|25.3954124451|8412|20.25|235.0|0|0|8412
00:05:40|1334|1323|CBG8811|107.460193634|25.4039955139|8412|20.75|235.0|0|0|8412
00:05:44|1334|1323|CBG8811|107.461395264|25.4124069214|8412|20.75|234.5|0|0|8412
00:05:48|1334|1323|CBG8811|107.462425232|25.4209899902|8412|21.25|234.5|0|0|8412
00:05:52|1334|1323|CBG8811|107.463626862|25.429058075|8412|21.25|234.5|0|0|8412
00:05:56|1334|1323|CBG8811|107.46465683|25.4374694824|8412|21.25|234.5|0|0|8412
00:06:00|1334|1323|CBG8811|107.465858459|25.4462242126|8412|21.25|234.5|0|0|8412
00:06:04|1334|1323|CBG8811|107.466888428|25.4546356201|8412|21.25|234.5|0|0|8412
00:06:08|1334|1323|CBG8811|107.467918396|25.4640769958|8412|19.25|234.0|0|0|8412
00:06:12|1334|1323|CBG8811|107.466545105|25.4714584351|8412|-9.25|234.5|0|0|8412
00:06:16|1334|1323|CBG8811|107.465858459|25.4796981812|8412|-19.75|232.5|0|0|8412
00:06:20|1334|1323|CBG8811|107.465000153|25.4877662659|8412|-29.0|229.5|0|0|8412
00:06:24|1334|1323|CBG8811|107.463626862|25.4956626892|8412|-38.5|226.25|0|0|8412
00:06:28|1334|1323|CBG8811|107.462596893|25.5039024353|8412|-35.75|226.25|0|0|8412
00:06:32|1334|1323|CBG8811|107.461566925|25.51197052|8412|-36.75|225.75|0|0|8412
00:06:36|1334|1323|CBG8811|107.457962036|25.5184936523|8412|-68.5|213.75|0|0|8412
00:06:40|1334|1323|CBG8811|107.452297211|25.5267333984|8412|-105.5|194.75|0|0|8412
00:06:44|1334|1323|CBG8811|107.450065613|25.5337715149|8412|-90.75|201.0|0|0|8412
00:06:48|1334|1323|CBG8811|107.446289062|25.5411529541|8412|-97.0|196.75|0|0|8412
00:06:52|1334|1323|CBG8811|107.444572449|25.5485343933|8412|-89.25|200.75|0|0|8412
00:06:56|1334|1323|CBG8811|107.441825867|25.5559158325|8412|-87.75|201.5|0|0|8412
00:07:00|1334|1323|CBG8811|107.437705994|25.5626106262|8412|-99.75|195.25|0|0|8412
00:07:04|1334|1323|CBG8811|107.432556152|25.5689620972|8412|-117.25|183.75|0|0|8412
00:07:08|1334|1323|CBG8811|107.428264618|25.5758285522|8412|-118.75|183.75|0|0|8412
00:07:12|1334|1323|CBG8811|107.422084808|25.5809783936|8412|-142.25|162.5|0|0|8412
00:07:16|1334|1323|CBG8811|107.412471771|25.5828666687|8412|-187.25|103.25|0|0|8412
00:07:20|1334|1323|CBG8811|107.407150269|25.58801651|8412|-183.25|98.5|0|0|8412
00:07:24|1334|1323|CBG8811|107.403888702|25.5948829651|8412|-158.75|132.75|0|0|8412
00:07:28|1334|1323|CBG8811|107.396678925|25.5979728699|8412|-176.5|99.25|0|0|8412
00:07:32|1334|1323|CBG8811|107.390327454|25.6020927429|8412|-180.5|87.25|0|0|8412
00:07:36|1334|1323|CBG8811|107.382602692|25.6038093567|8412|-191.0|59.75|0|0|8412
00:07:40|1334|1323|CBG8811|107.376766205|25.6096458435|8412|-176.0|94.0|0|0|8412
00:07:44|1334|1323|CBG8811|107.371444702|25.6147956848|8412|-154.75|121.5|0|0|8412
00:07:48|1334|1323|CBG8811|107.366123199|25.6197738647|8412|-149.0|129.75|0|0|8412
00:07:52|1334|1323|CBG8811|107.361831665|25.6273269653|8412|-127.75|153.0|0|0|8412
00:07:56|1334|1323|CBG8811|107.357711792|25.6338500977|8412|-125.5|155.75|0|0|8412
00:08:00|1334|1323|CBG8811|107.348270416|25.6350517273|8412|-171.75|95.5|0|0|8412
00:08:04|1334|1323|CBG8811|107.342948914|25.6391716003|8412|-170.25|94.5|0|0|8412
00:08:08|1334|1323|CBG8811|107.336940765|25.6451797485|8412|-150.5|124.5|0|0|8412
00:08:12|1334|1323|CBG8811|107.331447601|25.6501579285|8412|-148.0|128.25|0|0|8412
00:08:16|1334|1323|CBG8811|107.325439453|25.6553077698|8412|-148.0|130.25|0|0|8412
00:08:20|1334|1323|CBG8811|107.319774628|25.6601142883|8412|-148.5|131.25|0|0|8412
00:08:24|1334|1323|CBG8811|107.313594818|25.665435791|8412|-148.5|132.25|0|0|8412
00:08:28|1334|1323|CBG8811|107.30758667|25.6707572937|8412|-149.0|132.75|0|0|8412
00:08:32|1334|1323|CBG8811|107.302780151|25.6748771667|8412|-149.5|133.0|0|0|8412
00:08:36|1334|1323|CBG8811|107.295913696|25.6808853149|8412|-150.0|134.0|0|0|8412
00:08:40|1334|1323|CBG8811|107.290077209|25.6856918335|8412|-150.5|134.5|0|0|8412
00:08:44|1334|1323|CBG8811|107.284069061|25.6910133362|8412|-150.5|134.5|0|0|8412
00:08:48|1334|1323|CBG8811|107.278232574|25.6959915161|8412|-151.0|135.0|0|0|8412
00:08:52|1334|1323|CBG8811|107.273082733|25.7002830505|8412|-151.0|134.5|0|0|8412
00:08:56|1334|1323|CBG8811|107.267074585|25.7054328918|8412|-151.0|134.5|0|0|8412
00:09:00|1334|1323|CBG8811|107.26140976|25.7102394104|8412|-151.0|134.5|0|0|8412
00:09:04|1334|1323|CBG8811|107.254886627|25.7157325745|8412|-151.0|135.0|0|0|8412
00:09:08|1334|1323|CBG8811|107.248706818|25.7210540771|8412|-151.0|135.0|0|0|8412
00:09:12|1334|1323|CBG8811|107.242870331|25.7262039185|8412|-151.0|135.0|0|0|8412
00:09:16|1334|1323|CBG8811|107.237205505|25.731010437|8412|-151.5|135.5|0|0|8412
00:09:20|1334|1323|CBG8811|107.231025696|25.7365036011|8412|-151.5|135.5|0|0|8412
00:09:24|1334|1323|CBG8811|107.225189209|25.741481781|8412|-151.5|135.5|0|0|8412
00:09:28|1334|1323|CBG8811|107.219009399|25.7466316223|8412|-151.5|136.0|0|0|8412
00:09:32|1334|1323|CBG8811|107.213172913|25.7516098022|8412|-151.5|136.0|0|0|8412
00:09:36|1334|1323|CBG8811|107.207336426|25.7567596436|8412|-152.0|136.0|0|0|8412
00:09:40|1334|1323|CBG8811|107.201328278|25.7619094849|8412|-152.0|136.5|0|0|8412
00:09:44|1334|1323|CBG8811|107.19669342|25.7658576965|8412|-152.0|136.5|0|0|8412
00:09:48|1334|1323|CBG8811|107.189483643|25.7720375061|8412|-152.0|136.5|0|0|8412
00:09:52|1334|1323|CBG8811|107.184848785|25.7759857178|8412|-152.0|136.5|0|0|8412
00:09:56|1334|1323|CBG8811|107.178840637|25.7813072205|8412|-152.0|136.5|0|0|8412
00:10:00|1334|1323|CBG8811|107.17300415|25.7862854004|8412|-151.5|136.0|0|0|8412
00:10:04|1334|1323|CBG8811|107.167167664|25.7912635803|8412|-151.5|136.5|0|0|8412
00:10:08|1334|1323|CBG8811|107.161502838|25.7964134216|8412|-151.5|137.5|0|0|8412
00:10:12|1334|1323|CBG8811|107.156181335|25.8020782471|8412|-142.25|147.0|0|0|8412
00:10:16|1334|1323|CBG8811|107.153778076|25.809803009|8412|-107.0|175.5|0|0|8412
00:10:20|1334|1323|CBG8811|107.147941589|25.8171844482|8412|-112.25|172.25|0|0|8412
00:10:24|1334|1323|CBG8811|107.142105103|25.8225059509|8412|-124.5|162.5|0|0|8412
00:10:28|1334|1323|CBG8811|107.136440277|25.8276557922|8412|-131.75|155.25|0|0|8412
00:10:32|1334|1323|CBG8811|107.130775452|25.8324623108|8412|-138.5|148.5|0|0|8412
00:10:36|1334|1323|CBG8811|107.123908997|25.8364105225|8412|-149.5|137.5|0|0|8412
00:10:40|1334|1323|CBG8811|107.11566925|25.8360671997|8412|-189.5|63.75|0|0|8412
00:10:44|1334|1323|CBG8811|107.10811615|25.8420753479|8412|-171.75|99.75|0|0|8412
00:10:48|1334|1323|CBG8811|107.104854584|25.8492851257|8412|-135.5|140.75|0|0|8412
00:10:52|1334|1323|CBG8811|107.101078033|25.8554649353|8412|-123.5|152.0|0|0|8412
00:10:56|1334|1323|CBG8811|107.095928192|25.8611297607|8412|-125.5|150.5|0|0|8412
00:11:00|1334|1323|CBG8811|107.088718414|25.8650779724|8412|-140.25|136.5|0|0|8412
00:11:04|1334|1323|CBG8811|107.081336975|25.8683395386|8412|-154.75|118.25|0|0|8412
00:11:08|1334|1323|CBG8811|107.074642181|25.8702278137|8412|-169.75|93.5|0|0|8412
00:11:12|1334|1323|CBG8811|107.068977356|25.8746910095|8412|-159.75|109.5|0|0|8412
00:11:16|1334|1323|CBG8811|107.062625885|25.8798408508|8412|-151.5|122.0|0|0|8412
00:11:20|1334|1323|CBG8811|107.05696106|25.8848190308|8412|-148.5|126.75|0|0|8412
00:11:24|1334|1323|CBG8811|107.05078125|25.8901405334|8412|-147.5|128.75|0|0|8412
00:11:28|1334|1323|CBG8811|107.045288086|25.894947052|8412|-147.0|129.75|0|0|8412
00:11:32|1334|1323|CBG8811|107.03962326|25.8997535706|8412|-147.0|130.75|0|0|8412
00:11:36|1334|1323|CBG8811|107.033615112|25.9049034119|8412|-147.5|131.25|0|0|8412
00:11:40|1334|1323|CBG8811|107.027778625|25.9097099304|8412|-147.5|131.75|0|0|8412
00:11:44|1334|1323|CBG8811|107.0221138|25.914516449|8412|-147.5|131.75|0|0|8412
00:11:48|1334|1323|CBG8811|107.016277313|25.9196662903|8412|-148.0|132.25|0|0|8412
00:11:52|1334|1323|CBG8811|107.010269165|25.9246444702|8412|-148.0|132.25|0|0|8412
00:11:56|1334|1323|CBG8811|107.00460434|25.9296226501|8412|-148.0|132.25|0|0|8412
00:12:00|1334|1323|CBG8811|106.998596191|25.9346008301|8412|-148.0|132.25|0|0|8412
00:12:04|1334|1323|CBG8811|106.992588043|25.9397506714|8412|-148.0|132.75|0|0|8412
00:12:08|1334|1323|CBG8811|106.986923218|25.9445571899|8412|-148.0|132.75|0|0|8412
00:12:12|1334|1323|CBG8811|106.981945038|25.9488487244|8412|-148.5|132.75|0|0|8412
00:12:16|1334|1323|CBG8811|106.974906921|25.9548568726|8412|-148.5|132.75|0|0|8412
00:12:20|1334|1323|CBG8811|106.970443726|25.9586334229|8412|-148.5|132.75|0|0|8412
00:12:24|1334|1323|CBG8811|106.963233948|25.9648132324|8412|-148.5|132.75|0|0|8412
00:12:28|1334|1323|CBG8811|106.957569122|25.969619751|8412|-148.5|132.75|0|0|8412
00:12:32|1334|1323|CBG8811|106.951732635|25.9744262695|8412|-148.5|132.75|0|0|8412
00:12:36|1334|1323|CBG8811|106.946411133|25.9790611267|8412|-148.5|132.75|0|0|8412
00:12:40|1334|1323|CBG8811|106.940402985|25.984210968|8412|-148.5|132.75|0|0|8412
00:12:44|1334|1323|CBG8811|106.935424805|25.9883308411|8412|-148.5|132.75|0|0|8412
00:12:48|1334|1323|CBG8811|106.929588318|25.993309021|8412|-148.0|132.25|0|0|8412
00:12:52|1334|1323|CBG8811|106.923236847|25.9988021851|8412|-148.0|132.75|0|0|8412
00:12:56|1334|1323|CBG8811|106.917915344|26.0032653809|8412|-148.0|132.75|0|0|8412
00:13:00|1334|1323|CBG8811|106.912078857|26.0080718994|8412|-148.0|132.75|0|0|8412
00:13:04|1334|1323|CBG8811|106.906070709|26.0132217407|8412|-148.0|132.75|0|0|8412
00:13:08|1334|1323|CBG8811|106.900920868|26.0176849365|8412|-148.0|132.25|0|0|8412
00:13:12|1334|1323|CBG8811|106.895256042|26.0223197937|8412|-148.0|131.75|0|0|8412
00:13:16|1334|1323|CBG8811|106.889247894|26.0272979736|8412|-148.0|131.75|0|0|8412
00:13:20|1334|1323|CBG8811|106.88375473|26.0319328308|8412|-148.0|131.75|0|0|8412
00:13:24|1334|1323|CBG8811|106.878089905|26.0367393494|8412|-148.0|131.75|0|0|8412
00:13:28|1334|1323|CBG8811|106.872081757|26.0418891907|8412|-148.0|131.75|0|0|8412
00:13:32|1334|1323|CBG8811|106.866588593|26.0465240479|8412|-148.0|132.25|0|0|8412
00:13:36|1334|1323|CBG8811|106.860580444|26.0516738892|8412|-148.0|132.25|0|0|8412
00:13:40|1334|1323|CBG8811|106.854743958|26.0564804077|8412|-148.0|132.25|0|0|8412
00:13:44|1334|1323|CBG8811|106.848735809|26.061630249|8412|-148.0|132.25|0|0|8412
00:13:48|1334|1323|CBG8811|106.842727661|26.0667800903|8412|-148.0|132.25|0|0|8412
00:13:52|1334|1323|CBG8811|106.837234497|26.0712432861|8412|-148.0|132.25|0|0|8412
00:13:56|1334|1323|CBG8811|106.83139801|26.0763931274|8412|-148.0|132.25|0|0|8412
00:14:00|1334|1323|CBG8811|106.825561523|26.0813713074|8412|-148.0|132.75|0|0|8412
00:14:04|1334|1323|CBG8811|106.820068359|26.0863494873|8412|-147.0|133.5|0|0|8412
00:14:08|1334|1323|CBG8811|106.814575195|26.0911560059|8412|-146.25|134.5|0|0|8412
00:14:12|1334|1323|CBG8811|106.809940338|26.0969924927|8412|-135.5|146.25|0|0|8412
00:14:16|1334|1323|CBG8811|106.80393219|26.1026573181|8412|-137.0|144.25|0|0|8412
00:14:20|1334|1323|CBG8811|106.79895401|26.1081504822|8412|-135.0|145.75|0|0|8412
00:14:24|1334|1323|CBG8811|106.795005798|26.1146736145|8412|-127.25|153.0|0|0|8412
00:14:28|1334|1323|CBG8811|106.791744232|26.1234283447|8412|-112.0|167.25|0|0|8412
00:14:32|1334|1323|CBG8811|106.788311005|26.1308097839|8412|-104.75|175.5|0|0|8412
00:14:36|1334|1323|CBG8811|106.7852211|26.136302948|8412|-103.25|177.0|0|0|8412
00:14:40|1334|1323|CBG8811|106.782474518|26.1455726624|8412|-87.25|190.0|0|0|8412
00:14:44|1334|1323|CBG8811|106.780757904|26.1520957947|8412|-76.75|196.25|0|0|8412
00:14:48|1334|1323|CBG8811|106.778354645|26.1596488953|8412|-69.0|200.25|0|0|8412
00:14:52|1334|1323|CBG8811|106.777667999|26.1682319641|8412|-50.25|208.75|0|0|8412
00:14:56|1334|1323|CBG8811|106.776638031|26.176815033|8412|-40.0|215.0|0|0|8412
00:15:00|1334|1323|CBG8811|106.775779724|26.1852264404|8412|-33.25|218.0|0|0|8412
00:15:04|1334|1323|CBG8811|106.77526474|26.1934661865|8412|-27.5|220.5|0|0|8412
00:15:08|1334|1323|CBG8811|106.775093079|26.2020492554|8412|-19.75|221.0|0|0|8412
00:15:12|1334|1323|CBG8811|106.776123047|26.2106323242|8412|-3.0|226.25|0|0|8412
00:15:16|1334|1323|CBG8811|106.777153015|26.2195587158|8428|6.75|229.5|0|0|8412
00:15:20|1334|1323|CBG8811|106.778011322|26.2284851074|8428|10.25|232.5|0|0|8412
00:15:24|1334|1323|CBG8811|106.778526306|26.2372398376|8428|10.25|234.0|0|0|8412
00:15:28|1334|1323|CBG8811|106.779212952|26.247882843|8428|9.75|236.25|0|0|8412
00:15:32|1334|1323|CBG8811|106.779727936|26.2552642822|8428|11.0|236.75|0|0|8412
00:15:36|1334|1323|CBG8811|106.78024292|26.2638473511|8428|9.75|237.25|0|0|8412
00:15:40|1334|1323|CBG8811|106.780757904|26.2726020813|8428|8.75|237.75|0|0|8412
00:15:44|1334|1323|CBG8811|106.781272888|26.2813568115|8428|8.75|238.25|0|0|8412
00:15:48|1334|1323|CBG8811|106.781616211|26.2899398804|8428|7.75|237.75|0|0|8412
00:15:52|1334|1323|CBG8811|106.782131195|26.2985229492|8428|7.25|238.25|0|0|8412
00:15:56|1334|1323|CBG8811|106.782474518|26.3072776794|8428|6.25|239.25|0|0|8412
00:16:00|1334|1323|CBG8811|106.782817841|26.3168907166|8428|5.75|239.75|0|0|8412
00:16:04|1334|1323|CBG8811|106.783332825|26.3256454468|8428|5.75|239.75|0|0|8412
00:16:08|1334|1323|CBG8811|106.783847809|26.3347434998|8428|5.75|239.75|0|0|8412
00:16:12|1334|1323|CBG8811|106.784191132|26.3424682617|8428|5.75|239.25|0|0|8412
00:16:16|1334|1323|CBG8811|106.784706116|26.3517379761|8428|5.75|239.25|0|0|8412
00:16:20|1334|1323|CBG8811|106.785049438|26.3592910767|8428|5.75|239.25|0|0|8412
00:16:24|1334|1323|CBG8811|106.785736084|26.3690757751|8412|6.25|239.25|0|0|8412
00:16:28|1334|1323|CBG8811|106.786079407|26.3774871826|8412|6.25|239.25|0|0|8412
00:16:32|1334|1323|CBG8811|106.786594391|26.385383606|8412|6.25|238.75|0|0|8412
00:16:36|1334|1323|CBG8811|106.787109375|26.3946533203|8412|6.25|238.75|0|0|8412
00:16:40|1334|1323|CBG8811|106.787624359|26.4032363892|8412|6.25|238.75|0|0|8412
00:16:44|1334|1323|CBG8811|106.788139343|26.4119911194|8412|6.75|238.75|0|0|8412
00:16:48|1334|1323|CBG8811|106.788654327|26.4197158813|8412|6.75|238.75|0|0|8412
00:16:52|1334|1323|CBG8811|106.789169312|26.4282989502|8412|6.75|238.75|0|0|8412
00:16:56|1334|1323|CBG8811|106.789684296|26.4367103577|8412|6.75|238.25|0|0|8412
00:17:00|1334|1323|CBG8811|106.79019928|26.4442634583|8412|6.75|238.25|0|0|8412
00:17:04|1334|1323|CBG8811|106.790714264|26.4543914795|8412|6.75|238.25|0|0|8412
00:17:08|1334|1323|CBG8811|106.791229248|26.4621162415|8412|7.25|238.25|0|0|8412
00:17:12|1334|1323|CBG8811|106.791744232|26.4712142944|8412|7.25|238.25|0|0|8412
00:17:16|1334|1323|CBG8811|106.792259216|26.4803123474|8412|6.75|238.25|0|0|8412
00:17:20|1334|1323|CBG8811|106.7927742|26.4888954163|8412|6.75|238.25|0|0|8412
00:17:24|1334|1323|CBG8811|106.793289185|26.496963501|8412|6.75|238.25|0|0|8412
00:17:28|1334|1323|CBG8811|106.793632507|26.5052032471|8412|6.75|238.25|0|0|8412
00:17:32|1334|1323|CBG8811|106.794147491|26.5143013|8412|6.75|238.25|0|0|8412
00:17:36|1334|1323|CBG8811|106.794662476|26.522026062|8412|6.75|238.25|0|0|8412
00:17:40|1334|1323|CBG8811|106.79517746|26.5304374695|8412|7.75|238.75|0|0|8412
00:17:44|1334|1323|CBG8811|106.795692444|26.5391921997|8412|7.25|239.25|0|0|8412
00:17:48|1334|1323|CBG8811|106.796379089|26.5477752686|8412|8.25|239.75|0|0|8412
00:17:52|1334|1323|CBG8811|106.796894073|26.5570449829|8412|7.75|241.25|0|0|8412
00:17:56|1334|1323|CBG8811|106.7927742|26.5642547607|8412|-44.75|231.5|0|0|8412
00:18:00|1334|1323|CBG8811|106.790714264|26.5733528137|8412|-48.25|230.0|0|0|8412
00:18:04|1334|1323|CBG8811|106.790885925|26.5821075439|8412|-31.75|232.5|0|0|8412
00:18:08|1334|1323|CBG8811|106.791057587|26.5910339355|8412|-19.25|235.0|0|0|8412
00:18:12|1334|1323|CBG8811|106.790885925|26.5984153748|8412|-17.75|234.0|0|0|8412
00:18:16|1334|1323|CBG8811|106.790885925|26.6069984436|8412|-14.0|231.5|0|0|8412
00:18:20|1334|1323|CBG8811|106.791400909|26.6147232056|8412|-4.25|233.5|0|0|8412
00:18:24|1334|1323|CBG8811|106.79019928|26.6253662109|8412|-12.0|235.0|0|0|8412
00:18:28|1334|1323|CBG8811|106.789855957|26.6341209412|8412|-11.5|235.75|0|0|8412
00:18:32|1334|1323|CBG8811|106.789340973|26.641330719|8412|-15.5|235.0|0|0|8412
00:18:36|1334|1323|CBG8811|106.788654327|26.6497421265|8412|-17.25|235.0|0|0|8412
00:18:40|1334|1323|CBG8811|106.787967682|26.6578102112|8412|-18.25|234.0|0|0|8412
00:18:44|1334|1323|CBG8811|106.787281036|26.6658782959|8412|-18.75|233.0|0|0|8412
00:18:48|1334|1323|CBG8811|106.786766052|26.6739463806|8412|-18.75|232.0|0|0|8412
00:18:52|1334|1323|CBG8811|106.786251068|26.6821861267|8412|-18.75|231.5|0|0|8412
00:18:56|1334|1323|CBG8811|106.785907745|26.6902542114|8412|-18.25|231.0|0|0|8412
00:19:00|1334|1323|CBG8811|106.785907745|26.6979789734|8412|-17.0|229.0|0|0|8412
00:19:04|1334|1323|CBG8811|106.785736084|26.7057037354|8412|-16.0|228.0|0|0|8412
00:19:08|1334|1323|CBG8811|106.785049438|26.7137718201|8412|-17.0|228.0|0|0|8412
00:19:12|1334|1323|CBG8811|106.78401947|26.7220115662|8412|-18.75|228.0|0|0|8412
00:19:16|1334|1323|CBG8811|106.783332825|26.7302513123|8412|-19.25|228.5|0|0|8412
00:19:20|1334|1323|CBG8811|106.782817841|26.7390060425|8412|-18.75|228.5|0|0|8412
00:19:24|1334|1323|CBG8811|106.782302856|26.7470741272|8412|-18.75|229.0|0|0|8412
00:19:28|1334|1323|CBG8811|106.781787872|26.7565155029|8412|-18.75|229.0|0|0|8412
00:19:32|1334|1323|CBG8811|106.781272888|26.7632102966|8412|-18.75|229.0|0|0|8412
00:19:36|1334|1323|CBG8811|106.780757904|26.7733383179|8412|-18.25|229.0|0|0|8412
00:19:40|1334|1323|CBG8811|106.780414581|26.7800331116|8412|-18.25|229.5|0|0|8412
00:19:44|1334|1323|CBG8811|106.779727936|26.7901611328|8412|-17.75|229.5|0|0|8412
00:19:48|1334|1323|CBG8811|106.779384613|26.7982292175|8412|-17.75|230.0|0|0|8412
00:19:52|1334|1323|CBG8811|106.778869629|26.805267334|8412|-17.25|230.5|0|0|8412
00:19:56|1334|1323|CBG8811|106.778526306|26.8141937256|8412|-17.25|231.0|0|0|8412
00:20:00|1334|1323|CBG8811|106.778011322|26.8227767944|8412|-17.25|231.0|0|0|8412
00:20:04|1334|1323|CBG8811|106.777667999|26.8313598633|8412|-17.0|231.5|0|0|8412
00:20:08|1334|1323|CBG8811|106.777153015|26.8402862549|8412|-17.0|232.0|0|0|8412
00:20:12|1334|1323|CBG8811|106.776809692|26.8480110168|8405|-17.0|232.0|0|0|8412
00:20:16|1334|1323|CBG8811|106.776294708|26.8569374084|8405|-17.0|232.0|0|0|8412
00:20:20|1334|1323|CBG8811|106.775779724|26.8655204773|8405|-17.0|232.0|0|0|8412
00:20:24|1334|1323|CBG8811|106.775436401|26.8739318848|8405|-17.0|232.5|0|0|8412
00:20:28|1334|1323|CBG8811|106.774921417|26.8821716309|8405|-16.5|232.5|0|0|8412
00:20:32|1334|1323|CBG8811|106.774578094|26.8907546997|8405|-16.5|233.0|0|0|8412
00:20:36|1334|1323|CBG8811|106.774234772|26.8984794617|8405|-16.5|233.0|0|0|8412
00:20:40|1334|1323|CBG8811|106.773719788|26.9072341919|8405|-16.5|233.0|0|0|8412
00:20:44|1334|1323|CBG8811|106.773376465|26.915473938|8420|-16.5|233.5|0|0|8412
00:20:48|1334|1323|CBG8811|106.772861481|26.9238853455|8420|-16.0|233.5|0|0|8412
00:20:52|1334|1323|CBG8811|106.772518158|26.9322967529|8420|-16.0|233.5|0|0|8412
00:20:56|1334|1323|CBG8811|106.772174835|26.9408798218|8420|-16.0|233.5|0|0|8412
00:21:00|1334|1323|CBG8811|106.771659851|26.9494628906|8420|-16.0|234.0|0|0|8412
00:21:04|1334|1323|CBG8811|106.771144867|26.9580459595|8420|-16.0|234.0|0|0|8412
00:21:08|1334|1323|CBG8811|106.770801544|26.9671440125|8420|-16.0|234.0|0|0|8412
00:21:12|1334|1323|CBG8811|106.77028656|26.9757270813|8420|-16.0|234.0|0|0|8412
00:21:16|1334|1323|CBG8811|106.769943237|26.983795166|8420|-16.0|234.0|0|0|8412
00:21:20|1334|1323|CBG8811|106.769428253|26.9922065735|8420|-16.0|234.0|0|0|8412
00:21:24|1334|1323|CBG8811|106.76908493|27.0002746582|8420|-16.5|234.0|0|0|8412
00:21:28|1334|1323|CBG8811|106.768569946|27.0090293884|8420|-16.5|234.0|0|0|8412
00:21:32|1334|1323|CBG8811|106.768226624|27.0177841187|8420|-16.5|234.0|0|0|8412
00:21:36|1334|1323|CBG8811|106.767711639|27.0261955261|8420|-16.5|234.0|0|0|8412
00:21:40|1334|1323|CBG8811|106.767368317|27.0342636108|8420|-16.5|234.0|0|0|8412
00:21:44|1334|1323|CBG8811|106.767024994|27.0423316956|8420|-16.5|234.0|0|0|8412
00:21:48|1334|1323|CBG8811|106.76651001|27.0510864258|8420|-16.5|233.5|0|0|8412
00:21:52|1334|1323|CBG8811|106.765995026|27.0601844788|8420|-16.5|233.5|0|0|8412
00:21:56|1334|1323|CBG8811|106.765480042|27.0685958862|8420|-16.5|233.5|0|0|8412
00:22:00|1334|1323|CBG8811|106.765136719|27.0773506165|8420|-16.5|233.5|0|0|8412
00:22:04|1334|1323|CBG8811|106.764621735|27.0842170715|8420|-16.5|233.5|0|0|8412
00:22:08|1334|1323|CBG8811|106.764278412|27.0931434631|8420|-16.5|234.0|0|0|8412
00:22:12|1334|1323|CBG8811|106.763763428|27.1018981934|8420|-16.5|234.5|0|0|8412
00:22:16|1334|1323|CBG8811|106.763420105|27.110824585|8420|-16.5|234.5|0|0|8412
00:22:20|1334|1323|CBG8811|106.762905121|27.1195793152|8420|-16.5|235.0|0|0|8412
00:22:24|1334|1323|CBG8811|106.762561798|27.1278190613|8420|-16.5|235.25|0|0|8412
00:22:28|1334|1323|CBG8811|106.762218475|27.1360588074|8420|-16.0|235.75|0|0|8412
00:22:32|1334|1323|CBG8811|106.761875153|27.1446418762|8420|-15.5|235.75|0|0|8412
00:22:36|1334|1323|CBG8811|106.76153183|27.1532249451|8420|-15.0|237.25|0|0|8412
00:22:40|1334|1323|CBG8811|106.761188507|27.1618080139|8420|-14.5|237.75|0|0|8412
00:22:44|1334|1323|CBG8811|106.760845184|27.1705627441|8420|-14.5|237.75|0|0|8412
00:22:48|1334|1323|CBG8811|106.760673523|27.179145813|8420|-13.5|237.25|0|0|8412
00:22:52|1334|1323|CBG8811|106.7603302|27.1872138977|8420|-13.0|236.75|0|0|8412
00:22:56|1334|1323|CBG8811|106.759986877|27.1959686279|8420|-13.5|235.75|0|0|8412
00:23:00|1334|1323|CBG8811|106.759643555|27.2033500671|8420|-14.0|234.5|0|0|8412
00:23:04|1334|1323|CBG8811|106.759300232|27.2117614746|8420|-14.0|235.0|0|0|8412
00:23:08|1334|1323|CBG8811|106.758785248|27.2201728821|8420|-14.5|235.25|0|0|8412
00:23:12|1334|1323|CBG8811|106.758441925|27.2287559509|8420|-14.0|235.25|0|0|8412
00:23:16|1334|1323|CBG8811|106.757926941|27.2385406494|8420|-15.0|234.5|0|0|8412
00:23:20|1334|1323|CBG8811|106.757583618|27.247467041|8420|-14.5|235.0|0|0|8412
00:23:24|1334|1323|CBG8811|106.757240295|27.2558784485|8420|-14.5|235.25|0|0|8412
00:23:28|1334|1323|CBG8811|106.756725311|27.2646331787|8420|-15.5|235.25|0|0|8412
00:23:32|1334|1323|CBG8811|106.756381989|27.2727012634|8405|-14.5|235.75|0|0|8412
00:23:36|1334|1323|CBG8811|106.756038666|27.2812843323|8405|-14.5|235.75|0|0|8412
00:23:40|1334|1323|CBG8811|106.755523682|27.2900390625|8405|-15.0|236.25|0|0|8412
00:23:44|1334|1323|CBG8811|106.755008698|27.2986221313|8405|-15.0|236.25|0|0|8412
00:23:48|1334|1323|CBG8811|106.754837036|27.3073768616|8405|-15.0|236.75|0|0|8412
00:23:52|1334|1323|CBG8811|106.754493713|27.3159599304|8405|-14.5|237.25|0|0|8412
00:23:56|1334|1323|CBG8811|106.753807068|27.3226547241|8405|-16.5|236.25|0|0|8412
00:24:00|1334|1323|CBG8811|106.753120422|27.3324394226|8405|-16.5|236.25|0|0|8412
00:24:04|1334|1323|CBG8811|106.7527771|27.3410224915|8405|-16.0|236.25|0|0|8412
00:24:08|1334|1323|CBG8811|106.752605438|27.3496055603|8405|-15.0|236.25|0|0|8412
00:24:12|1334|1323|CBG8811|106.752433777|27.3575019836|8405|-14.0|236.25|0|0|8412
00:24:16|1334|1323|CBG8811|106.752262115|27.3664283752|8405|-13.0|237.25|0|0|8412
00:24:20|1334|1323|CBG8811|106.751918793|27.3750114441|8405|-14.0|237.25|0|0|8412
00:24:24|1334|1323|CBG8811|106.751747131|27.3834228516|8405|-13.0|238.25|0|0|8412
00:24:28|1334|1323|CBG8811|106.75157547|27.3925209045|8405|-12.5|238.25|0|0|8412
00:24:32|1334|1323|CBG8811|106.751232147|27.4019622803|8405|-13.0|238.25|0|0|8412
00:24:36|1334|1323|CBG8811|106.749515533|27.4083137512|8405|-18.75|233.5|0|0|8412
00:24:40|1334|1323|CBG8811|106.749343872|27.4168968201|8405|-16.0|235.25|0|0|8412
00:24:44|1334|1323|CBG8811|106.748828888|27.4251365662|8405|-16.0|235.75|0|0|8412
00:24:48|1334|1323|CBG8811|106.748142242|27.4333763123|8405|-17.25|233.5|0|0|8412
00:24:52|1334|1323|CBG8811|106.747283936|27.441444397|8405|-19.25|231.0|0|0|8412
00:24:56|1334|1323|CBG8811|106.745910645|27.4500274658|8405|-23.25|228.5|0|0|8412
00:25:00|1334|1323|CBG8811|106.744709015|27.4579238892|8405|-25.0|228.0|0|0|8412
00:25:04|1334|1323|CBG8811|106.744194031|27.4663352966|8405|-23.25|229.5|0|0|8412
00:25:08|1334|1323|CBG8811|106.743679047|27.4749183655|8405|-21.75|230.5|0|0|8412
00:25:12|1334|1323|CBG8811|106.743164062|27.4822998047|8405|-20.75|231.0|0|0|8412
00:25:16|1334|1323|CBG8811|106.74282074|27.4908828735|8405|-19.25|231.0|0|0|8412
00:25:20|1334|1323|CBG8811|106.742305756|27.5003242493|8405|-18.25|232.0|0|0|8412
00:25:24|1334|1323|CBG8811|106.741962433|27.5089073181|8405|-17.25|232.5|0|0|8412
00:25:28|1334|1323|CBG8811|106.74161911|27.5171470642|8405|-17.0|232.5|0|0|8412
00:25:32|1334|1323|CBG8811|106.741275787|27.5262451172|8405|-17.0|233.5|0|0|8412
00:25:36|1334|1323|CBG8811|106.740932465|27.5351715088|8405|-16.0|235.0|0|0|8412
00:25:40|1334|1323|CBG8811|106.740589142|27.5437545776|8405|-15.0|235.25|0|0|8412
00:25:44|1334|1323|CBG8811|106.740589142|27.5526809692|8405|-12.5|236.75|0|0|8412
00:25:48|1334|1323|CBG8811|106.740074158|27.5595474243|8405|-15.0|235.25|0|0|8412
00:25:52|1334|1323|CBG8811|106.739559174|27.5681304932|8405|-15.0|235.25|0|0|8412
00:25:56|1334|1323|CBG8811|106.739387512|27.578086853|8405|-13.5|237.25|0|0|8412
00:26:00|1334|1323|CBG8811|106.739387512|27.5866699219|8405|-12.5|237.25|0|0|8412
00:26:04|1334|1323|CBG8811|106.739387512|27.5952529907|8405|-11.5|238.25|0|0|8412
00:26:08|1334|1323|CBG8811|106.738357544|27.6041793823|8405|-14.0|236.75|0|0|8412
00:26:12|1334|1323|CBG8811|106.737670898|27.6119041443|8405|-15.5|235.25|0|0|8412
00:26:16|1334|1323|CBG8811|106.736812592|27.6191139221|8405|-17.75|233.0|0|0|8412
00:26:20|1334|1323|CBG8811|106.735610962|27.627696991|8405|-20.25|232.0|0|0|8412
00:26:24|1334|1323|CBG8811|106.735095978|27.6362800598|8405|-19.75|232.0|0|0|8412
00:26:28|1334|1323|CBG8811|106.734580994|27.6446914673|8405|-19.75|232.0|0|0|8412
00:26:32|1334|1323|CBG8811|106.73406601|27.6536178589|8405|-18.75|232.5|0|0|8412
00:26:36|1334|1323|CBG8811|106.733551025|27.6613426208|8405|-18.25|232.5|0|0|8412
00:26:40|1334|1323|CBG8811|106.733207703|27.6702690125|8405|-18.25|233.0|0|0|8412
00:26:44|1334|1323|CBG8811|106.732692719|27.6786804199|8405|-17.75|233.0|0|0|8412
00:26:48|1334|1323|CBG8811|106.732177734|27.6872634888|8405|-17.75|233.0|0|0|8412
00:26:52|1334|1323|CBG8811|106.731834412|27.6956748962|8405|-17.25|233.5|0|0|8412
00:26:56|1334|1323|CBG8811|106.731319427|27.7042579651|8405|-17.25|233.5|0|0|8412
00:27:00|1334|1323|CBG8811|106.730804443|27.7126693726|8405|-17.25|234.0|0|0|8412
00:27:04|1334|1323|CBG8811|106.730289459|27.7209091187|8405|-17.25|234.0|0|0|8412
00:27:08|1334|1323|CBG8811|106.729946136|27.7277755737|8405|-17.25|234.0|0|0|8412
00:27:12|1334|1323|CBG8811|106.729431152|27.7382469177|8405|-17.25|234.0|0|0|8412
00:27:16|1334|1323|CBG8811|106.728916168|27.7470016479|8405|-17.25|234.5|0|0|8412
00:27:20|1334|1323|CBG8811|106.728572845|27.753868103|8405|-17.0|234.0|0|0|8412
00:27:24|1334|1323|CBG8811|106.728057861|27.7634811401|8405|-17.0|234.5|0|0|8412
00:27:28|1334|1323|CBG8811|106.727714539|27.7705192566|8405|-17.0|234.5|0|0|8412
00:27:32|1334|1323|CBG8811|106.727199554|27.7789306641|8405|-17.0|234.5|0|0|8412
00:27:36|1334|1323|CBG8811|106.726856232|27.7885437012|8405|-17.0|234.5|0|0|8412
00:27:40|1334|1323|CBG8811|106.726512909|27.7964401245|8405|-16.5|234.5|0|0|8412
00:27:44|1334|1323|CBG8811|106.726169586|27.8050231934|8405|-16.0|235.0|0|0|8412
00:27:48|1334|1323|CBG8811|106.725826263|27.8137779236|8405|-15.5|235.75|0|0|8412
00:27:52|1334|1323|CBG8811|106.725139618|27.8233909607|8405|-16.5|236.25|0|0|8412
00:27:56|1334|1323|CBG8811|106.724452972|27.8319740295|8405|-17.0|235.75|0|0|8412
00:28:00|1334|1323|CBG8811|106.72410965|27.8405570984|8405|-17.0|235.75|0|0|8412
00:28:04|1334|1323|CBG8811|106.723766327|27.8486251831|8405|-16.5|235.75|0|0|8412
00:28:08|1334|1323|CBG8811|106.723423004|27.8565216064|8405|-15.5|235.75|0|0|8412
00:28:12|1334|1323|CBG8811|106.723079681|27.8652763367|8405|-15.5|236.25|0|0|8412
00:28:16|1334|1323|CBG8811|106.72290802|27.8738594055|8405|-15.0|236.25|0|0|8412
00:28:20|1334|1323|CBG8811|106.722564697|27.8824424744|8405|-14.5|236.25|0|0|8412
00:28:24|1334|1323|CBG8811|106.722221375|27.8911972046|8405|-14.0|237.25|0|0|8412
00:28:28|1334|1323|CBG8811|106.722049713|27.9009819031|8405|-13.5|237.25|0|0|8412
00:28:32|1334|1323|CBG8811|106.72170639|27.9076766968|8405|-13.5|237.25|0|0|8412
00:28:36|1334|1323|CBG8811|106.721363068|27.9169464111|8405|-13.5|237.25|0|0|8412
00:28:40|1334|1323|CBG8811|106.721019745|27.92552948|8405|-13.5|237.25|0|0|8412
00:28:44|1334|1323|CBG8811|106.720848083|27.9339408875|8405|-13.5|237.25|0|0|8412
00:28:48|1334|1323|CBG8811|106.720504761|27.9425239563|8405|-13.5|237.25|0|0|8412
00:28:52|1334|1323|CBG8811|106.720161438|27.9511070251|8405|-13.5|237.25|0|0|8412
00:28:56|1334|1323|CBG8811|106.719818115|27.959690094|8405|-13.5|237.25|0|0|8412
00:29:00|1334|1323|CBG8811|106.719474792|27.968788147|8405|-13.5|237.25|0|0|8412
00:29:04|1334|1323|CBG8811|106.71913147|27.9775428772|8405|-13.5|237.25|0|0|8412
00:29:08|1334|1323|CBG8811|106.718788147|27.986125946|8405|-13.5|237.25|0|0|8412
00:29:12|1334|1323|CBG8811|106.718444824|27.9936790466|8405|-14.0|237.75|0|0|8412
00:29:16|1334|1323|CBG8811|106.71792984|28.0020904541|8405|-15.0|237.75|0|0|8412
00:29:20|1334|1323|CBG8811|106.717243195|28.0117034912|8405|-16.5|237.75|0|0|8412
00:29:24|1334|1323|CBG8811|106.716213226|28.0201148987|8405|-21.75|237.25|0|0|8412
00:29:28|1334|1323|CBG8811|106.715011597|28.0290412903|8405|-25.5|236.75|0|0|8412
00:29:32|1334|1323|CBG8811|106.71415329|28.0379676819|8405|-27.0|236.75|0|0|8412
00:29:36|1334|1323|CBG8811|106.713466644|28.0446624756|8405|-27.5|236.75|0|0|8412
00:29:40|1334|1323|CBG8811|106.712608337|28.0534172058|8405|-27.0|236.75|0|0|8412
00:29:44|1334|1323|CBG8811|106.711750031|28.0626869202|8405|-26.5|236.25|0|0|8412
00:29:48|1334|1323|CBG8811|106.710891724|28.0717849731|8405|-26.0|236.25|0|0|9357
00:29:52|1334|1323|CBG8811|106.710033417|28.0805397034|8405|-25.5|236.25|0|0|9479
00:29:56|1334|1323|CBG8811|106.70917511|28.089466095|8405|-25.5|236.25|0|0|9479
00:30:00|1334|1323|CBG8811|106.708660126|28.0965042114|8405|-25.5|236.25|0|0|9479
00:30:04|1334|1323|CBG8811|106.707801819|28.105430603|8420|-25.5|236.25|0|0|9479
00:30:08|1334|1323|CBG8811|106.706943512|28.1140136719|8451|-25.5|236.25|3|0|9479
00:30:12|1334|1323|CBG8811|106.706085205|28.1231117249|8473|-25.0|236.25|4|0|9479
00:30:16|1334|1323|CBG8811|106.70539856|28.1313514709|8496|-25.5|236.25|5|0|9479
00:30:20|1334|1323|CBG8811|106.704540253|28.1401062012|8519|-25.5|236.25|5|0|9479
00:30:24|1334|1323|CBG8811|106.703853607|28.1480026245|8534|-25.0|236.25|5|0|9479
00:30:28|1334|1323|CBG8811|106.7029953|28.156414032|8550|-25.0|235.75|5|0|9479
00:30:32|1334|1323|CBG8811|106.702136993|28.1649971008|8573|-25.0|235.75|5|0|9479
00:30:36|1334|1323|CBG8811|106.701450348|28.1734085083|8588|-25.0|235.75|4|0|9479
00:30:40|1334|1323|CBG8811|106.700592041|28.1819915771|8603|-25.0|235.75|5|0|9479
00:30:44|1334|1323|CBG8811|106.699905396|28.190574646|8626|-25.0|235.75|5|0|9479
00:30:48|1334|1323|CBG8811|106.69921875|28.1989860535|8649|-24.5|235.75|5|0|9479
00:30:52|1334|1323|CBG8811|106.698532104|28.2075691223|8672|-24.0|235.75|5|0|9479
00:30:56|1334|1323|CBG8811|106.698188782|28.2159805298|8702|-22.75|236.25|6|0|9479
00:31:00|1334|1323|CBG8811|106.698188782|28.2242202759|8740|-20.25|236.25|7|0|9479
00:31:04|1334|1323|CBG8811|106.697673798|28.2328033447|8778|-19.25|235.75|8|0|9479
00:31:08|1334|1323|CBG8811|106.697158813|28.2413864136|8824|-18.75|235.75|10|0|9479
00:31:12|1334|1323|CBG8811|106.696643829|28.2496261597|8870|-18.75|235.0|11|0|9479
00:31:16|1334|1323|CBG8811|106.696128845|28.2578659058|8938|-18.75|234.0|13|0|9479
00:31:20|1334|1323|CBG8811|106.695785522|28.2655906677|9014|-18.25|231.0|15|0|9479
00:31:24|1334|1323|CBG8811|106.6954422|28.2729721069|9083|-17.25|224.25|16|0|9479
00:31:28|1334|1323|CBG8811|106.695098877|28.2805252075|9144|-16.5|221.0|16|0|9479
00:31:32|1334|1323|CBG8811|106.694927216|28.2884216309|9205|-15.5|219.5|15|0|9479
00:31:36|1334|1323|CBG8811|106.694583893|28.2964897156|9251|-15.5|218.5|14|0|9479
00:31:40|1334|1323|CBG8811|106.69424057|28.3040428162|9281|-15.0|217.5|11|0|9479
00:31:44|1334|1323|CBG8811|106.693725586|28.3117675781|9304|-15.5|216.5|9|0|9479
00:31:48|1334|1323|CBG8811|106.693210602|28.3194923401|9319|-15.5|216.0|7|0|9479
00:31:52|1334|1323|CBG8811|106.692695618|28.3273887634|9327|-16.0|216.0|4|0|9479
00:31:56|1334|1323|CBG8811|106.692180634|28.3356285095|9327|-16.0|216.5|3|0|9479
00:32:00|1334|1323|CBG8811|106.691665649|28.3438682556|9335|-16.5|217.5|2|0|9479
00:32:04|1334|1323|CBG8811|106.691322327|28.3521080017|9350|-16.5|217.5|3|0|9479
00:32:08|1334|1323|CBG8811|106.690979004|28.358631134|9357|-16.5|217.5|3|0|9479
00:32:12|1334|1323|CBG8811|106.69046402|28.3665275574|9380|-16.0|217.0|4|0|9479
00:32:16|1334|1323|CBG8811|106.690120697|28.3744239807|9395|-16.0|217.5|4|0|9479
00:32:20|1334|1323|CBG8811|106.689777374|28.3828353882|9411|-15.5|218.5|4|0|9479
00:32:24|1334|1323|CBG8811|106.689434052|28.3903884888|9434|-14.5|219.0|4|0|9479
00:32:28|1334|1323|CBG8811|106.689090729|28.3982849121|9449|-14.5|219.5|5|0|9479
00:32:32|1334|1323|CBG8811|106.688919067|28.4066963196|9464|-14.0|220.0|4|0|9479
00:32:36|1334|1323|CBG8811|106.688575745|28.4147644043|9479|-13.5|220.5|4|0|9479
00:32:40|1334|1323|CBG8811|106.688575745|28.422832489|9479|-12.0|221.0|3|0|9479
00:32:44|1334|1323|CBG8811|106.688404083|28.4309005737|9487|-12.0|221.75|2|0|9479
00:32:48|1334|1323|CBG8811|106.688232422|28.4386253357|9479|-11.5|222.75|0|0|9479
00:32:52|1334|1323|CBG8811|106.68806076|28.4472084045|9479|-11.0|223.25|0|0|9479
00:32:56|1334|1323|CBG8811|106.687889099|28.4554481506|9479|-11.5|224.25|0|0|9479
00:33:00|1334|1323|CBG8811|106.687717438|28.4636878967|9479|-10.5|226.25|0|0|9479
00:33:04|1334|1323|CBG8811|106.687374115|28.4719276428|9479|-11.5|227.25|0|0|9479
00:33:08|1334|1323|CBG8811|106.687030792|28.4823989868|9479|-11.5|228.0|0|0|9479
00:33:12|1334|1323|CBG8811|106.686859131|28.4892654419|9479|-11.5|227.75|0|0|9479
00:33:16|1334|1323|CBG8811|106.686515808|28.4976768494|9479|-11.5|227.75|0|0|9479
00:33:20|1334|1323|CBG8811|106.686344147|28.5054016113|9479|-12.0|228.0|0|0|9479
00:33:24|1334|1323|CBG8811|106.686000824|28.5146713257|9479|-12.0|229.0|0|0|9479
00:33:28|1334|1323|CBG8811|106.685314178|28.5232543945|9479|-13.0|230.5|0|0|9479
00:33:32|1334|1323|CBG8811|106.685142517|28.5313224792|9479|-13.0|230.0|0|0|9479
00:33:36|1334|1323|CBG8811|106.684799194|28.5402488708|9479|-13.0|230.0|0|0|9479
00:33:40|1334|1323|CBG8811|106.684455872|28.5486602783|9479|-13.0|229.5|0|0|9479
00:33:44|1334|1323|CBG8811|106.684112549|28.5570716858|9479|-13.0|229.5|0|0|9479
00:33:48|1334|1323|CBG8811|106.683769226|28.5639381409|9479|-13.0|229.0|0|0|9479
00:33:52|1334|1323|CBG8811|106.683597565|28.572177887|9479|-13.0|229.0|0|0|9479
00:33:56|1334|1323|CBG8811|106.683254242|28.5802459717|9479|-13.0|228.5|0|0|9479
00:34:00|1334|1323|CBG8811|106.682910919|28.5884857178|9479|-13.0|228.0|0|0|9479
00:34:04|1334|1323|CBG8811|106.682567596|28.5970687866|9479|-13.0|228.0|0|0|9479
00:34:08|1334|1323|CBG8811|106.682224274|28.60496521|9479|-13.0|228.0|0|0|9479
00:34:12|1334|1323|CBG8811|106.681880951|28.6138916016|9479|-13.0|228.0|0|0|9479
00:34:16|1334|1323|CBG8811|106.681537628|28.6217880249|9479|-13.0|227.75|0|0|9479
00:34:20|1334|1323|CBG8811|106.681365967|28.6301994324|9479|-13.0|227.75|0|0|9479
00:34:24|1334|1323|CBG8811|106.681022644|28.6386108398|9479|-13.0|227.75|0|0|9479
00:34:28|1334|1323|CBG8811|106.680679321|28.6470222473|9479|-13.0|227.75|0|0|9479
00:34:32|1334|1323|CBG8811|106.680335999|28.6535453796|9479|-13.0|227.75|0|0|9479
00:34:36|1334|1323|CBG8811|106.680164337|28.6616134644|9479|-13.0|227.25|0|0|9479
00:34:40|1334|1323|CBG8811|106.679821014|28.6700248718|9479|-13.0|227.75|0|0|9479
00:34:44|1334|1323|CBG8811|106.679477692|28.6789512634|9479|-13.0|227.75|0|0|9479
00:34:48|1334|1323|CBG8811|106.679134369|28.6875343323|9479|-13.0|227.75|0|0|9479
00:34:52|1334|1323|CBG8811|106.678791046|28.6957740784|9479|-13.0|227.75|0|0|9479
00:34:56|1334|1323|CBG8811|106.678447723|28.7028121948|9479|-13.0|228.0|0|0|9479
00:35:00|1334|1323|CBG8811|106.678104401|28.7113952637|9479|-13.5|228.0|0|0|9479
00:35:04|1334|1323|CBG8811|106.677761078|28.7198066711|9479|-13.5|228.0|0|0|9479
00:35:08|1334|1323|CBG8811|106.677417755|28.7280464172|9479|-13.5|228.0|0|0|9479
00:35:12|1334|1323|CBG8811|106.677074432|28.7364578247|9479|-13.5|228.0|0|0|9479
00:35:16|1334|1323|CBG8811|106.676902771|28.744354248|9487|-13.5|228.5|0|0|9479
00:35:20|1334|1323|CBG8811|106.676559448|28.7527656555|9487|-13.5|228.5|0|0|9479
00:35:24|1334|1323|CBG8811|106.676216125|28.7613487244|9487|-13.5|228.5|0|0|9479
00:35:28|1334|1323|CBG8811|106.675872803|28.7699317932|9487|-13.5|228.5|0|0|9479
00:35:32|1334|1323|CBG8811|106.67552948|28.7786865234|9487|-13.5|228.5|0|0|9479
00:35:36|1334|1323|CBG8811|106.675186157|28.7874412537|9487|-13.5|228.5|0|0|9479
00:35:40|1334|1323|CBG8811|106.674842834|28.7958526611|9487|-13.5|228.5|0|0|9479
00:35:44|1334|1323|CBG8811|106.674499512|28.8020324707|9487|-13.5|228.5|0|0|9479
00:35:48|1334|1323|CBG8811|106.674156189|28.8121604919|9487|-13.5|228.5|0|0|9479
00:35:52|1334|1323|CBG8811|106.673812866|28.820400238|9487|-13.0|228.5|0|0|9479
00:35:56|1334|1323|CBG8811|106.673469543|28.8288116455|9487|-13.0|228.5|0|0|9479
00:36:00|1334|1323|CBG8811|106.673297882|28.835849762|9487|-13.0|229.0|0|0|9479
00:36:04|1334|1323|CBG8811|106.672954559|28.8444328308|9487|-13.0|229.0|0|0|9479
00:36:08|1334|1323|CBG8811|106.672611237|28.8535308838|9487|-13.0|229.0|0|0|9479
00:36:12|1334|1323|CBG8811|106.672267914|28.8621139526|9487|-13.0|229.0|0|0|9479
00:36:16|1334|1323|CBG8811|106.672096252|28.8696670532|9487|-13.0|229.0|0|0|9479
00:36:20|1334|1323|CBG8811|106.67175293|28.8784217834|9495|-12.5|228.5|0|0|9479
00:36:24|1334|1323|CBG8811|106.671581268|28.8866615295|9495|-12.5|228.5|0|0|9479
00:36:28|1334|1323|CBG8811|106.671237946|28.8949012756|9495|-12.5|228.5|0|0|9479
00:36:32|1334|1323|CBG8811|106.670894623|28.9019393921|9495|-12.5|228.5|0|0|9479
00:36:36|1334|1323|CBG8811|106.6705513|28.9113807678|9495|-12.5|229.0|0|0|9479
00:36:40|1334|1323|CBG8811|106.670207977|28.9197921753|9495|-12.5|228.5|0|0|9479
00:36:44|1334|1323|CBG8811|106.670036316|28.9261436462|9495|-13.0|228.5|0|0|9479
00:36:48|1334|1323|CBG8811|106.669692993|28.9343833923|9495|-13.0|228.5|0|0|9479
00:36:52|1334|1323|CBG8811|106.66934967|28.9441680908|9487|-13.0|228.0|0|0|9479
00:36:56|1334|1323|CBG8811|106.669006348|28.9522361755|9487|-12.5|228.0|0|0|9479
00:37:00|1334|1323|CBG8811|106.668834686|28.9601325989|9487|-12.5|228.0|0|0|9479
00:37:04|1334|1323|CBG8811|106.668491364|28.968372345|9487|-12.5|228.0|0|0|9479
00:37:08|1334|1323|CBG8811|106.668148041|28.9766120911|9487|-12.5|227.75|0|0|9479
00:37:12|1334|1323|CBG8811|106.667804718|28.9845085144|9487|-13.0|227.75|0|0|9479
00:37:16|1334|1323|CBG8811|106.667461395|28.9922332764|9487|-13.0|227.75|0|0|9479
00:37:20|1334|1323|CBG8811|106.667118073|29.0004730225|9487|-13.0|227.75|0|0|9479
00:37:24|1334|1323|CBG8811|106.66677475|29.0078544617|9487|-13.5|227.25|0|0|9479
00:37:28|1334|1323|CBG8811|106.666431427|29.0160942078|9487|-13.5|227.25|0|0|9479
00:37:32|1334|1323|CBG8811|106.666088104|29.0245056152|9487|-13.5|227.25|0|0|9479
00:37:36|1334|1323|CBG8811|106.665744781|29.0341186523|9487|-13.5|227.25|0|0|9479
00:37:40|1334|1323|CBG8811|106.66557312|29.0409851074|9487|-13.0|227.25|0|0|9479
00:37:44|1334|1323|CBG8811|106.665229797|29.0490531921|9487|-13.0|227.25|0|0|9479
00:37:48|1334|1323|CBG8811|106.664886475|29.0574645996|9487|-13.0|227.25|0|0|9479
00:37:52|1334|1323|CBG8811|106.66437149|29.066734314|9487|-13.5|227.25|0|0|9479
00:37:56|1334|1323|CBG8811|106.664199829|29.0749740601|9487|-13.0|227.25|0|0|9479
00:38:00|1334|1323|CBG8811|106.663856506|29.0830421448|9487|-13.0|227.25|0|0|9479
00:38:04|1334|1323|CBG8811|106.663684845|29.0914535522|9487|-12.5|227.25|0|0|9479
00:38:08|1334|1323|CBG8811|106.663513184|29.0978050232|9472|-12.0|227.25|0|0|9479
00:38:12|1334|1323|CBG8811|106.663341522|29.1062164307|9472|-11.5|227.25|0|0|9479
00:38:16|1334|1323|CBG8811|106.663341522|29.1144561768|9472|-10.5|227.25|0|0|9479
00:38:20|1334|1323|CBG8811|106.663169861|29.1226959229|9472|-9.75|227.25|0|0|9479
00:38:24|1334|1323|CBG8811|106.663169861|29.13230896|9472|-9.25|227.25|0|0|9479
00:38:28|1334|1323|CBG8811|106.663169861|29.1400337219|9472|-8.25|227.25|0|0|9479
00:38:32|1334|1323|CBG8811|106.663169861|29.1484451294|9472|-7.75|227.75|0|0|9479
00:38:36|1334|1323|CBG8811|106.662998199|29.1568565369|9472|-7.75|227.75|0|0|9479
00:38:40|1334|1323|CBG8811|106.662998199|29.165096283|9472|-7.75|227.75|0|0|9479
00:38:44|1334|1323|CBG8811|106.662826538|29.1726493835|9472|-7.75|227.75|0|0|9479
00:38:48|1334|1323|CBG8811|106.662826538|29.1802024841|9472|-7.75|227.75|0|0|9479
00:38:52|1334|1323|CBG8811|106.662654877|29.1889572144|9472|-7.75|227.75|0|0|9479
00:38:56|1334|1323|CBG8811|106.662483215|29.1966819763|9472|-7.75|227.75|0|0|9479
00:39:00|1334|1323|CBG8811|106.662483215|29.2045783997|9472|-8.25|227.75|0|0|9479
00:39:04|1334|1323|CBG8811|106.662311554|29.2129898071|9472|-8.25|227.75|0|0|9479
00:39:08|1334|1323|CBG8811|106.662139893|29.2212295532|9472|-8.25|227.75|0|0|9479
00:39:12|1334|1323|CBG8811|106.661968231|29.2301559448|9472|-8.25|227.75|0|0|9479
00:39:16|1334|1323|CBG8811|106.66179657|29.237537384|9472|-8.75|227.75|0|0|9479
00:39:20|1334|1323|CBG8811|106.661624908|29.246635437|9472|-8.75|227.25|0|0|9479
00:39:24|1334|1323|CBG8811|106.661453247|29.2552185059|9472|-8.75|227.25|0|0|9479
00:39:28|1334|1323|CBG8811|106.661281586|29.2638015747|9472|-8.75|227.25|0|0|9479
00:39:32|1334|1323|CBG8811|106.661281586|29.270324707|9472|-8.75|227.25|0|0|9479
00:39:36|1334|1323|CBG8811|106.661109924|29.2787361145|9472|-8.75|227.25|0|0|9479
00:39:40|1334|1323|CBG8811|106.660938263|29.2880058289|9472|-8.75|227.25|0|0|9479
00:39:44|1334|1323|CBG8811|106.660766602|29.2964172363|9472|-8.75|227.25|0|0|9479
00:39:48|1334|1323|CBG8811|106.66059494|29.30311203|9472|-8.75|227.25|0|0|9479
00:39:52|1334|1323|CBG8811|106.66059494|29.3118667603|9472|-8.75|227.25|0|0|9479
00:39:56|1334|1323|CBG8811|106.660423279|29.3202781677|9472|-8.75|227.25|0|0|9479
00:40:00|1334|1323|CBG8811|106.660251617|29.3281745911|9472|-8.75|227.25|0|0|9479
00:40:04|1334|1323|CBG8811|106.660079956|29.3362426758|9472|-8.75|227.25|0|0|9479
00:40:08|1334|1323|CBG8811|106.659908295|29.3446540833|9472|-8.75|227.25|0|0|9479
00:40:12|1334|1323|CBG8811|106.659908295|29.3530654907|9472|-8.75|227.25|0|0|9479
00:40:16|1334|1323|CBG8811|106.659736633|29.3611335754|9472|-8.75|227.25|0|0|9479
00:40:20|1334|1323|CBG8811|106.659564972|29.3693733215|9472|-8.75|227.25|0|0|9479
00:40:24|1334|1323|CBG8811|106.659393311|29.377784729|9472|-8.75|227.25|0|0|9479
00:40:28|1334|1323|CBG8811|106.659221649|29.3860244751|9472|-8.75|227.25|0|0|9479
00:40:32|1334|1323|CBG8811|106.659049988|29.3946075439|9464|-8.75|227.25|0|0|9479
00:40:36|1334|1323|CBG8811|106.658878326|29.4030189514|9464|-8.75|227.25|0|0|9479
00:40:40|1334|1323|CBG8811|106.658878326|29.4112586975|9464|-8.75|227.25|0|0|9479
00:40:44|1334|1323|CBG8811|106.658706665|29.4179534912|9464|-9.25|227.75|0|0|9479
00:40:48|1334|1323|CBG8811|106.658535004|29.4279098511|9464|-9.25|227.75|0|0|9479
00:40:52|1334|1323|CBG8811|106.658363342|29.4347763062|9464|-8.75|227.25|0|0|9479
00:40:56|1334|1323|CBG8811|106.658191681|29.4443893433|9464|-8.75|227.75|0|0|9479
00:41:00|1334|1323|CBG8811|106.65802002|29.4517707825|9464|-8.75|227.75|0|0|9479
00:41:04|1334|1323|CBG8811|106.65802002|29.4612121582|9464|-8.75|227.75|0|0|9479
00:41:08|1334|1323|CBG8811|106.657848358|29.4689369202|9464|-8.75|227.75|0|0|9479
00:41:12|1334|1323|CBG8811|106.657676697|29.4773483276|9464|-8.75|228.0|0|0|9479
00:41:16|1334|1323|CBG8811|106.657676697|29.4850730896|9479|-8.75|228.0|0|0|9479
00:41:20|1334|1323|CBG8811|106.657505035|29.4938278198|9479|-8.75|228.0|0|0|9479
00:41:24|1334|1323|CBG8811|106.657333374|29.5022392273|9479|-8.75|228.0|0|0|9479
00:41:28|1334|1323|CBG8811|106.657161713|29.5091056824|9479|-8.75|228.0|0|0|9479
00:41:32|1334|1323|CBG8811|106.657161713|29.5176887512|9479|-8.75|228.0|0|0|9479
00:41:36|1334|1323|CBG8811|106.656990051|29.5264434814|9479|-8.75|228.0|0|0|9479
00:41:40|1334|1323|CBG8811|106.65681839|29.5334815979|9479|-8.75|228.0|0|0|9479
00:41:44|1334|1323|CBG8811|106.656646729|29.541721344|9479|-8.75|228.0|0|0|9479
00:41:48|1334|1323|CBG8811|106.656475067|29.5503044128|9479|-8.75|228.0|0|0|9479
00:41:52|1334|1323|CBG8811|106.656475067|29.5580291748|9479|-8.75|228.0|0|0|9479
00:41:56|1334|1323|CBG8811|106.656303406|29.5660972595|9479|-8.75|228.0|0|0|9479
00:42:00|1334|1323|CBG8811|106.656131744|29.5757102966|9479|-8.75|228.0|0|0|9479
00:42:04|1334|1323|CBG8811|106.655960083|29.5844650269|9479|-8.75|228.0|0|0|9479
00:42:08|1334|1323|CBG8811|106.655788422|29.5923614502|9479|-8.75|228.0|0|0|9479
00:42:12|1334|1323|CBG8811|106.65561676|29.6002578735|9479|-8.75|227.75|0|0|9479
00:42:16|1334|1323|CBG8811|106.65561676|29.6084976196|9479|-8.75|227.75|0|0|9479
00:42:20|1334|1323|CBG8811|106.655445099|29.6167373657|9479|-8.75|227.75|0|0|9479
00:42:24|1334|1323|CBG8811|106.655273438|29.6251487732|9479|-8.75|227.75|0|0|9479
00:42:28|1334|1323|CBG8811|106.655101776|29.6330451965|9479|-8.75|227.75|0|0|9479
00:42:32|1334|1323|CBG8811|106.655101776|29.6412849426|9479|-8.75|227.25|0|0|9479
00:42:36|1334|1323|CBG8811|106.655101776|29.649181366|9479|-8.25|227.25|0|0|9479
00:42:40|1334|1323|CBG8811|106.655101776|29.6579360962|9479|-7.75|227.25|0|0|9479
00:42:44|1334|1323|CBG8811|106.655273438|29.6642875671|9479|-6.25|227.25|0|0|9479
00:42:48|1334|1323|CBG8811|106.655273438|29.6740722656|9479|-5.75|226.75|0|0|9479
00:42:52|1334|1323|CBG8811|106.655445099|29.6811103821|9479|-3.75|226.75|0|0|9479
00:42:56|1334|1323|CBG8811|106.656303406|29.6895217896|9479|1.5|226.75|0|0|9479
00:43:00|1334|1323|CBG8811|106.657848358|29.6981048584|9479|11.0|226.25|0|0|9479
00:43:04|1334|1323|CBG8811|106.658878326|29.7063446045|9479|13.5|226.75|0|0|9479
00:43:08|1334|1323|CBG8811|106.660079956|29.7149276733|9479|17.0|226.75|0|0|9479
00:43:12|1334|1323|CBG8811|106.661109924|29.7214508057|9479|19.25|226.75|0|0|9479
00:43:16|1334|1323|CBG8811|106.662654877|29.7302055359|9479|21.75|227.25|0|0|9479
00:43:20|1334|1323|CBG8811|106.664028168|29.7382736206|9479|23.75|227.75|0|0|9479
00:43:24|1334|1323|CBG8811|106.66557312|29.7466850281|9479|25.5|228.5|0|0|9479
00:43:28|1334|1323|CBG8811|106.667118073|29.7557830811|9479|26.0|230.0|0|0|9479
00:43:32|1334|1323|CBG8811|106.669006348|29.7636795044|9479|29.5|230.0|0|0|9479
00:43:36|1334|1323|CBG8811|106.6705513|29.7727775574|9479|30.0|231.5|0|0|9479
00:43:40|1334|1323|CBG8811|106.673297882|29.7820472717|9479|34.25|232.0|0|0|9479
00:43:44|1334|1323|CBG8811|106.67552948|29.7906303406|9479|36.75|233.0|0|0|9479
00:43:48|1334|1323|CBG8811|106.678276062|29.799041748|9479|40.0|233.0|0|0|9479
00:43:52|1334|1323|CBG8811|106.680679321|29.8076248169|9479|43.0|233.5|0|0|9479
00:43:56|1334|1323|CBG8811|106.683254242|29.8163795471|9479|45.25|235.0|0|0|9479
00:44:00|1334|1323|CBG8811|106.686859131|29.8251342773|9479|51.5|233.5|0|0|9479
00:44:04|1334|1323|CBG8811|106.689777374|29.8330307007|9479|54.5|232.5|0|0|9479
00:44:08|1334|1323|CBG8811|106.692352295|29.8410987854|9479|56.0|233.5|0|0|9479
00:44:12|1334|1323|CBG8811|106.694927216|29.8493385315|9479|56.5|234.0|0|0|9479
00:44:16|1334|1323|CBG8811|106.697845459|29.857749939|9479|58.0|233.5|0|0|9479
00:44:20|1334|1323|CBG8811|106.701622009|29.8661613464|9479|64.75|232.5|0|0|9479
00:44:24|1334|1323|CBG8811|106.705913544|29.8745727539|9479|74.75|231.0|0|0|9479
00:44:28|1334|1323|CBG8811|106.71037674|29.8840141296|9479|77.75|230.5|0|0|9479
00:44:32|1334|1323|CBG8811|106.714496613|29.891910553|9479|82.5|228.5|0|0|9479
00:44:36|1334|1323|CBG8811|106.717758179|29.8998069763|9479|80.5|229.5|0|0|9479
00:44:40|1334|1323|CBG8811|106.721019745|29.9068450928|9479|82.5|228.5|0|0|9479
00:44:44|1334|1323|CBG8811|106.724967957|29.9161148071|9479|81.0|229.5|0|0|9479
00:44:48|1334|1323|CBG8811|106.728572845|29.9243545532|9479|81.5|229.5|0|0|9479
00:44:52|1334|1323|CBG8811|106.732349396|29.9320793152|9479|82.5|228.5|0|0|9479
00:44:56|1334|1323|CBG8811|106.736125946|29.9401473999|9479|83.5|228.5|0|0|9479
00:45:00|1334|1323|CBG8811|106.739559174|29.9482154846|9479|82.5|229.5|0|0|9479
00:45:04|1334|1323|CBG8811|106.743850708|29.9581718445|9479|82.5|230.0|0|0|9479
00:45:08|1334|1323|CBG8811|106.747112274|29.9657249451|9479|82.5|230.0|0|0|9479
00:45:12|1334|1323|CBG8811|106.750545502|29.973449707|9479|82.5|230.5|0|0|9479
00:45:16|1334|1323|CBG8811|106.753978729|29.9815177917|9479|82.0|230.5|0|0|9479
00:45:20|1334|1323|CBG8811|106.758270264|29.9914741516|9479|82.0|231.0|0|0|9479
00:45:24|1334|1323|CBG8811|106.761360168|29.9983406067|9479|82.0|231.5|0|0|9479
00:45:28|1334|1323|CBG8811|106.765651703|30.0082969666|9479|82.0|231.5|0|0|9479
00:45:32|1334|1323|CBG8811|106.768398285|30.0149917603|9479|82.0|232.0|0|0|9479
00:45:36|1334|1323|CBG8811|106.772861481|30.0249481201|9479|81.5|232.0|0|0|9479
00:45:40|1334|1323|CBG8811|106.77646637|30.033531189|9479|81.5|233.0|0|0|9479
00:45:44|1334|1323|CBG8811|106.779899597|30.0414276123|9479|81.5|233.0|0|0|9479
00:45:48|1334|1323|CBG8811|106.783332825|30.0498390198|9479|81.5|233.5|0|0|9479
00:45:52|1334|1323|CBG8811|106.786937714|30.0584220886|9479|81.0|234.0|0|0|9479
00:45:56|1334|1323|CBG8811|106.789855957|30.0651168823|9479|81.0|234.0|0|0|9479
00:46:00|1334|1323|CBG8811|106.794147491|30.0750732422|9479|81.0|234.0|0|0|9479
00:46:04|1334|1323|CBG8811|106.79775238|30.0834846497|9479|81.0|234.0|0|0|9479
00:46:08|1334|1323|CBG8811|106.801357269|30.0917243958|9479|81.0|234.0|0|0|9479
00:46:12|1334|1323|CBG8811|106.80513382|30.1008224487|9479|81.0|234.5|0|0|9479
00:46:16|1334|1323|CBG8811|106.808567047|30.1087188721|9479|81.0|234.5|0|0|9479
00:46:20|1334|1323|CBG8811|106.812343597|30.1173019409|9479|81.5|234.5|0|0|9479
00:46:24|1334|1323|CBG8811|106.815776825|30.1253700256|9479|81.5|234.5|0|0|9479
00:46:28|1334|1323|CBG8811|106.819553375|30.1337814331|9479|82.0|234.5|0|0|9479
00:46:32|1334|1323|CBG8811|106.823329926|30.1420211792|9479|83.0|234.0|0|0|9479
00:46:36|1334|1323|CBG8811|106.827278137|30.1504325867|9479|84.5|233.5|0|0|9479
00:46:40|1334|1323|CBG8811|106.831054688|30.1586723328|9479|85.0|233.5|0|0|9479
00:46:44|1334|1323|CBG8811|106.835002899|30.1670837402|9479|85.75|233.5|0|0|9479
00:46:48|1334|1323|CBG8811|106.839637756|30.1754951477|9479|92.5|230.5|0|0|9479
00:46:52|1334|1323|CBG8811|106.844615936|30.1830482483|9479|102.75|226.25|0|0|9479
00:46:56|1334|1323|CBG8811|106.849937439|30.1909446716|9479|108.5|222.75|0|0|9479
00:47:00|1334|1323|CBG8811|106.854572296|30.1984977722|9479|113.75|221.0|0|0|9479
00:47:04|1334|1323|CBG8811|106.86006546|30.2070808411|9479|114.75|221.25|0|0|9479
00:47:08|1334|1323|CBG8811|106.865215302|30.2151489258|9479|116.75|221.25|0|0|9479
00:47:12|1334|1323|CBG8811|106.870365143|30.2232170105|9479|117.75|221.75|0|0|9479
00:47:16|1334|1323|CBG8811|106.875514984|30.2309417725|9479|119.25|222.25|0|0|9479
00:47:20|1334|1323|CBG8811|106.881008148|30.2386665344|9479|121.5|221.25|0|0|9479
00:47:24|1334|1323|CBG8811|106.886844635|30.2470779419|9479|123.5|221.25|0|0|9479
00:47:28|1334|1323|CBG8811|106.892681122|30.2549743652|9479|125.5|221.0|0|0|9479
00:47:32|1334|1323|CBG8811|106.897830963|30.2621841431|9479|127.25|220.5|0|0|9479
00:47:36|1334|1323|CBG8811|106.904182434|30.2704238892|9479|129.25|219.5|0|0|9479
00:47:40|1334|1323|CBG8811|106.910362244|30.2783203125|9479|132.25|218.0|0|0|9479
00:47:44|1334|1323|CBG8811|106.916713715|30.2857017517|9479|136.0|216.5|0|0|9479
00:47:48|1334|1323|CBG8811|106.923065186|30.2934265137|9479|139.5|215.5|0|0|9479
00:47:52|1334|1323|CBG8811|106.929244995|30.3004646301|9479|142.25|214.5|0|0|9479
00:47:56|1334|1323|CBG8811|106.935768127|30.3080177307|9479|144.25|213.75|0|0|9479
00:48:00|1334|1323|CBG8811|106.942119598|30.3157424927|9479|145.25|213.75|0|0|9479
00:48:04|1334|1323|CBG8811|106.948471069|30.3232955933|9479|145.75|213.25|0|0|9479
00:48:08|1334|1323|CBG8811|106.95482254|30.3308486938|9479|145.25|213.75|0|0|9479
00:48:12|1334|1323|CBG8811|106.961517334|30.3389167786|9479|145.25|213.25|0|0|9479
00:48:16|1334|1323|CBG8811|106.967525482|30.3464698792|9479|144.75|213.75|0|0|9479
00:48:20|1334|1323|CBG8811|106.973361969|30.3535079956|9479|144.75|214.25|0|0|9479
00:48:24|1334|1323|CBG8811|106.979885101|30.3615760803|9479|144.25|214.25|0|0|9479
00:48:28|1334|1323|CBG8811|106.986064911|30.3689575195|9479|144.75|213.75|0|0|9479
00:48:32|1334|1323|CBG8811|106.992073059|30.3765106201|9479|143.75|214.25|0|0|9479
00:48:36|1334|1323|CBG8811|106.998081207|30.3840637207|9479|143.25|214.25|0|0|9479
00:48:40|1334|1323|CBG8811|107.003917694|30.3916168213|9479|142.75|214.5|0|0|9479
00:48:44|1334|1323|CBG8811|107.00958252|30.3984832764|9479|142.75|214.25|0|0|9479
00:48:48|1334|1323|CBG8811|107.016277313|30.4063796997|9479|142.75|214.25|0|0|9479
00:48:52|1334|1323|CBG8811|107.022285461|30.4137611389|9479|142.75|214.25|0|0|9479
00:48:56|1334|1323|CBG8811|107.028465271|30.4213142395|9479|142.75|213.75|0|0|9479
00:49:00|1334|1323|CBG8811|107.034645081|30.4288673401|9479|142.75|213.75|0|0|9479
00:49:04|1334|1323|CBG8811|107.040653229|30.4362487793|9479|142.75|213.75|0|0|9479
00:49:08|1334|1323|CBG8811|107.046661377|30.4436302185|9479|142.75|213.75|0|0|9479
00:49:12|1334|1323|CBG8811|107.052841187|30.4511833191|9479|142.75|213.75|0|0|9479
00:49:16|1334|1323|CBG8811|107.059707642|30.4594230652|9479|143.25|213.75|0|0|9479
00:49:20|1334|1323|CBG8811|107.065200806|30.4662895203|9479|142.75|214.25|0|0|9479
00:49:24|1334|1323|CBG8811|107.072753906|30.475730896|9479|142.75|214.25|0|0|9479
00:49:28|1334|1323|CBG8811|107.07824707|30.4822540283|9479|143.25|214.25|0|0|9479
00:49:32|1334|1323|CBG8811|107.084598541|30.4898071289|9479|143.25|213.75|0|0|9479
00:49:36|1334|1323|CBG8811|107.090778351|30.4973602295|9479|143.75|214.25|0|0|9479
00:49:40|1334|1323|CBG8811|107.097129822|30.5050849915|9479|143.75|214.25|0|0|9479
00:49:44|1334|1323|CBG8811|107.103481293|30.512638092|9479|144.25|213.75|0|0|9479
00:49:48|1334|1323|CBG8811|107.109489441|30.5198478699|9479|144.25|214.25|0|0|9479
00:49:52|1334|1323|CBG8811|107.116184235|30.5279159546|9479|144.25|214.25|0|0|9479
00:49:56|1334|1323|CBG8811|107.122020721|30.5351257324|9479|144.25|214.25|0|0|9479
00:50:00|1334|1323|CBG8811|107.128543854|30.5430221558|9479|143.75|214.25|0|0|9479
00:50:04|1334|1323|CBG8811|107.134552002|30.550403595|9479|143.75|214.25|0|0|9479
00:50:08|1334|1323|CBG8811|107.141590118|30.5588150024|9479|143.75|213.75|0|0|9479
00:50:12|1334|1323|CBG8811|107.146911621|30.5653381348|9479|143.25|213.75|0|0|9479
00:50:16|1334|1323|CBG8811|107.152748108|30.5723762512|9479|143.25|213.75|0|0|9479
00:50:20|1334|1323|CBG8811|107.159099579|30.5801010132|9479|143.25|213.75|0|0|9479
00:50:24|1334|1323|CBG8811|107.16545105|30.5878257751|9479|143.25|213.75|0|0|9479
00:50:28|1334|1323|CBG8811|107.171802521|30.5957221985|9479|143.25|213.75|0|0|9479
00:50:32|1334|1323|CBG8811|107.177810669|30.6029319763|9479|143.25|213.25|0|0|9479
00:50:36|1334|1323|CBG8811|107.184333801|30.6108283997|9479|142.75|213.25|0|0|9479
00:50:40|1334|1323|CBG8811|107.190341949|30.6182098389|9479|142.75|213.25|0|0|8595
00:50:44|1334|1323|CBG8811|107.196350098|30.6254196167|9479|142.75|213.25|0|0|8412
00:50:48|1334|1323|CBG8811|107.202529907|30.6329727173|9479|142.75|213.25|0|0|8412
00:50:52|1334|1323|CBG8811|107.208881378|30.6405258179|9479|142.75|213.25|0|0|8412
00:50:56|1334|1323|CBG8811|107.215232849|30.6482505798|9449|142.75|213.25|-3|0|8412
00:51:00|1334|1323|CBG8811|107.221240997|30.655632019|9418|142.75|213.25|-4|0|8412
00:51:04|1334|1323|CBG8811|107.227420807|30.6631851196|9395|142.75|213.25|-5|0|8412
00:51:08|1334|1323|CBG8811|107.233428955|30.6705665588|9380|142.75|212.75|-5|0|8412
00:51:12|1334|1323|CBG8811|107.240123749|30.6784629822|9357|142.75|212.75|-5|0|8412
00:51:16|1334|1323|CBG8811|107.24647522|30.6861877441|9342|142.75|212.75|-4|0|8412
00:51:20|1334|1323|CBG8811|107.2514534|30.6921958923|9319|142.25|212.75|-5|0|8412
00:51:24|1334|1323|CBG8811|107.257804871|30.6999206543|9304|142.25|212.25|-4|0|8412
00:51:28|1334|1323|CBG8811|107.264328003|30.7078170776|9289|142.25|212.25|-4|0|8412
00:51:32|1334|1323|CBG8811|107.270336151|30.7150268555|9274|141.75|211.25|-4|0|8412
00:51:36|1334|1323|CBG8811|107.276172638|30.7220649719|9258|141.75|211.25|-4|0|8412
00:51:40|1334|1323|CBG8811|107.283382416|30.7306480408|9235|141.75|210.75|-5|0|8412
00:51:44|1334|1323|CBG8811|107.288703918|30.7371711731|9220|140.75|209.75|-4|0|8412
00:51:48|1334|1323|CBG8811|107.294712067|30.7445526123|9197|139.5|207.75|-4|0|8412
00:51:52|1334|1323|CBG8811|107.300205231|30.7510757446|9182|139.0|206.5|-5|0|8412
00:51:56|1334|1323|CBG8811|107.306728363|30.758972168|9167|138.0|205.5|-5|0|8412
00:52:00|1334|1323|CBG8811|107.31256485|30.7660102844|9144|137.5|204.5|-5|0|8412
00:52:04|1334|1323|CBG8811|107.318401337|30.7732200623|9121|137.0|204.0|-5|0|8412
00:52:08|1334|1323|CBG8811|107.323722839|30.7793998718|9106|136.0|203.0|-5|0|8412
00:52:12|1334|1323|CBG8811|107.329216003|30.7860946655|9083|135.5|202.0|-5|0|8412
00:52:16|1334|1323|CBG8811|107.336082458|30.7943344116|9068|135.5|202.0|-5|0|8412
00:52:20|1334|1323|CBG8811|107.341060638|30.8005142212|9053|135.0|201.5|-5|0|8412
00:52:24|1334|1323|CBG8811|107.347583771|30.8084106445|9030|135.0|201.0|-5|0|8412
00:52:28|1334|1323|CBG8811|107.353076935|30.8149337769|9007|134.0|200.25|-5|0|8412
00:52:32|1334|1323|CBG8811|107.359256744|30.8224868774|8992|134.0|200.25|-5|0|8412
00:52:36|1334|1323|CBG8811|107.36492157|30.8295249939|8969|134.0|200.25|-5|0|8412
00:52:40|1334|1323|CBG8811|107.370758057|30.836391449|8954|133.5|199.75|-5|0|8412
00:52:44|1334|1323|CBG8811|107.375907898|30.8427429199|8938|133.5|199.75|-4|0|8412
00:52:48|1334|1323|CBG8811|107.382087708|30.8501243591|8915|133.5|199.75|-5|0|8412
00:52:52|1334|1323|CBG8811|107.38740921|30.8566474915|8908|133.0|199.25|-5|0|8412
00:52:56|1334|1323|CBG8811|107.393932343|30.8645439148|8877|133.0|198.75|-5|0|8412
00:53:00|1334|1323|CBG8811|107.399597168|30.8714103699|8862|132.75|198.75|-5|0|8412
00:53:04|1334|1323|CBG8811|107.404747009|30.8775901794|8847|132.75|198.75|-5|0|8412
00:53:08|1334|1323|CBG8811|107.410926819|30.8849716187|8824|132.75|198.25|-5|0|8412
00:53:12|1334|1323|CBG8811|107.416248322|30.8913230896|8801|132.75|197.75|-5|0|8412
00:53:16|1334|1323|CBG8811|107.422599792|30.8990478516|8793|132.75|197.75|-5|0|8412
00:53:20|1334|1323|CBG8811|107.428264618|30.9059143066|8763|132.25|197.25|-5|0|8412
00:53:24|1334|1323|CBG8811|107.434101105|30.9127807617|8748|132.25|197.25|-5|0|8412
00:53:28|1334|1323|CBG8811|107.439422607|30.9191322327|8725|132.25|197.25|-5|0|8412
00:53:32|1334|1323|CBG8811|107.444915771|30.9258270264|8702|132.25|197.25|-5|0|8412
00:53:36|1334|1323|CBG8811|107.451095581|30.9332084656|8687|132.25|196.75|-5|0|8412
00:53:40|1334|1323|CBG8811|107.456932068|30.9400749207|8664|132.25|196.75|-5|0|8412
00:53:44|1334|1323|CBG8811|107.462768555|30.9472846985|8641|132.25|196.75|-5|0|8107
00:53:48|1334|1323|CBG8811|107.468605042|30.9541511536|8626|132.25|196.75|-5|0|8107
00:53:52|1334|1323|CBG8811|107.474441528|30.96118927|8595|131.75|196.25|-5|0|8107
00:53:56|1334|1323|CBG8811|107.480106354|30.9678840637|8580|131.75|196.25|-5|0|8107
00:54:00|1334|1323|CBG8811|107.485427856|30.974407196|8565|131.75|195.75|-5|0|8107
00:54:04|1334|1323|CBG8811|107.491436005|30.9816169739|8542|131.75|195.75|-5|0|8107
00:54:08|1334|1323|CBG8811|107.496585846|30.9877967834|8527|131.25|195.25|-5|0|8107
00:54:12|1334|1323|CBG8811|107.502593994|30.9950065613|8504|130.75|194.75|-5|0|8107
00:54:16|1334|1323|CBG8811|107.507743835|31.0013580322|8489|130.75|194.25|-5|0|8107
00:54:20|1334|1323|CBG8811|107.513237|31.0078811646|8473|130.25|193.5|-5|0|8107
00:54:24|1334|1323|CBG8811|107.519416809|31.0150909424|8451|130.25|193.0|-5|0|8107
00:54:28|1334|1323|CBG8811|107.52456665|31.0214424133|8435|127.75|190.5|-4|0|8107
00:54:32|1334|1323|CBG8811|107.529029846|31.026763916|8420|127.75|190.5|-5|0|8107
00:54:36|1334|1323|CBG8811|107.534694672|31.0336303711|8397|127.75|190.5|-5|0|8107
00:54:40|1334|1323|CBG8811|107.540187836|31.0403251648|8382|127.25|190.0|-5|0|8107
00:54:44|1334|1323|CBG8811|107.545681|31.0466766357|8367|127.25|189.5|-5|0|8107
00:54:48|1334|1323|CBG8811|107.551345825|31.0537147522|8344|126.75|189.0|-5|0|8107
00:54:52|1334|1323|CBG8811|107.557182312|31.0605812073|8321|126.25|188.5|-5|0|8107
00:54:56|1334|1323|CBG8811|107.562675476|31.067276001|8306|126.25|188.0|-5|0|8107
00:55:00|1334|1323|CBG8811|107.567996979|31.0736274719|8283|126.25|188.0|-5|0|8107
00:55:04|1334|1323|CBG8811|107.573490143|31.0801506042|8268|126.0|187.5|-5|0|8107
00:55:08|1334|1323|CBG8811|107.578983307|31.0866737366|8252|126.0|187.25|-5|0|8107
00:55:12|1334|1323|CBG8811|107.584648132|31.0933685303|8230|125.5|187.25|-5|0|8107
00:55:16|1334|1323|CBG8811|107.590484619|31.1004066467|8214|125.5|186.75|-4|0|8107
00:55:20|1334|1323|CBG8811|107.595977783|31.1071014404|8192|125.0|186.25|-5|0|8107
00:55:24|1334|1323|CBG8811|107.601299286|31.1134529114|8176|124.5|185.75|-5|0|8107
00:55:28|1334|1323|CBG8811|107.60559082|31.1184310913|8153|124.5|185.75|-5|0|8107
00:55:32|1334|1323|CBG8811|107.611942291|31.1263275146|8138|124.0|185.75|-5|0|8107
00:55:36|1334|1323|CBG8811|107.617435455|31.132850647|8123|124.0|185.25|-4|0|8107
00:55:40|1334|1323|CBG8811|107.622413635|31.1388587952|8115|123.5|185.25|-3|0|8107
00:55:44|1334|1323|CBG8811|107.627906799|31.1457252502|8108|123.5|185.25|-3|0|8107
00:55:48|1334|1323|CBG8811|107.633399963|31.1522483826|8115|123.0|185.25|0|0|8107
00:55:52|1334|1323|CBG8811|107.638721466|31.1587715149|8115|123.0|184.75|0|0|8107
00:55:56|1334|1323|CBG8811|107.644386292|31.1654663086|8115|122.5|184.75|0|0|8107
00:56:00|1334|1323|CBG8811|107.648506165|31.1706161499|8115|122.5|184.75|0|0|8107
00:56:04|1334|1323|CBG8811|107.653827667|31.1771392822|8115|122.5|184.75|0|0|8107
00:56:08|1334|1323|CBG8811|107.6603508|31.1848640442|8115|122.5|184.75|0|0|8107
00:56:12|1334|1323|CBG8811|107.664642334|31.1901855469|8115|122.0|184.75|0|0|8107
00:56:16|1334|1323|CBG8811|107.669963837|31.1965370178|8115|122.5|184.75|0|0|8107
00:56:20|1334|1323|CBG8811|107.676486969|31.2044334412|8115|122.5|184.75|0|0|8107
00:56:24|1334|1323|CBG8811|107.681980133|31.2111282349|8115|122.5|184.75|0|0|8107
00:56:28|1334|1323|CBG8811|107.686271667|31.2162780762|8115|122.5|184.75|0|0|8107
00:56:32|1334|1323|CBG8811|107.691764832|31.2229728699|8115|122.5|185.25|0|0|8107
00:56:36|1334|1323|CBG8811|107.697086334|31.2294960022|8115|122.5|185.25|0|0|8107
00:56:40|1334|1323|CBG8811|107.702922821|31.2365341187|8115|122.5|185.25|0|0|8107
00:56:44|1334|1323|CBG8811|107.708415985|31.2432289124|8115|122.5|185.25|0|0|8107
00:56:48|1334|1323|CBG8811|107.714080811|31.2499237061|8115|122.5|185.25|0|0|8107
00:56:52|1334|1323|CBG8811|107.719745636|31.2567901611|8115|122.5|185.25|0|0|8107
00:56:56|1334|1323|CBG8811|107.725067139|31.2631416321|8115|123.0|185.75|0|0|8107
00:57:00|1334|1323|CBG8811|107.730731964|31.2700080872|8115|123.0|185.75|0|0|8107
00:57:04|1334|1323|CBG8811|107.736053467|31.2763595581|8115|123.0|185.75|0|0|8107
00:57:08|1334|1323|CBG8811|107.741203308|31.2827110291|8115|123.0|185.75|0|0|8107
00:57:12|1334|1323|CBG8811|107.746696472|31.2894058228|8115|123.0|185.75|0|0|8107
00:57:16|1334|1323|CBG8811|107.752189636|31.2959289551|8115|123.0|185.75|0|0|8107
00:57:20|1334|1323|CBG8811|107.757854462|31.3026237488|8115|123.0|185.75|0|0|8107
00:57:24|1334|1323|CBG8811|107.763004303|31.3089752197|8115|123.0|185.75|0|0|8107
00:57:28|1334|1323|CBG8811|107.768497467|31.3156700134|8115|123.0|185.75|0|0|8107
00:57:32|1334|1323|CBG8811|107.77381897|31.3220214844|8115|123.0|185.75|0|0|8107
00:57:36|1334|1323|CBG8811|107.779655457|31.3288879395|8115|123.0|185.75|0|0|8107
00:57:40|1334|1323|CBG8811|107.784633636|31.3348960876|8115|123.0|185.75|0|0|8107
00:57:44|1334|1323|CBG8811|107.790641785|31.3422775269|8115|123.0|185.75|0|0|8107
00:57:48|1334|1323|CBG8811|107.795791626|31.3484573364|8115|123.0|185.75|0|0|8107
00:57:52|1334|1323|CBG8811|107.800769806|31.3542938232|8115|123.0|185.75|0|0|8107
00:57:56|1334|1323|CBG8811|107.806606293|31.3615036011|8115|123.0|185.75|0|0|8107
00:58:00|1334|1323|CBG8811|107.812099457|31.3680267334|8115|123.0|185.75|0|0|8107
00:58:04|1334|1323|CBG8811|107.817592621|31.3747215271|8115|123.0|185.75|0|0|8107
00:58:08|1334|1323|CBG8811|107.823085785|31.3814163208|8115|123.0|185.75|0|0|8107
00:58:12|1334|1323|CBG8811|107.828407288|31.3875961304|8115|123.0|185.75|0|0|8107
00:58:16|1334|1323|CBG8811|107.83372879|31.3941192627|8115|123.0|185.75|0|0|8107
00:58:20|1334|1323|CBG8811|107.839221954|31.4008140564|8115|123.0|185.75|0|0|8107
00:58:24|1334|1323|CBG8811|107.843856812|31.4063072205|8115|123.0|185.75|0|0|8107
00:58:28|1334|1323|CBG8811|107.849521637|31.4131736755|8115|123.0|185.75|0|0|8107
00:58:32|1334|1323|CBG8811|107.85484314|31.4195251465|8115|123.0|185.75|0|0|8107
00:58:36|1334|1323|CBG8811|107.860507965|31.4263916016|8115|123.0|185.75|0|0|8107
00:58:40|1334|1323|CBG8811|107.865314484|31.4322280884|8115|123.0|185.75|0|0|8107
00:58:44|1334|1323|CBG8811|107.87115097|31.4389228821|8115|123.0|185.75|0|0|8107
00:58:48|1334|1323|CBG8811|107.876300812|31.445274353|8115|122.5|185.25|0|0|8107
00:58:52|1334|1323|CBG8811|107.881450653|31.4514541626|8115|122.5|185.25|0|0|8107
00:58:56|1334|1323|CBG8811|107.887458801|31.4586639404|8115|122.5|185.25|0|0|8107
00:59:00|1334|1323|CBG8811|107.892780304|31.4651870728|8115|122.5|184.75|0|0|8107
00:59:04|1334|1323|CBG8811|107.897758484|31.4711952209|8115|122.5|184.75|0|0|8107
00:59:08|1334|1323|CBG8811|107.903766632|31.4784049988|8115|122.5|184.75|0|0|8107
00:59:12|1334|1323|CBG8811|107.909431458|31.4850997925|8115|122.5|184.75|0|0|8107
00:59:16|1334|1323|CBG8811|107.91475296|31.4914512634|8115|122.5|184.75|0|0|8107
00:59:20|1334|1323|CBG8811|107.91973114|31.4974594116|8115|122.5|184.75|0|0|8107
00:59:24|1334|1323|CBG8811|107.925395966|31.5043258667|8115|122.5|184.75|0|0|8107
00:59:28|1334|1323|CBG8811|107.93088913|31.510848999|8115|122.0|184.75|0|0|8107
00:59:32|1334|1323|CBG8811|107.936210632|31.51720047|8115|122.0|184.25|0|0|8107
00:59:36|1334|1323|CBG8811|107.941703796|31.5237236023|8115|122.0|184.25|0|0|8107
00:59:40|1334|1323|CBG8811|107.947540283|31.5305900574|8115|122.0|184.25|0|0|8107
00:59:44|1334|1323|CBG8811|107.952346802|31.5365982056|8115|122.0|184.25|0|0|8107
00:59:48|1334|1323|CBG8811|107.958011627|31.5432929993|8115|122.0|184.25|0|0|8107
00:59:52|1334|1323|CBG8811|107.962303162|31.5484428406|8115|122.0|184.25|0|0|8107
00:59:56|1334|1323|CBG8811|107.968826294|31.5563392639|8115|122.0|184.25|0|0|8107
01:00:00|1334|1323|CBG8811|107.973632812|31.5621757507|8115|122.0|184.25|0|0|8107
