07:12:28|1516|1882|CBG8923|106.809425354|26.561164856|1280|14.5|75.25|0|0|2407
07:12:32|1516|1882|CBG8923|106.810112|26.5640830994|1349|15.0|76.25|16|0|2407
07:12:36|1516|1882|CBG8923|106.810798645|26.5670013428|1410|15.0|77.25|15|0|2407
07:12:40|1516|1882|CBG8923|106.811485291|26.5700912476|1448|14.5|78.25|13|0|2407
07:12:44|1516|1882|CBG8923|106.812000275|26.5731811523|1494|14.0|79.0|11|0|2407
07:12:48|1516|1882|CBG8923|106.81268692|26.5762710571|1532|14.0|80.0|10|0|2987
07:12:52|1516|1882|CBG8923|106.813201904|26.5793609619|1562|14.0|81.0|9|0|2987
07:12:56|1516|1882|CBG8923|106.813716888|26.5826225281|1577|14.0|82.0|7|0|2987
07:13:00|1516|1882|CBG8923|106.814403534|26.5858840942|1585|14.0|83.5|4|0|2987
07:13:04|1516|1882|CBG8923|106.815090179|26.5893173218|1585|14.0|85.0|2|0|2987
07:13:08|1516|1882|CBG8923|106.815776825|26.5929222107|1593|14.0|87.25|2|0|2987
07:13:12|1516|1882|CBG8923|106.816635132|26.5968704224|1608|14.5|89.75|3|0|2987
07:13:16|1516|1882|CBG8923|106.817321777|26.600818634|1638|15.0|93.5|6|0|2987
07:13:20|1516|1882|CBG8923|106.818180084|26.6051101685|1669|16.0|98.5|7|0|2987
07:13:24|1516|1882|CBG8923|106.820240021|26.6114616394|1707|21.25|118.75|8|0|2987
07:13:28|1516|1882|CBG8923|106.821956635|26.617641449|1737|24.0|132.75|8|0|2987
07:13:32|1516|1882|CBG8923|106.823329926|26.623134613|1775|26.0|139.5|9|0|2987
07:13:36|1516|1882|CBG8923|106.824703217|26.6282844543|1821|26.5|141.75|10|0|2987
07:13:40|1516|1882|CBG8923|106.825904846|26.6332626343|1859|26.5|139.75|10|0|2987
07:13:44|1516|1882|CBG8923|106.826934814|26.6377258301|1905|25.5|136.5|11|0|2987
07:13:48|1516|1882|CBG8923|106.827964783|26.6420173645|1958|25.0|133.0|12|0|2987
07:13:52|1516|1882|CBG8923|106.828651428|26.6457939148|2012|23.25|126.75|13|0|2987
07:13:56|1516|1882|CBG8923|106.829509735|26.6497421265|2080|22.75|123.5|15|0|2987
07:14:00|1516|1882|CBG8923|106.830368042|26.6538619995|2141|22.25|121.0|15|0|2987
07:14:04|1516|1882|CBG8923|106.831226349|26.6579818726|2202|21.75|119.25|16|0|2987
07:14:08|1516|1882|CBG8923|106.832084656|26.6619300842|2263|21.25|117.25|15|0|2987
07:14:12|1516|1882|CBG8923|106.832942963|26.6660499573|2324|20.75|116.75|15|0|2987
07:14:16|1516|1882|CBG8923|106.83380127|26.6701698303|2377|20.75|116.75|14|0|2987
07:14:20|1516|1882|CBG8923|106.835174561|26.675491333|2416|21.25|118.25|14|0|2987
07:14:24|1516|1882|CBG8923|106.836204529|26.6787528992|2469|22.25|119.25|12|0|2987
07:14:28|1516|1882|CBG8923|106.838264465|26.6840744019|2515|25.0|120.0|11|0|2987
07:14:32|1516|1882|CBG8923|106.842384338|26.6869926453|2537|49.25|111.5|10|0|2987
07:14:36|1516|1882|CBG8923|106.849079132|26.6880226135|2568|88.25|80.5|9|0|2987
07:14:40|1516|1882|CBG8923|106.854400635|26.6893959045|2598|105.25|57.0|8|0|2987
07:14:44|1516|1882|CBG8923|106.859722137|26.69008255|2637|115.25|35.75|9|0|2987
07:14:48|1516|1882|CBG8923|106.864871979|26.6905975342|2667|121.0|19.75|8|0|2987
07:14:52|1516|1882|CBG8923|106.870193481|26.6905975342|2697|124.5|6.25|8|0|2987
07:14:56|1516|1882|CBG8923|106.875514984|26.69008255|2736|126.25|-6.75|8|0|2987
07:15:00|1516|1882|CBG8923|106.88117981|26.6892242432|2774|127.75|-16.0|9|0|2987
07:15:04|1516|1882|CBG8923|106.886672974|26.6883659363|2804|128.75|-18.75|9|0|2987
07:15:08|1516|1882|CBG8923|106.892337799|26.6876792908|2842|130.25|-18.25|9|0|2987
07:15:12|1516|1882|CBG8923|106.898002625|26.6869926453|2873|131.75|-16.5|9|0|2987
07:15:16|1516|1882|CBG8923|106.903495789|26.6863059998|2903|132.75|-15.0|8|0|2987
07:15:20|1516|1882|CBG8923|106.908988953|26.6856193542|2911|134.5|-14.5|6|0|2987
07:15:24|1516|1882|CBG8923|106.914825439|26.6849327087|2918|136.0|-14.0|4|0|2987
07:15:28|1516|1882|CBG8923|106.920833588|26.6842460632|2918|137.5|-14.0|2|0|2987
07:15:32|1516|1882|CBG8923|106.926670074|26.6837310791|2896|139.5|-13.0|0|0|2987
07:15:36|1516|1882|CBG8923|106.932849884|26.6830444336|2896|140.75|-13.0|0|0|2987
07:15:40|1516|1882|CBG8923|106.939029694|26.6823577881|2896|142.75|-13.0|0|0|2987
07:15:44|1516|1882|CBG8923|106.945209503|26.6816711426|2896|145.25|-13.0|0|0|2987
07:15:48|1516|1882|CBG8923|106.951732635|26.6809844971|2896|147.0|-13.5|0|0|2987
07:15:52|1516|1882|CBG8923|106.957912445|26.6802978516|2896|150.5|-14.0|0|0|2987
07:15:56|1516|1882|CBG8923|106.964607239|26.6794395447|2896|152.0|-14.0|0|0|2987
07:16:00|1516|1882|CBG8923|106.97095871|26.6789245605|2896|153.25|-14.0|0|0|2987
07:16:04|1516|1882|CBG8923|106.977481842|26.6780662537|2896|154.75|-14.0|0|0|2987
07:16:08|1516|1882|CBG8923|106.983833313|26.6773796082|2896|155.75|-14.0|0|0|2987
07:16:12|1516|1882|CBG8923|106.990184784|26.676864624|2896|156.25|-14.0|0|0|2987
07:16:16|1516|1882|CBG8923|106.996364594|26.6761779785|2896|156.75|-14.0|0|0|2987
07:16:20|1516|1882|CBG8923|107.002716064|26.675491333|2896|156.75|-14.0|0|0|2987
07:16:24|1516|1882|CBG8923|107.009067535|26.6748046875|2896|157.25|-14.0|0|0|2987
07:16:28|1516|1882|CBG8923|107.016792297|26.674118042|2896|157.25|-14.0|0|0|2987
07:16:32|1516|1882|CBG8923|107.021598816|26.6736030579|2896|156.75|-14.0|0|0|2987
07:16:36|1516|1882|CBG8923|107.028980255|26.672744751|2896|157.25|-14.5|0|0|2987
07:16:40|1516|1882|CBG8923|107.035331726|26.6720581055|2896|157.25|-14.5|0|0|2987
07:16:44|1516|1882|CBG8923|107.041854858|26.67137146|2896|156.75|-14.5|0|0|3596
07:16:48|1516|1882|CBG8923|107.046318054|26.6708564758|2896|156.75|-14.5|0|0|3596
07:16:52|1516|1882|CBG8923|107.053871155|26.6699981689|2896|156.75|-14.5|0|0|3596
07:16:56|1516|1882|CBG8923|107.060394287|26.6693115234|2896|156.75|-14.5|0|0|3596
07:17:00|1516|1882|CBG8923|107.066574097|26.6686248779|2918|156.25|-14.5|2|0|3596
07:17:04|1516|1882|CBG8923|107.072410583|26.6681098938|2949|156.75|-14.5|4|0|3596
07:17:08|1516|1882|CBG8923|107.078590393|26.6674232483|2979|156.75|-14.5|6|0|3596
07:17:12|1516|1882|CBG8923|107.084770203|26.6667366028|3010|156.75|-14.5|7|0|3596
07:17:16|1516|1882|CBG8923|107.091121674|26.6660499573|3040|156.75|-14.5|7|0|3596
07:17:20|1516|1882|CBG8923|107.097473145|26.6653633118|3071|156.75|-14.5|8|0|3596
07:17:24|1516|1882|CBG8923|107.103824615|26.6645050049|3101|156.25|-15.0|8|0|3596
07:17:28|1516|1882|CBG8923|107.109832764|26.663646698|3139|156.75|-15.5|8|0|3596
07:17:32|1516|1882|CBG8923|107.116012573|26.6627883911|3170|156.75|-16.0|8|0|3596
07:17:36|1516|1882|CBG8923|107.122364044|26.6619300842|3200|156.75|-16.5|8|0|3596
07:17:40|1516|1882|CBG8923|107.128887177|26.660900116|3231|156.75|-17.0|8|0|3596
07:17:44|1516|1882|CBG8923|107.134895325|26.6598701477|3261|156.75|-17.25|8|0|3596
07:17:48|1516|1882|CBG8923|107.141246796|26.6590118408|3292|157.25|-17.75|8|0|3596
07:17:52|1516|1882|CBG8923|107.147598267|26.6579818726|3322|157.75|-18.75|8|0|3596
07:17:56|1516|1882|CBG8923|107.154121399|26.6569519043|3383|157.75|-19.25|10|0|3596
07:18:00|1516|1882|CBG8923|107.16047287|26.655921936|3421|158.25|-19.25|10|0|3596
07:18:04|1516|1882|CBG8923|107.167339325|26.6547203064|3467|158.75|-20.25|11|0|3596
07:18:08|1516|1882|CBG8923|107.173519135|26.6536903381|3513|159.25|-20.75|11|0|3596
07:18:12|1516|1882|CBG8923|107.180042267|26.6524887085|3551|159.75|-20.75|10|0|3596
07:18:16|1516|1882|CBG8923|107.187080383|26.6514587402|3574|160.0|-21.25|9|0|3596
07:18:20|1516|1882|CBG8923|107.193603516|26.650428772|3597|161.0|-21.25|7|0|3596
07:18:24|1516|1882|CBG8923|107.200469971|26.6493988037|3604|162.0|-21.25|4|0|3596
07:18:28|1516|1882|CBG8923|107.207336426|26.6485404968|3604|163.5|-20.75|2|0|3596
07:18:32|1516|1882|CBG8923|107.214546204|26.6476821899|3597|166.5|-19.75|0|0|3596
07:18:36|1516|1882|CBG8923|107.222270966|26.6469955444|3597|171.25|-18.75|0|0|3596
07:18:40|1516|1882|CBG8923|107.23033905|26.6461372375|3597|179.0|-18.25|0|0|6004
07:18:44|1516|1882|CBG8923|107.238578796|26.645450592|3597|183.25|-18.25|0|0|6004
07:18:48|1516|1882|CBG8923|107.247848511|26.6447639465|3597|189.0|-17.0|0|0|6004
07:18:52|1516|1882|CBG8923|107.254199982|26.6447639465|3597|191.0|-13.5|0|0|6004
07:18:56|1516|1882|CBG8923|107.261924744|26.6445922852|3620|193.0|-11.0|3|0|6004
07:19:00|1516|1882|CBG8923|107.269821167|26.6447639465|3650|194.0|-7.25|5|0|6004
07:19:04|1516|1882|CBG8923|107.279777527|26.6445922852|3688|194.75|-5.25|7|0|6004
07:19:08|1516|1882|CBG8923|107.28767395|26.6442489624|3741|196.25|-4.75|10|0|6004
07:19:12|1516|1882|CBG8923|107.295570374|26.644077301|3795|197.25|-4.25|12|0|6004
07:19:16|1516|1882|CBG8923|107.30381012|26.6439056396|3840|197.75|-3.5|12|0|6004
07:19:20|1516|1882|CBG8923|107.311706543|26.6435623169|3894|197.75|-3.75|12|0|6004
07:19:24|1516|1882|CBG8923|107.319602966|26.6433906555|3940|197.75|-3.5|12|0|6004
07:19:28|1516|1882|CBG8923|107.327671051|26.6430473328|3993|198.25|-3.5|13|0|6004
07:19:32|1516|1882|CBG8923|107.335567474|26.6425323486|4046|198.25|-3.5|13|0|6004
07:19:36|1516|1882|CBG8923|107.343463898|26.6421890259|4092|198.25|-3.5|12|0|6004
07:19:40|1516|1882|CBG8923|107.35118866|26.6418457031|4130|198.75|-3.5|11|0|6004
07:19:44|1516|1882|CBG8923|107.359428406|26.6415023804|4161|199.25|-3.75|9|0|6004
07:19:48|1516|1882|CBG8923|107.36749649|26.6411590576|4191|199.25|-3.75|8|0|6004
07:19:52|1516|1882|CBG8923|107.375392914|26.6406440735|4214|199.25|-3.75|8|0|6004
07:19:56|1516|1882|CBG8923|107.383117676|26.6403007507|4244|199.75|-3.75|7|0|6004
07:20:00|1516|1882|CBG8923|107.391529083|26.639957428|4267|199.75|-3.75|7|0|6004
07:20:04|1516|1882|CBG8923|107.399597168|26.6396141052|4290|200.25|-3.75|7|0|6004
07:20:08|1516|1882|CBG8923|107.40732193|26.6392707825|4321|200.75|-3.75|7|0|6004
07:20:12|1516|1882|CBG8923|107.415561676|26.6389274597|4359|201.0|-3.75|7|0|6004
07:20:16|1516|1882|CBG8923|107.423801422|26.6384124756|4404|201.5|-3.75|8|0|6004
07:20:20|1516|1882|CBG8923|107.432384491|26.6380691528|4442|202.0|-3.75|9|0|6004
07:20:24|1516|1882|CBG8923|107.440280914|26.6377258301|4481|202.5|-4.25|9|0|6004
07:20:28|1516|1882|CBG8923|107.448692322|26.6372108459|4511|203.0|-4.25|9|0|6004
07:20:32|1516|1882|CBG8923|107.457103729|26.6368675232|4549|203.5|-4.25|9|0|6004
07:20:36|1516|1882|CBG8923|107.465515137|26.6365242004|4587|204.0|-3.75|9|0|6004
07:20:40|1516|1882|CBG8923|107.473583221|26.6356658936|4641|204.5|-5.75|10|0|6004
07:20:44|1516|1882|CBG8923|107.481994629|26.6346359253|4671|203.5|-8.75|10|0|6004
07:20:48|1516|1882|CBG8923|107.490577698|26.6339492798|4717|204.5|-8.75|10|0|6004
07:20:52|1516|1882|CBG8923|107.498645782|26.6337776184|4763|205.5|-6.75|10|0|6004
07:20:56|1516|1882|CBG8923|107.508602142|26.6334342957|4801|206.5|-5.75|10|0|6004
07:21:00|1516|1882|CBG8923|107.517356873|26.6327476501|4839|207.5|-6.25|9|0|6004
07:21:04|1516|1882|CBG8923|107.526111603|26.6318893433|4869|207.0|-8.25|9|0|6004
07:21:08|1516|1882|CBG8923|107.532634735|26.6305160522|4900|206.0|-13.5|8|0|6004
07:21:12|1516|1882|CBG8923|107.542247772|26.6303443909|4930|207.0|-8.75|8|0|6004
07:21:16|1516|1882|CBG8923|107.55065918|26.6298294067|4968|207.5|-7.75|9|0|6004
07:21:20|1516|1882|CBG8923|107.559070587|26.6296577454|5006|209.25|-5.75|9|0|6004
07:21:24|1516|1882|CBG8923|107.567310333|26.6293144226|5044|209.25|-5.75|9|0|6004
07:21:28|1516|1882|CBG8923|107.576065063|26.6291427612|5083|210.75|-3.5|9|0|6004
07:21:32|1516|1882|CBG8923|107.584819794|26.6284561157|5121|210.25|-5.25|9|0|6004
07:21:36|1516|1882|CBG8923|107.592544556|26.6275978088|5151|209.25|-8.25|9|0|6004
07:21:40|1516|1882|CBG8923|107.600269318|26.6265678406|5189|208.75|-10.25|9|0|6004
07:21:44|1516|1882|CBG8923|107.608509064|26.6258811951|5227|208.75|-11.0|9|0|6004
07:21:48|1516|1882|CBG8923|107.618465424|26.6260528564|5258|211.25|-5.75|9|0|6004
07:21:52|1516|1882|CBG8923|107.626876831|26.6262245178|5288|213.75|-2.5|8|0|6004
07:21:56|1516|1882|CBG8923|107.635631561|26.6263961792|5319|214.5|-0.5|8|0|6004
07:22:00|1516|1882|CBG8923|107.644386292|26.6262245178|5349|215.0|0.0|8|0|6004
07:22:04|1516|1882|CBG8923|107.65296936|26.6257095337|5380|214.5|-2.5|8|0|6004
07:22:08|1516|1882|CBG8923|107.661209106|26.6253662109|5410|213.25|-3.0|8|0|6004
07:22:12|1516|1882|CBG8923|107.668590546|26.6238212585|5433|208.75|-9.75|7|0|6004
07:22:16|1516|1882|CBG8923|107.677516937|26.6229629517|5464|212.75|-8.25|7|0|6004
07:22:20|1516|1882|CBG8923|107.686786652|26.6221046448|5494|214.25|-9.25|8|0|6004
07:22:24|1516|1882|CBG8923|107.695884705|26.6219329834|5525|216.0|-5.75|8|0|6004
07:22:28|1516|1882|CBG8923|107.704639435|26.6221046448|5563|220.0|1.5|8|0|8046
07:22:32|1516|1882|CBG8923|107.716140747|26.6224479675|5601|223.75|4.75|9|0|8107
07:22:36|1516|1882|CBG8923|107.724552155|26.620388031|5631|220.0|-7.75|9|0|8107
07:22:40|1516|1882|CBG8923|107.732105255|26.61901474|5669|216.5|-15.0|9|0|8107
07:22:44|1516|1882|CBG8923|107.740516663|26.6181564331|5707|214.5|-15.5|9|0|8107
07:22:48|1516|1882|CBG8923|107.748413086|26.617641449|5738|213.75|-13.5|9|0|8107
07:22:52|1516|1882|CBG8923|107.757511139|26.6167831421|5776|214.5|-14.0|9|0|8107
07:22:56|1516|1882|CBG8923|107.765922546|26.616268158|5806|214.5|-12.5|8|0|8107
07:23:00|1516|1882|CBG8923|107.774505615|26.6160964966|5829|214.5|-10.25|7|0|8107
07:23:04|1516|1882|CBG8923|107.783260345|26.6155815125|5852|215.0|-10.25|6|0|8107
07:23:08|1516|1882|CBG8923|107.792701721|26.6150665283|5875|216.0|-9.25|6|0|8107
07:23:12|1516|1882|CBG8923|107.801113129|26.6145515442|5890|217.0|-9.25|5|0|8107
07:23:16|1516|1882|CBG8923|107.810382843|26.6138648987|5913|218.5|-8.75|5|0|8107
07:23:20|1516|1882|CBG8923|107.81879425|26.6133499146|5944|220.5|-8.75|5|0|8107
07:23:24|1516|1882|CBG8923|107.828578949|26.6131782532|5959|220.5|-6.75|5|0|8107
07:23:28|1516|1882|CBG8923|107.837677002|26.6128349304|5982|221.25|-6.25|5|0|8107
07:23:32|1516|1882|CBG8923|107.846946716|26.6124916077|5997|222.25|-5.25|5|0|8107
07:23:36|1516|1882|CBG8923|107.856044769|26.6121482849|6012|222.75|-4.75|4|0|8107
07:23:40|1516|1882|CBG8923|107.865486145|26.6116333008|6035|224.75|-5.25|5|0|8107
07:23:44|1516|1882|CBG8923|107.874755859|26.6111183167|6058|226.25|-4.75|5|0|8107
07:23:48|1516|1882|CBG8923|107.883853912|26.6109466553|6073|226.25|-4.25|5|0|8107
07:23:52|1516|1882|CBG8923|107.891750336|26.6104316711|6104|227.75|-4.75|6|0|8107
07:23:56|1516|1882|CBG8923|107.903079987|26.6097450256|6134|230.0|-5.25|7|0|8107
07:24:00|1516|1882|CBG8923|107.912521362|26.6088867188|6165|231.5|-6.25|7|0|8107
07:24:04|1516|1882|CBG8923|107.922134399|26.6083717346|6203|232.0|-6.75|7|0|8107
07:24:08|1516|1882|CBG8923|107.931747437|26.6075134277|6233|232.0|-7.25|7|0|8107
07:24:12|1516|1882|CBG8923|107.938957214|26.607170105|6248|232.5|-7.25|8|0|8107
07:24:16|1516|1882|CBG8923|107.950115204|26.6064834595|6309|232.5|-6.75|10|0|8107
07:24:20|1516|1882|CBG8923|107.95955658|26.6059684753|6363|232.5|-6.75|11|0|8107
07:24:24|1516|1882|CBG8923|107.966938019|26.6056251526|6424|233.0|-6.75|12|0|8107
07:24:28|1516|1882|CBG8923|107.976379395|26.6051101685|6454|233.0|-6.75|13|0|8107
07:24:32|1516|1882|CBG8923|107.985649109|26.6045951843|6507|233.0|-6.25|13|0|8107
07:24:36|1516|1882|CBG8923|107.994918823|26.6040802002|6568|232.5|-6.25|12|0|8107
07:24:40|1516|1882|CBG8923|108.004703522|26.6035652161|6591|232.5|-6.25|11|0|8107
07:24:44|1516|1882|CBG8923|108.013629913|26.6032218933|6637|232.5|-6.25|10|0|8107
07:24:48|1516|1882|CBG8923|108.02324295|26.6027069092|6660|232.5|-6.25|9|0|8107
07:24:52|1516|1882|CBG8923|108.032341003|26.602191925|6698|232.0|-6.25|10|0|8107
07:24:56|1516|1882|CBG8923|108.041610718|26.6016769409|6736|232.0|-6.25|10|0|8107
07:25:00|1516|1882|CBG8923|108.050880432|26.6011619568|6774|232.0|-5.75|9|0|8107
07:25:04|1516|1882|CBG8923|108.060150146|26.6006469727|6828|231.5|-5.75|10|0|8107
07:25:08|1516|1882|CBG8923|108.07062149|26.6001319885|6866|231.5|-5.75|10|0|8107
07:25:12|1516|1882|CBG8923|108.078689575|26.5997886658|6904|231.5|-5.75|9|0|8107
07:25:16|1516|1882|CBG8923|108.08795929|26.5992736816|6934|231.5|-5.75|9|0|8107
07:25:20|1516|1882|CBG8923|108.097229004|26.5987586975|6949|231.5|-5.75|8|0|8107
07:25:24|1516|1882|CBG8923|108.106842041|26.5982437134|6980|231.5|-5.25|7|0|8107
07:25:28|1516|1882|CBG8923|108.116111755|26.5979003906|7003|231.5|-5.25|7|0|8107
07:25:32|1516|1882|CBG8923|108.124866486|26.5972137451|7033|231.5|-5.75|7|0|8107
07:25:36|1516|1882|CBG8923|108.136024475|26.596698761|7064|231.5|-6.25|7|0|8107
07:25:40|1516|1882|CBG8923|108.14409256|26.5961837769|7094|232.0|-6.25|8|0|8107
07:25:44|1516|1882|CBG8923|108.153362274|26.5956687927|7132|232.0|-6.25|8|0|8107
07:25:48|1516|1882|CBG8923|108.16280365|26.5951538086|7178|232.0|-6.25|9|0|8107
07:25:52|1516|1882|CBG8923|108.172245026|26.5946388245|7216|232.5|-6.25|10|0|8107
07:25:56|1516|1882|CBG8923|108.181686401|26.5941238403|7254|232.5|-6.25|10|0|8107
07:26:00|1516|1882|CBG8923|108.191299438|26.5936088562|7292|233.0|-6.25|9|0|8107
07:26:04|1516|1882|CBG8923|108.200397491|26.5930938721|7323|233.5|-6.25|9|0|8107
07:26:08|1516|1882|CBG8923|108.210353851|26.5925788879|7353|233.5|-6.25|8|0|8107
07:26:12|1516|1882|CBG8923|108.219795227|26.5920639038|7384|234.0|-6.25|8|0|8107
07:26:16|1516|1882|CBG8923|108.229408264|26.5913772583|7414|234.5|-6.25|8|0|8107
07:26:20|1516|1882|CBG8923|108.238162994|26.5910339355|7437|234.5|-6.25|7|0|8107
07:26:24|1516|1882|CBG8923|108.248634338|26.5905189514|7468|235.75|-5.25|7|0|8107
07:26:28|1516|1882|CBG8923|108.25876236|26.5900039673|7506|239.75|-5.25|8|0|8107
07:26:32|1516|1882|CBG8923|108.268203735|26.5893173218|7529|238.75|-6.75|7|0|8107
07:26:36|1516|1882|CBG8923|108.277301788|26.5888023376|7559|239.25|-6.25|7|0|8107
07:26:40|1516|1882|CBG8923|108.286743164|26.5882873535|7590|240.25|-6.25|8|0|8107
07:26:44|1516|1882|CBG8923|108.298244476|26.5877723694|7620|240.75|-6.25|8|0|8107
07:26:48|1516|1882|CBG8923|108.306312561|26.5874290466|7673|241.25|-4.75|10|0|8107
07:26:52|1516|1882|CBG8923|108.315753937|26.5884590149|7719|240.75|19.25|11|0|8107
07:26:56|1516|1882|CBG8923|108.327598572|26.5906906128|7750|237.75|47.25|11|0|8107
07:27:00|1516|1882|CBG8923|108.336353302|26.5925788879|7803|232.0|67.5|10|0|8107
07:27:04|1516|1882|CBG8923|108.345451355|26.5951538086|7833|228.5|79.5|9|0|8107
07:27:08|1516|1882|CBG8923|108.353862762|26.5984153748|7856|222.25|97.5|8|0|8107
07:27:12|1516|1882|CBG8923|108.363132477|26.6027069092|7879|212.75|116.25|6|0|8107
07:27:16|1516|1882|CBG8923|108.372402191|26.6054534912|7894|222.25|98.5|6|0|8107
07:27:20|1516|1882|CBG8923|108.380126953|26.6100883484|7925|209.75|122.5|6|0|8107
07:27:24|1516|1882|CBG8923|108.389396667|26.6138648987|7948|212.25|119.25|6|0|8107
07:27:28|1516|1882|CBG8923|108.397293091|26.61901474|7978|203.0|134.0|7|0|8107
07:27:32|1516|1882|CBG8923|108.405189514|26.6243362427|8009|197.25|143.75|7|0|8107
07:27:36|1516|1882|CBG8923|108.410339355|26.6320610046|8047|159.75|182.25|8|0|8107
07:27:40|1516|1882|CBG8923|108.41342926|26.6404724121|8077|109.5|211.25|7|0|8107
07:27:44|1516|1882|CBG8923|108.415660858|26.6485404968|8100|72.75|223.25|7|0|8107
07:27:48|1516|1882|CBG8923|108.420124054|26.6576385498|8115|69.5|226.25|5|0|8107
07:27:52|1516|1882|CBG8923|108.42458725|26.6633033752|8115|89.25|214.5|3|0|8107
07:27:56|1516|1882|CBG8923|108.434715271|26.6686248779|8115|149.5|178.0|2|0|8107
07:28:00|1516|1882|CBG8923|108.441925049|26.6761779785|8108|145.75|183.75|0|0|8107
07:28:04|1516|1882|CBG8923|108.446731567|26.6835594177|8108|134.0|194.75|0|0|8107
07:28:08|1516|1882|CBG8923|108.448619843|26.6893959045|8108|99.25|205.0|0|0|8107
07:28:12|1516|1882|CBG8923|108.450508118|26.6971206665|8108|70.5|213.25|0|0|8107
07:28:16|1516|1882|CBG8923|108.455314636|26.7046737671|8108|81.0|212.75|0|0|8107
07:28:20|1516|1882|CBG8923|108.461837769|26.7139434814|8108|104.25|207.0|0|0|8107
07:28:24|1516|1882|CBG8923|108.46818924|26.7206382751|8108|117.75|201.0|0|0|8107
07:28:28|1516|1882|CBG8923|108.472309113|26.7287063599|8108|97.5|212.75|0|0|8107
07:28:32|1516|1882|CBG8923|108.477973938|26.7348861694|8108|119.25|205.0|0|0|8107
07:28:36|1516|1882|CBG8923|108.48449707|26.7415809631|8108|133.5|199.75|0|0|8107
07:28:40|1516|1882|CBG8923|108.490848541|26.7506790161|8108|127.25|204.0|0|0|8107
07:28:44|1516|1882|CBG8923|108.495998383|26.7561721802|8108|132.75|202.5|0|0|8107
07:28:48|1516|1882|CBG8923|108.503551483|26.7645835876|8108|137.5|202.0|0|0|8107
07:28:52|1516|1882|CBG8923|108.509044647|26.7719650269|8108|135.0|203.5|0|0|8107
07:28:56|1516|1882|CBG8923|108.514537811|26.7786598206|8108|135.0|203.5|0|0|8107
07:29:00|1516|1882|CBG8923|108.516426086|26.787071228|8108|101.25|218.5|0|0|8107
07:29:04|1516|1882|CBG8923|108.521404266|26.7939376831|8108|111.0|212.75|0|0|8107
07:29:08|1516|1882|CBG8923|108.526554108|26.8009757996|8108|116.75|208.25|0|0|8107
07:29:12|1516|1882|CBG8923|108.532047272|26.8090438843|8108|117.75|208.75|0|0|8107
07:29:16|1516|1882|CBG8923|108.53805542|26.8164253235|8108|125.0|206.0|0|0|8107
07:29:20|1516|1882|CBG8923|108.542690277|26.8236351013|8108|120.0|208.75|0|0|8107
07:29:24|1516|1882|CBG8923|108.548355103|26.8313598633|8108|123.0|208.25|0|0|8107
07:29:28|1516|1882|CBG8923|108.553676605|26.8383979797|8108|124.5|208.25|0|0|8107
07:29:32|1516|1882|CBG8923|108.559341431|26.8461227417|8108|125.0|209.25|0|0|8107
07:29:36|1516|1882|CBG8923|108.564834595|26.8528175354|8108|126.75|206.5|0|0|8107
07:29:40|1516|1882|CBG8923|108.569812775|26.8596839905|8108|126.0|206.0|0|0|8107
07:29:44|1516|1882|CBG8923|108.574447632|26.8672370911|8108|122.5|207.5|0|0|8107
07:29:48|1516|1882|CBG8923|108.579425812|26.8758201599|8108|119.25|210.75|0|0|8107
07:29:52|1516|1882|CBG8923|108.584575653|26.882686615|8108|122.0|209.75|0|0|8107
07:29:56|1516|1882|CBG8923|108.59041214|26.8898963928|8108|129.75|206.5|0|0|8107
07:30:00|1516|1882|CBG8923|108.596591949|26.8960762024|8108|142.75|198.25|0|0|8107
07:30:04|1516|1882|CBG8923|108.602771759|26.9034576416|8108|139.75|200.25|0|0|8107
07:30:08|1516|1882|CBG8923|108.608608246|26.9106674194|8108|139.75|200.75|0|0|8107
07:30:12|1516|1882|CBG8923|108.613929749|26.9177055359|8108|138.0|201.0|0|0|8107
07:30:16|1516|1882|CBG8923|108.618736267|26.9247436523|8108|134.0|204.0|0|0|8107
07:30:20|1516|1882|CBG8923|108.624229431|26.9326400757|8108|131.25|206.0|0|0|8107
07:30:24|1516|1882|CBG8923|108.628349304|26.9415664673|8108|117.75|213.75|0|0|8107
07:30:28|1516|1882|CBG8923|108.632640839|26.9480895996|8108|117.25|213.25|0|0|8107
07:30:32|1516|1882|CBG8923|108.638477325|26.9556427002|8108|123.0|210.75|0|0|8107
07:30:36|1516|1882|CBG8923|108.644657135|26.9625091553|8108|130.25|206.5|0|0|8107
07:30:40|1516|1882|CBG8923|108.649978638|26.9698905945|8108|126.75|208.75|0|0|8107
07:30:44|1516|1882|CBG8923|108.655471802|26.9771003723|8108|127.75|208.75|0|0|8107
07:30:48|1516|1882|CBG8923|108.660449982|26.9843101501|8108|126.0|208.75|0|0|8107
07:30:52|1516|1882|CBG8923|108.66645813|26.992893219|8108|125.5|209.75|0|0|8107
07:30:56|1516|1882|CBG8923|108.672122955|27.0007896423|8108|126.0|210.25|0|0|8107
07:31:00|1516|1882|CBG8923|108.677616119|27.0083427429|8108|126.25|210.25|0|0|8107
07:31:04|1516|1882|CBG8923|108.682250977|27.013835907|8108|127.25|209.25|0|0|8107
07:31:08|1516|1882|CBG8923|108.688602448|27.0231056213|8108|126.25|209.75|0|0|8107
07:31:12|1516|1882|CBG8923|108.693580627|27.0304870605|8108|125.0|209.75|0|0|8107
07:31:16|1516|1882|CBG8923|108.698215485|27.037525177|8108|122.5|210.75|0|0|8107
07:31:20|1516|1882|CBG8923|108.703193665|27.0445632935|8108|122.0|210.25|0|0|8107
07:31:24|1516|1882|CBG8923|108.708000183|27.0522880554|8108|120.0|211.25|0|0|8107
07:31:28|1516|1882|CBG8923|108.712120056|27.0588111877|8108|118.75|211.25|0|0|8107
07:31:32|1516|1882|CBG8923|108.718299866|27.0668792725|8108|120.5|209.75|0|0|8107
07:31:36|1516|1882|CBG8923|108.72379303|27.0737457275|8108|123.0|208.25|0|0|8107
07:31:40|1516|1882|CBG8923|108.728256226|27.0814704895|8108|119.25|210.25|0|0|8107
07:31:44|1516|1882|CBG8923|108.732891083|27.0890235901|8108|117.75|210.75|0|0|8107
07:31:48|1516|1882|CBG8923|108.737869263|27.0960617065|8108|118.25|210.25|0|0|8107
07:31:52|1516|1882|CBG8923|108.743190765|27.1034431458|8108|119.25|210.25|0|0|8107
07:31:56|1516|1882|CBG8923|108.748683929|27.1111679077|8108|120.0|209.75|0|0|8107
07:32:00|1516|1882|CBG8923|108.754520416|27.1194076538|8108|120.0|210.25|0|0|8107
07:32:04|1516|1882|CBG8923|108.758983612|27.1257591248|8108|120.5|210.25|0|0|8107
07:32:08|1516|1882|CBG8923|108.764476776|27.1329689026|8108|122.0|208.75|0|0|8107
07:32:12|1516|1882|CBG8923|108.769626617|27.1401786804|8108|122.5|209.25|0|0|8107
07:32:16|1516|1882|CBG8923|108.77494812|27.1470451355|8108|123.0|208.75|0|0|8107
07:32:20|1516|1882|CBG8923|108.780097961|27.1542549133|8108|123.0|208.25|0|0|8107
07:32:24|1516|1882|CBG8923|108.786621094|27.1631813049|8108|123.5|208.25|0|0|8107
07:32:28|1516|1882|CBG8923|108.791770935|27.1702194214|8108|123.5|208.25|0|0|8107
07:32:32|1516|1882|CBG8923|108.797092438|27.1776008606|8108|123.5|208.25|0|0|8107
07:32:36|1516|1882|CBG8923|108.801727295|27.1839523315|8108|123.5|208.25|0|0|8107
07:32:40|1516|1882|CBG8923|108.808078766|27.1925354004|8108|123.5|208.25|0|0|8107
07:32:44|1516|1882|CBG8923|108.812198639|27.1983718872|8108|124.0|208.75|0|0|8107
07:32:48|1516|1882|CBG8923|108.818893433|27.2072982788|8108|125.0|208.75|0|0|8107
07:32:52|1516|1882|CBG8923|108.824558258|27.2145080566|8108|127.25|207.5|0|0|8107
07:32:56|1516|1882|CBG8923|108.829708099|27.2213745117|8108|127.25|207.5|0|0|8107
07:33:00|1516|1882|CBG8923|108.835716248|27.2287559509|8108|128.75|207.0|0|0|8107
07:33:04|1516|1882|CBG8923|108.841381073|27.2366523743|8108|126.25|208.25|0|0|8107
07:33:08|1516|1882|CBG8923|108.847045898|27.243347168|8108|129.75|207.0|0|0|8107
07:33:12|1516|1882|CBG8923|108.852024078|27.2515869141|8108|125.5|209.25|0|0|8107
07:33:16|1516|1882|CBG8923|108.856658936|27.2575950623|8108|126.0|208.75|0|0|8107
07:33:20|1516|1882|CBG8923|108.861808777|27.2646331787|8108|125.5|208.75|0|0|8107
07:33:24|1516|1882|CBG8923|108.867473602|27.2718429565|8108|127.25|208.25|0|0|8107
07:33:28|1516|1882|CBG8923|108.873310089|27.2795677185|8108|127.25|208.75|0|0|8107
07:33:32|1516|1882|CBG8923|108.879146576|27.2872924805|8108|127.75|208.75|0|0|8107
07:33:36|1516|1882|CBG8923|108.884468079|27.2943305969|8108|128.25|209.25|0|0|8107
07:33:40|1516|1882|CBG8923|108.890132904|27.3015403748|8108|129.25|209.25|0|0|8107
07:33:44|1516|1882|CBG8923|108.895626068|27.308921814|8108|129.25|209.75|0|0|8107
07:33:48|1516|1882|CBG8923|108.901119232|27.3164749146|8108|128.75|210.25|0|0|8107
07:33:52|1516|1882|CBG8923|108.906440735|27.3240280151|8108|128.25|211.25|0|0|8107
07:33:56|1516|1882|CBG8923|108.911762238|27.3314094543|8108|127.75|211.25|0|0|8107
07:34:00|1516|1882|CBG8923|108.917427063|27.338104248|8108|128.25|209.25|0|0|8107
07:34:04|1516|1882|CBG8923|108.922748566|27.3453140259|8108|127.25|209.25|0|0|8107
07:34:08|1516|1882|CBG8923|108.925151825|27.3538970947|8108|76.75|225.75|0|0|8107
07:34:12|1516|1882|CBG8923|108.93201828|27.3621368408|8108|111.0|214.25|0|0|8107
07:34:16|1516|1882|CBG8923|108.93819809|27.3693466187|8108|121.5|209.75|0|0|8107
07:34:20|1516|1882|CBG8923|108.943862915|27.3762130737|8108|126.0|207.5|0|0|8107
07:34:24|1516|1882|CBG8923|108.949699402|27.3832511902|8108|127.75|206.5|0|0|8107
07:34:28|1516|1882|CBG8923|108.955020905|27.3909759521|8108|126.75|208.25|0|0|8107
07:34:32|1516|1882|CBG8923|108.960342407|27.3985290527|8108|126.25|209.25|0|0|8107
07:34:36|1516|1882|CBG8923|108.96566391|27.4060821533|8108|126.0|210.75|0|0|8107
07:34:40|1516|1882|CBG8923|108.970813751|27.4136352539|8108|125.0|211.75|0|0|8107
07:34:44|1516|1882|CBG8923|108.975791931|27.4215316772|8108|124.0|212.75|0|0|8107
07:34:48|1516|1882|CBG8923|108.980770111|27.4294281006|8108|123.0|214.25|0|0|8107
07:34:52|1516|1882|CBG8923|108.985919952|27.4373245239|8108|122.0|215.0|0|0|9509
07:34:56|1516|1882|CBG8923|108.990898132|27.4450492859|8108|121.5|215.5|0|0|9479
07:35:00|1516|1882|CBG8923|108.996219635|27.4529457092|8108|120.5|215.5|0|0|9479
07:35:04|1516|1882|CBG8923|109.001197815|27.4599838257|8108|121.0|215.5|0|0|9479
07:35:08|1516|1882|CBG8923|109.006347656|27.4675369263|8108|121.0|215.5|0|0|9479
07:35:12|1516|1882|CBG8923|109.011325836|27.4752616882|8138|120.5|216.0|3|0|9479
07:35:16|1516|1882|CBG8923|109.016647339|27.4831581116|8161|120.0|216.0|5|0|9479
07:35:20|1516|1882|CBG8923|109.02179718|27.490196228|8207|120.5|215.5|7|0|9479
07:35:24|1516|1882|CBG8923|109.026432037|27.4958610535|8237|110.0|207.5|7|0|9479
07:35:28|1516|1882|CBG8923|109.031925201|27.5032424927|8268|114.25|209.25|7|0|9479
07:35:32|1516|1882|CBG8923|109.037590027|27.5107955933|8298|118.25|210.25|8|0|9479
07:35:36|1516|1882|CBG8923|109.042568207|27.5176620483|8329|120.5|211.25|8|0|9479
07:35:40|1516|1882|CBG8923|109.048233032|27.5252151489|8359|122.5|212.25|8|0|9479
07:35:44|1516|1882|CBG8923|109.053726196|27.5327682495|8390|123.5|212.75|8|0|9479
07:35:48|1516|1882|CBG8923|109.059562683|27.5408363342|8420|123.5|213.25|7|0|9479
07:35:52|1516|1882|CBG8923|109.064712524|27.5480461121|8443|124.5|214.25|7|0|9479
07:35:56|1516|1882|CBG8923|109.070205688|27.555770874|8466|125.5|215.0|7|0|9479
07:36:00|1516|1882|CBG8923|109.075870514|27.5636672974|8496|125.0|215.0|7|0|9479
07:36:04|1516|1882|CBG8923|109.081020355|27.5712203979|8519|125.5|216.5|7|0|9479
07:36:08|1516|1882|CBG8923|109.087715149|27.5810050964|8542|125.5|217.0|6|0|9479
07:36:12|1516|1882|CBG8923|109.093036652|27.5887298584|8565|125.0|217.5|6|0|9479
07:36:16|1516|1882|CBG8923|109.098358154|27.596282959|8588|125.5|217.5|6|0|9479
07:36:20|1516|1882|CBG8923|109.10402298|27.6043510437|8603|124.5|217.5|6|0|9479
07:36:24|1516|1882|CBG8923|109.10779953|27.6101875305|8626|124.0|218.0|6|0|9479
07:36:28|1516|1882|CBG8923|109.114322662|27.6192855835|8649|124.5|218.5|5|0|9479
07:36:32|1516|1882|CBG8923|109.119987488|27.6251220703|8672|126.0|215.5|5|0|9479
07:36:36|1516|1882|CBG8923|109.125480652|27.6306152344|8694|126.25|212.25|6|0|9479
07:36:40|1516|1882|CBG8923|109.130973816|27.6376533508|8710|126.25|212.25|5|0|9479
07:36:44|1516|1882|CBG8923|109.137325287|27.6464080811|8733|126.0|212.25|5|0|9479
07:36:48|1516|1882|CBG8923|109.141788483|27.6524162292|8748|126.0|211.75|5|0|9479
07:36:52|1516|1882|CBG8923|109.147281647|27.6596260071|8771|126.25|211.75|5|0|9479
07:36:56|1516|1882|CBG8923|109.153804779|27.6688957214|8778|125.0|212.25|4|0|9479
07:37:00|1516|1882|CBG8923|109.157238007|27.6749038696|8786|122.0|213.75|3|0|9479
07:37:04|1516|1882|CBG8923|109.161701202|27.6845169067|8801|111.5|217.0|3|0|9479
07:37:08|1516|1882|CBG8923|109.165992737|27.6918983459|8809|111.0|217.0|3|0|9479
07:37:12|1516|1882|CBG8923|109.171142578|27.6997947693|8832|112.75|216.0|4|0|9479
07:37:16|1516|1882|CBG8923|109.176292419|27.7073478699|8854|114.75|215.5|4|0|9479
07:37:20|1516|1882|CBG8923|109.181613922|27.7149009705|8870|116.75|215.5|5|0|9479
07:37:24|1516|1882|CBG8923|109.186935425|27.7221107483|8893|119.25|216.0|5|0|9479
07:37:28|1516|1882|CBG8923|109.192943573|27.730178833|8900|121.0|216.0|4|0|9479
07:37:32|1516|1882|CBG8923|109.198608398|27.737903595|8908|123.0|217.5|4|0|9479
07:37:36|1516|1882|CBG8923|109.204444885|27.7458000183|8923|125.0|219.0|3|0|9479
07:37:40|1516|1882|CBG8923|109.210281372|27.7535247803|8931|127.75|222.75|3|0|9479
07:37:44|1516|1882|CBG8923|109.21628952|27.761592865|8946|129.75|224.25|3|0|9479
07:37:48|1516|1882|CBG8923|109.221954346|27.7696609497|8961|129.25|224.75|3|0|9479
07:37:52|1516|1882|CBG8923|109.227619171|27.777557373|8976|129.25|224.75|3|0|9479
07:37:56|1516|1882|CBG8923|109.233112335|27.7854537964|8984|128.75|224.75|3|0|9479
07:38:00|1516|1882|CBG8923|109.238777161|27.7933502197|8992|129.25|225.25|3|0|9479
07:38:04|1516|1882|CBG8923|109.244270325|27.8012466431|9007|128.75|225.75|3|0|9479
07:38:08|1516|1882|CBG8923|109.249763489|27.8091430664|9014|128.75|225.75|3|0|9479
07:38:12|1516|1882|CBG8923|109.255084991|27.8168678284|9030|128.75|227.25|3|0|9479
07:38:16|1516|1882|CBG8923|109.26109314|27.8254508972|9053|129.25|227.25|4|0|9479
07:38:20|1516|1882|CBG8923|109.266242981|27.8330039978|9075|128.75|228.0|5|0|9479
07:38:24|1516|1882|CBG8923|109.272251129|27.8414154053|9106|129.75|230.0|6|0|9479
07:38:28|1516|1882|CBG8923|109.277744293|27.8498268127|9129|129.75|232.0|6|0|9479
07:38:32|1516|1882|CBG8923|109.282207489|27.8582382202|9152|126.75|235.0|6|0|9479
07:38:36|1516|1882|CBG8923|109.285469055|27.8671646118|9174|112.0|241.75|6|0|9479
07:38:40|1516|1882|CBG8923|109.289073944|27.8762626648|9190|84.0|249.75|5|0|9479
07:38:44|1516|1882|CBG8923|109.293365479|27.8870773315|9213|76.25|250.75|5|0|9479
07:38:48|1516|1882|CBG8923|109.296455383|27.8953170776|9235|71.0|250.25|5|0|9479
07:38:52|1516|1882|CBG8923|109.299201965|27.9026985168|9251|70.0|250.25|5|0|9479
07:38:56|1516|1882|CBG8923|109.302463531|27.9114532471|9266|69.5|249.25|4|0|9479
07:39:00|1516|1882|CBG8923|109.305896759|27.9202079773|9281|68.5|249.25|4|0|9479
07:39:04|1516|1882|CBG8923|109.30847168|27.9289627075|9296|63.25|249.25|4|0|9479
07:39:08|1516|1882|CBG8923|109.310874939|27.9389190674|9319|54.0|248.5|5|0|9479
07:39:12|1516|1882|CBG8923|109.312763214|27.9476737976|9342|49.25|247.5|5|0|9479
07:39:16|1516|1882|CBG8923|109.314479828|27.9557418823|9365|46.25|247.5|6|0|9479
07:39:20|1516|1882|CBG8923|109.316196442|27.9643249512|9388|43.5|246.5|6|0|9479
07:39:24|1516|1882|CBG8923|109.317913055|27.9727363586|9403|42.0|245.5|5|0|9479
07:39:28|1516|1882|CBG8923|109.319801331|27.9811477661|9418|42.0|245.0|5|0|9479
07:39:32|1516|1882|CBG8923|109.321689606|27.989730835|9441|41.5|244.5|5|0|9479
07:39:36|1516|1882|CBG8923|109.323406219|27.9981422424|9464|40.0|244.0|5|0|9479
07:39:40|1516|1882|CBG8923|109.324951172|28.0065536499|9479|38.5|243.5|5|0|9479
07:39:44|1516|1882|CBG8923|109.326667786|28.0154800415|9495|37.25|243.0|4|0|9479
07:39:48|1516|1882|CBG8923|109.328212738|28.0247497559|9487|35.75|242.5|2|0|9479
07:39:52|1516|1882|CBG8923|109.329242706|28.0317878723|9479|33.25|242.0|0|0|9479
07:39:56|1516|1882|CBG8923|109.331130981|28.0403709412|9479|33.75|242.0|0|0|9479
07:40:00|1516|1882|CBG8923|109.332847595|28.04895401|9479|34.25|241.75|0|0|9479
07:40:04|1516|1882|CBG8923|109.33473587|28.0571937561|9479|34.25|241.25|0|0|9479
07:40:08|1516|1882|CBG8923|109.33713913|28.0678367615|9479|34.75|241.25|0|0|9479
07:40:12|1516|1882|CBG8923|109.339027405|28.0764198303|9479|35.25|241.75|0|0|9479
07:40:16|1516|1882|CBG8923|109.340572357|28.0834579468|9479|35.25|241.75|0|0|9479
07:40:20|1516|1882|CBG8923|109.342460632|28.0923843384|9479|35.75|241.75|0|0|9479
07:40:24|1516|1882|CBG8923|109.344520569|28.1016540527|9479|35.75|242.0|0|0|9479
07:40:28|1516|1882|CBG8923|109.346408844|28.1100654602|9479|35.75|242.0|0|0|9479
07:40:32|1516|1882|CBG8923|109.348297119|28.1186485291|9479|35.75|242.0|0|0|9479
07:40:36|1516|1882|CBG8923|109.350185394|28.1274032593|9479|35.75|242.0|0|0|9479
07:40:40|1516|1882|CBG8923|109.352073669|28.1359863281|9479|35.75|242.0|0|0|9479
07:40:44|1516|1882|CBG8923|109.354133606|28.1447410583|9479|35.75|242.0|0|0|9479
07:40:48|1516|1882|CBG8923|109.356021881|28.1533241272|9479|35.75|242.0|0|0|9479
07:40:52|1516|1882|CBG8923|109.357910156|28.1620788574|9479|35.75|242.0|0|0|9479
07:40:56|1516|1882|CBG8923|109.359970093|28.1715202332|9479|36.25|242.0|0|0|9479
07:41:00|1516|1882|CBG8923|109.361858368|28.1795883179|9479|36.25|242.0|0|0|9479
07:41:04|1516|1882|CBG8923|109.363746643|28.1881713867|9479|35.75|242.0|0|0|9479
07:41:08|1516|1882|CBG8923|109.365463257|28.1967544556|9479|35.75|241.75|0|0|9479
07:41:12|1516|1882|CBG8923|109.367351532|28.2048225403|9479|35.75|241.75|0|0|9479
07:41:16|1516|1882|CBG8923|109.369239807|28.2140922546|9479|35.75|241.75|0|0|9479
07:41:20|1516|1882|CBG8923|109.371128082|28.2225036621|9479|35.75|241.75|0|0|9479
07:41:24|1516|1882|CBG8923|109.373016357|28.231086731|9479|35.25|241.25|0|0|9479
07:41:28|1516|1882|CBG8923|109.374904633|28.2393264771|9479|35.25|241.25|0|0|9479
07:41:32|1516|1882|CBG8923|109.376792908|28.2480812073|9479|35.75|241.25|0|0|9479
07:41:36|1516|1882|CBG8923|109.378681183|28.2564926147|9479|35.25|241.25|0|0|9479
07:41:40|1516|1882|CBG8923|109.380741119|28.2655906677|9479|35.75|241.25|0|0|9479
07:41:44|1516|1882|CBG8923|109.382629395|28.2741737366|9479|35.75|241.25|0|0|9479
07:41:48|1516|1882|CBG8923|109.384346008|28.2824134827|9479|35.75|240.75|0|0|9479
07:41:52|1516|1882|CBG8923|109.386234283|28.2908248901|9479|35.25|240.75|0|0|9479
07:41:56|1516|1882|CBG8923|109.388122559|28.299407959|9479|35.75|241.25|0|0|9479
07:42:00|1516|1882|CBG8923|109.390010834|28.3078193665|9479|35.75|240.75|0|0|9479
07:42:04|1516|1882|CBG8923|109.391899109|28.3165740967|9479|35.75|240.75|0|0|9479
07:42:08|1516|1882|CBG8923|109.394130707|28.3253288269|9479|36.75|240.75|0|0|9479
07:42:12|1516|1882|CBG8923|109.397735596|28.3337402344|9479|70.0|234.0|0|0|9479
07:42:16|1516|1882|CBG8923|109.400997162|28.3414649963|9479|74.75|233.0|0|0|9479
07:42:20|1516|1882|CBG8923|109.405117035|28.3497047424|9479|89.25|229.0|0|0|9479
07:42:24|1516|1882|CBG8923|109.410095215|28.3577728271|9479|103.25|226.25|0|0|9479
07:42:28|1516|1882|CBG8923|109.413871765|28.3665275574|9479|97.0|231.5|0|0|9479
07:42:32|1516|1882|CBG8923|109.420909882|28.3766555786|9479|109.5|230.0|0|0|9479
07:42:36|1516|1882|CBG8923|109.428806305|28.3842086792|9479|134.5|221.25|0|0|9479
07:42:40|1516|1882|CBG8923|109.43687439|28.3915901184|9479|145.75|218.0|0|0|9479
07:42:44|1516|1882|CBG8923|109.44562912|28.3984565735|9479|162.0|210.25|0|0|9479
07:42:48|1516|1882|CBG8923|109.452495575|28.4037780762|9479|170.75|207.0|0|0|9479
07:42:52|1516|1882|CBG8923|109.462966919|28.4120178223|9479|178.0|203.5|0|0|9479
07:42:56|1516|1882|CBG8923|109.473953247|28.4135627747|9479|224.75|156.25|0|0|9479
07:43:00|1516|1882|CBG8923|109.485111237|28.4166526794|9479|247.0|121.5|0|0|9479
07:43:04|1516|1882|CBG8923|109.495925903|28.4211158752|9479|251.75|116.25|0|0|9479
07:43:08|1516|1882|CBG8923|109.506568909|28.4257507324|9479|253.25|116.75|0|0|9479
07:43:12|1516|1882|CBG8923|109.51789856|28.4295272827|9479|258.0|112.0|0|0|9479
07:43:16|1516|1882|CBG8923|109.530086517|28.4326171875|9479|266.75|101.75|0|0|9479
07:43:20|1516|1882|CBG8923|109.542446136|28.4348487854|9479|275.75|85.25|0|0|9479
07:43:24|1516|1882|CBG8923|109.555664062|28.4363937378|9479|286.0|65.5|0|0|9479
07:43:28|1516|1882|CBG8923|109.568367004|28.4370803833|9479|295.25|44.25|0|0|9479
07:43:32|1516|1882|CBG8923|109.581241608|28.4374237061|9479|296.5|29.5|0|0|9479
07:43:36|1516|1882|CBG8923|109.597892761|28.4408569336|9479|303.25|44.75|0|0|9479
07:43:40|1516|1882|CBG8923|109.611282349|28.4418869019|9479|307.75|38.5|0|0|9479
07:43:44|1516|1882|CBG8923|109.623126984|28.4432601929|9479|306.75|44.25|0|0|9479
07:43:48|1516|1882|CBG8923|109.634456635|28.4461784363|9479|303.0|62.25|0|0|9479
07:43:52|1516|1882|CBG8923|109.646987915|28.4496116638|9479|296.25|86.25|0|0|9479
07:43:56|1516|1882|CBG8923|109.658317566|28.4532165527|9479|289.75|102.25|0|0|9479
07:44:00|1516|1882|CBG8923|109.670677185|28.4575080872|9479|285.0|112.75|0|0|9479
07:44:04|1516|1882|CBG8923|109.682178497|28.4609413147|9479|284.0|112.25|0|0|9479
07:44:08|1516|1882|CBG8923|109.693164825|28.4648895264|9479|280.75|117.75|0|0|9479
07:44:12|1516|1882|CBG8923|109.70500946|28.4696960449|9479|276.25|126.25|0|0|9479
07:44:16|1516|1882|CBG8923|109.716339111|28.473815918|9479|276.25|126.75|0|0|9479
07:44:20|1516|1882|CBG8923|109.726810455|28.4774208069|9479|276.25|125.5|0|0|9479
07:44:24|1516|1882|CBG8923|109.738311768|28.4813690186|9479|276.25|126.0|0|0|9479
07:44:28|1516|1882|CBG8923|109.750671387|28.4865188599|9479|273.0|129.25|0|0|9479
07:44:32|1516|1882|CBG8923|109.761314392|28.491153717|9479|270.0|133.0|0|0|9479
07:44:36|1516|1882|CBG8923|109.772815704|28.4957885742|9479|269.5|133.5|0|0|9479
07:44:40|1516|1882|CBG8923|109.783973694|28.50025177|9479|269.5|134.5|0|0|9479
07:44:44|1516|1882|CBG8923|109.792556763|28.5036849976|9479|268.75|135.0|0|0|9479
07:44:48|1516|1882|CBG8923|109.806289673|28.5091781616|9479|268.75|136.0|0|0|9479
07:44:52|1516|1882|CBG8923|109.815044403|28.5127830505|9479|268.25|137.0|0|0|9479
07:44:56|1516|1882|CBG8923|109.826889038|28.5175895691|9479|267.75|137.5|0|0|9479
07:45:00|1516|1882|CBG8923|109.837875366|28.5220527649|9479|267.75|138.0|0|0|9479
07:45:04|1516|1882|CBG8923|109.84834671|28.5263442993|9479|267.75|138.0|0|0|9479
07:45:08|1516|1882|CBG8923|109.862422943|28.5318374634|9479|267.75|138.0|0|0|9479
07:45:12|1516|1882|CBG8923|109.870662689|28.5352706909|9479|267.75|138.0|0|0|9479
07:45:16|1516|1882|CBG8923|109.884567261|28.540763855|9479|267.75|138.5|0|0|9479
07:45:20|1516|1882|CBG8923|109.895553589|28.5453987122|9479|267.25|139.0|0|0|9479
07:45:24|1516|1882|CBG8923|109.906711578|28.549861908|9479|267.25|139.0|0|0|9479
07:45:28|1516|1882|CBG8923|109.917697906|28.5543251038|9479|267.25|139.0|0|0|9479
07:45:32|1516|1882|CBG8923|109.928684235|28.5589599609|9479|266.75|139.5|0|0|9479
07:45:36|1516|1882|CBG8923|109.937267303|28.5627365112|9479|266.25|139.75|0|0|9479
07:45:40|1516|1882|CBG8923|109.950485229|28.5682296753|9479|265.75|140.25|0|0|9479
07:45:44|1516|1882|CBG8923|109.960269928|28.5726928711|9479|264.75|141.25|0|0|9479
07:45:48|1516|1882|CBG8923|109.971942902|28.5778427124|9479|263.75|142.25|0|0|9479
07:45:52|1516|1882|CBG8923|109.9817276|28.5819625854|9479|263.25|142.25|0|0|9479
07:45:56|1516|1882|CBG8923|109.99288559|28.5865974426|9479|263.25|142.25|0|0|9479
07:46:00|1516|1882|CBG8923|110.004043579|28.5912322998|9479|263.25|141.75|0|0|9479
07:46:04|1516|1882|CBG8923|110.015029907|28.595867157|9479|263.25|141.75|0|0|9479
07:46:08|1516|1882|CBG8923|110.026359558|28.6005020142|9479|263.25|141.75|0|0|9479
07:46:12|1516|1882|CBG8923|110.037174225|28.60496521|9479|263.75|141.75|0|0|9479
07:46:16|1516|1882|CBG8923|110.048160553|28.6096000671|9479|263.25|141.75|0|0|9479
07:46:20|1516|1882|CBG8923|110.058631897|28.6138916016|9479|263.25|141.75|0|0|9479
07:46:24|1516|1882|CBG8923|110.069961548|28.6185264587|9479|263.25|141.25|0|0|9479
07:46:28|1516|1882|CBG8923|110.08146286|28.6233329773|9479|263.25|141.25|0|0|9479
07:46:32|1516|1882|CBG8923|110.092105865|28.6277961731|9479|263.25|141.25|0|0|9479
07:46:36|1516|1882|CBG8923|110.103092194|28.6324310303|9479|263.25|141.25|0|0|9479
07:46:40|1516|1882|CBG8923|110.114078522|28.6368942261|9479|263.25|141.25|0|0|9479
07:46:44|1516|1882|CBG8923|110.124378204|28.6411857605|9479|262.75|141.25|0|0|9479
07:46:48|1516|1882|CBG8923|110.136222839|28.6461639404|9479|263.25|141.25|0|0|9479
07:46:52|1516|1882|CBG8923|110.147380829|28.6507987976|9479|263.25|141.25|0|0|9479
07:46:56|1516|1882|CBG8923|110.158195496|28.6552619934|9479|262.75|141.25|0|0|9479
07:47:00|1516|1882|CBG8923|110.169868469|28.660068512|9479|262.75|141.25|0|0|9479
07:47:04|1516|1882|CBG8923|110.18119812|28.6648750305|9479|262.75|141.25|0|0|9479
07:47:08|1516|1882|CBG8923|110.192871094|28.6696815491|9479|262.75|141.25|0|0|9479
07:47:12|1516|1882|CBG8923|110.202484131|28.6736297607|9479|262.75|141.25|0|0|9479
07:47:16|1516|1882|CBG8923|110.213298798|28.6780929565|9479|262.75|141.25|0|0|9479
07:47:20|1516|1882|CBG8923|110.224456787|28.6827278137|9479|263.25|141.25|0|0|9479
07:47:24|1516|1882|CBG8923|110.235786438|28.6873626709|9479|263.25|141.25|0|0|9479
07:47:28|1516|1882|CBG8923|110.246944427|28.6919975281|9479|263.25|141.25|0|0|9479
07:47:32|1516|1882|CBG8923|110.259132385|28.6971473694|9479|263.25|141.25|0|0|9479
07:47:36|1516|1882|CBG8923|110.270290375|28.7016105652|9479|263.75|141.25|0|0|9479
07:47:40|1516|1882|CBG8923|110.281448364|28.7062454224|9479|263.75|141.75|0|0|9479
07:47:44|1516|1882|CBG8923|110.290546417|28.7100219727|9479|263.75|141.75|0|0|9479
07:47:48|1516|1882|CBG8923|110.302219391|28.7148284912|9479|263.75|141.75|0|0|9479
07:47:52|1516|1882|CBG8923|110.314922333|28.7199783325|9479|263.75|141.75|0|0|9479
07:47:56|1516|1882|CBG8923|110.324707031|28.7240982056|9479|264.25|141.75|0|0|9479
07:48:00|1516|1882|CBG8923|110.337238312|28.7292480469|9479|264.25|141.75|0|0|9479
07:48:04|1516|1882|CBG8923|110.347194672|28.7333679199|9479|264.25|141.75|0|0|9479
07:48:08|1516|1882|CBG8923|110.358867645|28.7381744385|9479|264.25|141.75|0|0|9479
07:48:12|1516|1882|CBG8923|110.370368958|28.742980957|9479|264.25|142.25|0|0|9479
07:48:16|1516|1882|CBG8923|110.381526947|28.7476158142|9479|264.75|142.25|0|0|9479
07:48:20|1516|1882|CBG8923|110.392513275|28.75207901|9479|264.75|142.25|0|0|9479
07:48:24|1516|1882|CBG8923|110.403499603|28.7567138672|9479|264.25|142.25|0|0|9479
07:48:28|1516|1882|CBG8923|110.414485931|28.761177063|9479|264.25|142.25|0|0|9479
07:48:32|1516|1882|CBG8923|110.425643921|28.7658119202|9479|264.25|142.25|0|0|9479
07:48:36|1516|1882|CBG8923|110.43680191|28.7704467773|9479|264.75|142.25|0|0|9479
07:48:40|1516|1882|CBG8923|110.447616577|28.7749099731|9479|264.75|142.25|0|0|9479
07:48:44|1516|1882|CBG8923|110.458774567|28.7793731689|9479|264.75|142.25|0|0|9479
07:48:48|1516|1882|CBG8923|110.469760895|28.7840080261|9479|264.25|142.25|0|0|9479
07:48:52|1516|1882|CBG8923|110.480747223|28.7884712219|9479|264.75|142.25|0|0|9479
07:48:56|1516|1882|CBG8923|110.491905212|28.7931060791|9479|264.75|142.25|0|0|9479
07:49:00|1516|1882|CBG8923|110.503063202|28.7975692749|9479|264.75|142.25|0|0|9479
07:49:04|1516|1882|CBG8923|110.514221191|28.8022041321|9479|264.75|142.25|0|0|9479
07:49:08|1516|1882|CBG8923|110.52520752|28.8066673279|9479|264.75|142.25|0|0|9479
07:49:12|1516|1882|CBG8923|110.536193848|28.8113021851|9479|264.75|142.25|0|0|9479
07:49:16|1516|1882|CBG8923|110.547351837|28.8159370422|9479|264.75|142.25|0|0|9479
07:49:20|1516|1882|CBG8923|110.558338165|28.820400238|9479|264.75|142.75|0|0|9479
07:49:24|1516|1882|CBG8923|110.570526123|28.825378418|9479|265.25|142.75|0|0|9479
07:49:28|1516|1882|CBG8923|110.580997467|28.8296699524|9479|265.25|142.75|0|0|9479
07:49:32|1516|1882|CBG8923|110.592155457|28.8343048096|9479|265.25|142.75|0|0|9479
07:49:36|1516|1882|CBG8923|110.602970123|28.8387680054|9479|265.25|142.75|0|0|9479
07:49:40|1516|1882|CBG8923|110.614814758|28.8435745239|9479|264.75|142.75|0|0|9479
07:49:44|1516|1882|CBG8923|110.625457764|28.8480377197|9479|265.25|142.75|0|0|9479
07:49:48|1516|1882|CBG8923|110.638160706|28.853187561|9479|265.25|142.75|0|0|9479
07:49:52|1516|1882|CBG8923|110.647945404|28.8571357727|9479|265.25|142.75|0|0|9479
07:49:56|1516|1882|CBG8923|110.6599617|28.8621139526|9479|265.25|142.75|0|0|9479
07:50:00|1516|1882|CBG8923|110.670948029|28.8665771484|9479|265.25|142.75|0|0|9479
07:50:04|1516|1882|CBG8923|110.681591034|28.8710403442|9479|265.25|142.75|0|0|9479
07:50:08|1516|1882|CBG8923|110.692405701|28.8753318787|9479|265.25|142.75|0|0|9479
07:50:12|1516|1882|CBG8923|110.70356369|28.8799667358|9479|265.25|142.75|0|0|9479
07:50:16|1516|1882|CBG8923|110.715923309|28.8849449158|9479|265.75|142.75|0|0|9479
07:50:20|1516|1882|CBG8923|110.727767944|28.8899230957|9479|265.25|143.25|0|0|9479
07:50:24|1516|1882|CBG8923|110.738582611|28.8945579529|9479|264.25|145.25|0|0|9479
07:50:28|1516|1882|CBG8923|110.749568939|28.8988494873|9479|265.75|142.75|0|0|9479
07:50:32|1516|1882|CBG8923|110.760726929|28.9033126831|9479|266.25|142.25|0|0|9479
07:50:36|1516|1882|CBG8923|110.77205658|28.9077758789|9479|266.75|141.75|0|0|9479
07:50:40|1516|1882|CBG8923|110.78338623|28.9122390747|9479|266.25|141.75|0|0|9479
07:50:44|1516|1882|CBG8923|110.79454422|28.9167022705|9479|266.75|141.25|0|0|9479
07:50:48|1516|1882|CBG8923|110.805873871|28.9213371277|9479|266.75|141.75|0|0|9479
07:50:52|1516|1882|CBG8923|110.817203522|28.9259719849|9479|267.25|142.25|0|0|9479
07:50:56|1516|1882|CBG8923|110.828533173|28.930606842|9479|267.25|142.75|0|0|9479
07:51:00|1516|1882|CBG8923|110.839862823|28.9352416992|9479|267.25|143.25|0|0|9479
07:51:04|1516|1882|CBG8923|110.851020813|28.9398765564|9479|266.75|143.25|0|0|9479
07:51:08|1516|1882|CBG8923|110.862350464|28.9443397522|9479|267.25|142.75|0|0|9479
07:51:12|1516|1882|CBG8923|110.873508453|28.9491462708|9479|266.75|143.75|0|0|9479
07:51:16|1516|1882|CBG8923|110.884666443|28.9537811279|9479|266.75|143.75|0|0|9479
07:51:20|1516|1882|CBG8923|110.895996094|28.9584159851|9479|266.75|144.25|0|0|9479
07:51:24|1516|1882|CBG8923|110.907154083|28.9630508423|9479|266.25|144.25|0|0|9479
07:51:28|1516|1882|CBG8923|110.918312073|28.9676856995|9479|266.25|143.75|0|0|9479
07:51:32|1516|1882|CBG8923|110.929470062|28.9723205566|9479|266.25|144.25|0|0|9479
07:51:36|1516|1882|CBG8923|110.939598083|28.9764404297|9479|265.75|144.25|0|0|9479
07:51:40|1516|1882|CBG8923|110.950584412|28.9810752869|9479|265.75|144.75|0|0|9479
07:51:44|1516|1882|CBG8923|110.961914062|28.9853668213|9479|266.25|143.25|0|0|9479
07:51:48|1516|1882|CBG8923|110.972728729|28.9894866943|9479|267.25|142.25|0|0|9479
07:51:52|1516|1882|CBG8923|110.985088348|28.9946365356|9479|266.25|142.75|0|0|9479
07:51:56|1516|1882|CBG8923|110.99521637|28.9987564087|9479|265.75|142.75|0|0|9479
07:52:00|1516|1882|CBG8923|111.008090973|29.00390625|9479|265.75|142.75|0|0|9479
07:52:04|1516|1882|CBG8923|111.018390656|29.0081977844|9479|265.25|142.75|0|0|9479
07:52:08|1516|1882|CBG8923|111.030063629|29.013004303|9479|265.25|142.75|0|0|9479
07:52:12|1516|1882|CBG8923|111.040878296|29.0172958374|9479|265.25|142.75|0|0|9479
07:52:16|1516|1882|CBG8923|111.05134964|29.0215873718|9479|265.25|142.75|0|0|9479
07:52:20|1516|1882|CBG8923|111.062335968|29.0260505676|9479|265.25|142.75|0|0|9479
07:52:24|1516|1882|CBG8923|111.073322296|29.0305137634|9479|265.25|142.75|0|0|9479
07:52:28|1516|1882|CBG8923|111.084651947|29.0351486206|9479|265.25|142.75|0|0|9479
07:52:32|1516|1882|CBG8923|111.096668243|29.0399551392|9479|265.25|142.75|0|0|9479
07:52:36|1516|1882|CBG8923|111.10748291|29.0442466736|9479|265.25|142.75|0|0|9479
07:52:40|1516|1882|CBG8923|111.118812561|29.0488815308|9479|265.25|142.75|0|0|9479
07:52:44|1516|1882|CBG8923|111.129970551|29.0533447266|9479|265.75|142.75|0|0|9479
07:52:48|1516|1882|CBG8923|111.141986847|29.0583229065|9479|266.25|143.25|0|0|9479
07:52:52|1516|1882|CBG8923|111.153831482|29.0629577637|9479|266.25|143.25|0|0|9479
07:52:56|1516|1882|CBG8923|111.164131165|29.0672492981|9479|266.25|143.25|0|0|9479
07:53:00|1516|1882|CBG8923|111.176490784|29.072227478|9479|266.25|143.25|0|0|9479
07:53:04|1516|1882|CBG8923|111.186103821|29.0760040283|9479|266.75|143.25|0|0|9479
07:53:08|1516|1882|CBG8923|111.198806763|29.0811538696|9479|266.75|143.25|0|0|9479
07:53:12|1516|1882|CBG8923|111.209621429|29.0854454041|9479|266.75|143.25|0|0|9479
07:53:16|1516|1882|CBG8923|111.221122742|29.0900802612|9479|266.75|143.25|0|0|9479
07:53:20|1516|1882|CBG8923|111.232624054|29.0947151184|9479|266.25|143.25|0|0|9479
07:53:24|1516|1882|CBG8923|111.243953705|29.0993499756|9479|266.25|143.25|0|0|9479
07:53:28|1516|1882|CBG8923|111.256313324|29.1043281555|9479|266.25|143.25|0|0|9479
07:53:32|1516|1882|CBG8923|111.267471313|29.1087913513|9479|266.25|143.25|0|0|9479
07:53:36|1516|1882|CBG8923|111.276569366|29.1125679016|9479|266.25|143.25|0|0|9479
07:53:40|1516|1882|CBG8923|111.288585663|29.1173744202|9479|266.25|143.25|0|0|9479
07:53:44|1516|1882|CBG8923|111.29940033|29.1216659546|9479|266.75|143.25|0|0|9479
07:53:48|1516|1882|CBG8923|111.310214996|29.125957489|9479|266.25|143.25|0|0|9479
07:53:52|1516|1882|CBG8923|111.321201324|29.1304206848|9479|266.25|143.25|0|0|9479
07:53:56|1516|1882|CBG8923|111.333389282|29.1353988647|9479|266.25|143.25|0|0|9479
07:54:00|1516|1882|CBG8923|111.345405579|29.1402053833|9479|266.25|143.25|0|0|9479
07:54:04|1516|1882|CBG8923|111.356735229|29.1448402405|9479|266.25|143.25|0|0|9479
07:54:08|1516|1882|CBG8923|111.36806488|29.1493034363|9479|266.25|143.25|0|0|9479
07:54:12|1516|1882|CBG8923|111.378879547|29.1537666321|9479|265.75|143.25|0|0|9479
07:54:16|1516|1882|CBG8923|111.390552521|29.1584014893|9479|265.75|143.25|0|0|9479
07:54:20|1516|1882|CBG8923|111.401882172|29.1630363464|9479|266.25|143.25|0|0|9479
07:54:24|1516|1882|CBG8923|111.413726807|29.1676712036|9479|266.25|142.75|0|0|9479
07:54:28|1516|1882|CBG8923|111.424369812|29.171962738|9479|266.25|143.25|0|0|9479
07:54:32|1516|1882|CBG8923|111.435527802|29.1764259338|9479|266.25|143.25|0|0|9479
07:54:36|1516|1882|CBG8923|111.446857452|29.1808891296|9479|266.25|143.25|0|0|9479
07:54:40|1516|1882|CBG8923|111.458530426|29.1856956482|9479|265.75|143.25|0|0|9479
07:54:44|1516|1882|CBG8923|111.468830109|29.1898155212|9479|265.75|143.25|0|0|9479
07:54:48|1516|1882|CBG8923|111.48015976|29.194278717|9479|266.25|142.25|0|0|9479
07:54:52|1516|1882|CBG8923|111.49148941|29.1985702515|9479|266.75|142.25|0|0|9479
07:54:56|1516|1882|CBG8923|111.5026474|29.2030334473|9479|266.75|141.75|0|0|9479
07:55:00|1516|1882|CBG8923|111.514320374|29.2066383362|9479|268.25|139.0|0|0|9479
07:55:04|1516|1882|CBG8923|111.526508331|29.2105865479|9479|269.5|136.0|0|0|9479
07:55:08|1516|1882|CBG8923|111.538352966|29.2133331299|9479|273.0|129.75|0|0|9479
07:55:12|1516|1882|CBG8923|111.546592712|29.220199585|9479|262.0|146.25|0|0|9479
07:55:16|1516|1882|CBG8923|111.557750702|29.2248344421|9479|262.0|146.25|0|0|9479
07:55:20|1516|1882|CBG8923|111.569423676|29.2298126221|9479|261.5|146.25|0|0|9479
07:55:24|1516|1882|CBG8923|111.580581665|29.2341041565|9479|262.25|144.75|0|0|9479
07:55:28|1516|1882|CBG8923|111.591053009|29.2383956909|9479|262.75|144.25|0|0|9479
07:55:32|1516|1882|CBG8923|111.602039337|29.2432022095|9479|262.75|145.25|0|0|9479
07:55:36|1516|1882|CBG8923|111.613025665|29.2478370667|9479|262.25|146.25|0|0|9479
07:55:40|1516|1882|CBG8923|111.624183655|29.2524719238|9479|262.75|146.25|0|0|9479
07:55:44|1516|1882|CBG8923|111.635169983|29.2572784424|9479|262.25|146.5|0|0|9479
07:55:48|1516|1882|CBG8923|111.647186279|29.2615699768|9479|263.25|144.75|0|0|9479
07:55:52|1516|1882|CBG8923|111.65971756|29.2668914795|9479|261.5|145.75|0|0|9479
07:55:56|1516|1882|CBG8923|111.669330597|29.2718696594|9479|258.5|148.5|0|0|9479
07:56:00|1516|1882|CBG8923|111.680316925|29.2770195007|9479|257.0|150.5|0|0|9479
07:56:04|1516|1882|CBG8923|111.691474915|29.2823410034|9479|254.75|153.75|0|0|9479
07:56:08|1516|1882|CBG8923|111.701946259|29.2873191833|9479|252.75|156.75|0|0|9479
07:56:12|1516|1882|CBG8923|111.713447571|29.292640686|9479|253.75|156.75|0|0|9479
07:56:16|1516|1882|CBG8923|111.721515656|29.2964172363|9479|253.75|156.75|0|0|9479
07:56:20|1516|1882|CBG8923|111.734733582|29.3024253845|9479|254.75|156.25|0|0|9479
07:56:24|1516|1882|CBG8923|111.746063232|29.3074035645|9479|255.5|154.75|0|0|9479
07:56:28|1516|1882|CBG8923|111.755847931|29.313583374|9479|249.75|162.5|0|0|9479
07:56:32|1516|1882|CBG8923|111.765804291|29.318561554|9479|249.75|163.0|0|0|9479
07:56:36|1516|1882|CBG8923|111.774559021|29.3250846863|9479|240.75|174.0|0|0|9479
07:56:41|1516|1882|CBG8923|111.786231995|29.3307495117|9479|244.5|168.75|0|0|9479
07:56:44|1516|1882|CBG8923|111.796531677|29.3353843689|9479|248.0|163.5|0|0|9479
07:56:48|1516|1882|CBG8923|111.807003021|29.340877533|9479|246.5|166.0|0|0|9479
07:56:52|1516|1882|CBG8923|111.817646027|29.346370697|9479|245.5|166.0|0|0|9479
07:56:56|1516|1882|CBG8923|111.826572418|29.3530654907|9479|237.25|175.5|0|0|9479
07:57:00|1516|1882|CBG8923|111.836357117|29.3589019775|9479|235.0|177.0|0|0|9479
07:57:05|1516|1882|CBG8923|111.846141815|29.3635368347|9479|238.25|171.75|0|0|9479
07:57:08|1516|1882|CBG8923|111.856441498|29.3692016602|9479|236.25|171.25|0|0|9479
07:57:12|1516|1882|CBG8923|111.866912842|29.373664856|9479|239.25|165.0|0|0|9479
07:57:16|1516|1882|CBG8923|111.873607635|29.3819046021|9479|223.25|176.0|0|0|9479
07:57:20|1516|1882|CBG8923|111.882705688|29.3875694275|9479|224.25|179.5|0|0|9479
07:57:24|1516|1882|CBG8923|111.891975403|29.3940925598|9479|221.0|184.25|0|0|9479
07:57:28|1516|1882|CBG8923|111.902275085|29.3999290466|9479|222.75|180.5|0|0|9479
07:57:32|1516|1882|CBG8923|111.911373138|29.4057655334|9479|222.25|181.25|0|0|9479
07:57:37|1516|1882|CBG8923|111.920642853|29.4124603271|9479|219.5|183.75|0|0|9479
07:57:40|1516|1882|CBG8923|111.931629181|29.4162368774|9479|227.25|173.75|0|0|9479
07:57:44|1516|1882|CBG8923|111.9439888|29.4177818298|9479|245.0|147.0|0|0|9479
07:57:48|1516|1882|CBG8923|111.951885223|29.4260215759|9479|228.5|169.75|0|0|9479
07:57:52|1516|1882|CBG8923|111.961154938|29.4316864014|9479|228.0|172.25|0|0|9479
07:57:56|1516|1882|CBG8923|111.970939636|29.4376945496|9479|226.75|173.75|0|0|9479
07:58:00|1516|1882|CBG8923|111.980552673|29.4431877136|9479|225.75|172.75|0|0|9479
07:58:04|1516|1882|CBG8923|111.990337372|29.4486808777|9479|225.75|171.75|0|0|9479
07:58:08|1516|1882|CBG8923|112.000293732|29.4543457031|9479|226.25|171.75|0|0|9479
07:58:12|1516|1882|CBG8923|112.010421753|29.4601821899|9479|227.75|171.75|0|0|9479
07:58:16|1516|1882|CBG8923|112.020206451|29.465675354|9479|228.5|172.25|0|0|9479
07:58:20|1516|1882|CBG8923|112.02999115|29.4711685181|9479|229.0|172.75|0|0|9479
07:58:24|1516|1882|CBG8923|112.03994751|29.4768333435|9479|229.5|172.75|0|0|9479
07:58:28|1516|1882|CBG8923|112.052307129|29.4836997986|9479|230.5|171.75|0|0|9479
07:58:32|1516|1882|CBG8923|112.062091827|29.4886779785|9479|233.5|169.25|0|0|9479
07:58:36|1516|1882|CBG8923|112.072219849|29.4946861267|9479|231.5|172.25|0|0|9479
07:58:40|1516|1882|CBG8923|112.081832886|29.5001792908|9479|231.0|173.25|0|0|9479
07:58:44|1516|1882|CBG8923|112.092132568|29.506187439|9479|230.0|173.75|0|0|9479
07:58:48|1516|1882|CBG8923|112.101230621|29.5121955872|9479|228.0|176.0|0|0|9479
07:58:52|1516|1882|CBG8923|112.111530304|29.5168304443|9479|231.5|172.25|0|0|9479
07:58:56|1516|1882|CBG8923|112.121658325|29.522151947|9479|232.0|170.75|0|0|9479
07:59:00|1516|1882|CBG8923|112.132129669|29.5269584656|9479|233.5|168.25|0|0|9479
07:59:04|1516|1882|CBG8923|112.14225769|29.5319366455|9479|234.0|166.75|0|0|9479
07:59:08|1516|1882|CBG8923|112.15341568|29.5346832275|9479|240.75|157.25|0|0|9479
07:59:12|1516|1882|CBG8923|112.163887024|29.5398330688|9479|239.75|158.25|0|0|9479
07:59:16|1516|1882|CBG8923|112.172470093|29.5470428467|9479|232.5|166.75|0|0|9479
07:59:20|1516|1882|CBG8923|112.180538177|29.5542526245|9479|224.25|176.0|0|0|9479
07:59:24|1516|1882|CBG8923|112.18585968|29.5647239685|9479|189.5|212.25|0|0|9479
07:59:28|1516|1882|CBG8923|112.195987701|29.5700454712|9479|205.0|196.75|0|0|9479
07:59:32|1516|1882|CBG8923|112.208862305|29.5715904236|9479|226.75|170.25|0|0|9479
07:59:36|1516|1882|CBG8923|112.219676971|29.5755386353|9479|232.0|162.5|0|0|9052
07:59:40|1516|1882|CBG8923|112.228431702|29.5820617676|9479|227.25|168.75|0|0|8869
07:59:44|1516|1882|CBG8923|112.239761353|29.5858383179|9479|231.5|161.5|0|0|8869
07:59:48|1516|1882|CBG8923|112.249717712|29.5899581909|9479|233.5|159.25|0|0|8869
07:59:52|1516|1882|CBG8923|112.258815765|29.5969963074|9464|229.5|165.5|-2|0|8869
07:59:56|1516|1882|CBG8923|112.267570496|29.6036911011|9441|226.25|170.75|-4|0|8869
