03:05:02|1192|0|CBG8931|105.465145111|29.0296554565|221|0.0|0.0|0|0|0
03:05:04|1192|0|CBG8931|105.465145111|29.0296554565|221|57.5|18.75|0|0|0
03:05:06|1192|0|CBG8931|105.465145111|29.0296554565|221|57.5|18.75|0|0|0
03:05:08|1192|3846|CBG8931|105.469264984|29.0306854248|221|61.75|19.75|0|0|0
03:05:12|1192|3846|CBG8931|105.472354889|29.0317153931|221|66.5|22.25|0|0|0
03:05:16|1192|3846|CBG8931|105.475788116|29.0325737|221|72.75|24.0|0|0|0
03:05:20|1192|3846|CBG8931|105.479049683|29.0336036682|267|75.25|25.0|5|0|0
03:05:24|1192|3846|CBG8931|105.482311249|29.0344619751|320|76.25|26.0|7|0|0
03:05:28|1192|3846|CBG8931|105.485401154|29.0354919434|373|76.25|26.5|9|0|0
03:05:32|1192|3846|CBG8931|105.488491058|29.0363502502|396|76.75|26.5|10|0|0
03:05:36|1192|3846|CBG8931|105.491924286|29.0373802185|457|76.75|26.5|12|0|0
03:05:40|1192|3846|CBG8931|105.495014191|29.0384101868|511|76.75|27.0|12|0|0
03:05:44|1192|3846|CBG8931|105.497760773|29.0390968323|572|77.25|27.0|13|0|0
03:05:48|1192|3846|CBG8931|105.501194|29.0401268005|625|77.25|27.0|13|0|5394
03:05:52|1192|3846|CBG8931|105.504283905|29.0409851074|678|77.25|27.0|13|0|5394
03:05:56|1192|3846|CBG8931|105.50737381|29.0420150757|739|77.25|27.0|13|0|5394
03:06:00|1192|3846|CBG8931|105.510635376|29.0428733826|792|77.25|27.0|13|0|5394
03:06:04|1192|3846|CBG8931|105.513896942|29.0439033508|846|77.25|27.0|13|0|5394
03:06:08|1192|3846|CBG8931|105.516986847|29.0447616577|892|77.75|27.0|13|0|5394
03:06:12|1192|3846|CBG8931|105.520420074|29.0456199646|937|77.75|27.0|12|0|5394
03:06:16|1192|3846|CBG8931|105.523853302|29.0466499329|998|77.75|26.5|12|0|5394
03:06:20|1192|3846|CBG8931|105.526943207|29.0475082397|1044|77.75|26.5|12|0|5394
03:06:24|1192|3846|CBG8931|105.530204773|29.0483665466|1090|78.25|26.0|12|0|5394
03:06:28|1192|3846|CBG8931|105.533466339|29.0492248535|1135|78.25|26.0|12|0|5394
03:06:32|1192|3846|CBG8931|105.536727905|29.0500831604|1158|78.5|26.0|12|0|5394
03:06:36|1192|3846|CBG8931|105.539646149|29.0507698059|1204|78.5|26.0|11|0|5394
03:06:40|1192|3846|CBG8931|105.543079376|29.0517997742|1250|78.5|26.0|11|0|5394
03:06:44|1192|3846|CBG8931|105.546512604|29.0526580811|1288|79.0|26.0|10|0|5394
03:06:48|1192|3846|CBG8931|105.549945831|29.0535163879|1318|79.0|26.0|10|0|5394
03:06:52|1192|3846|CBG8931|105.553379059|29.0543746948|1356|80.0|25.5|10|0|5394
03:06:56|1192|3846|CBG8931|105.556812286|29.0554046631|1402|82.5|26.0|10|0|5394
03:07:00|1192|3846|CBG8931|105.562133789|29.0569496155|1448|92.0|30.75|10|0|5394
03:07:04|1192|3846|CBG8931|105.566940308|29.0583229065|1494|94.0|31.25|10|0|5394
03:07:08|1192|3846|CBG8931|105.570373535|29.0593528748|1524|95.5|31.75|10|0|5394
03:07:12|1192|3846|CBG8931|105.574150085|29.0610694885|1562|94.5|36.25|9|0|5394
03:07:16|1192|3846|CBG8931|105.575866699|29.0660476685|1600|73.75|71.75|9|0|5394
03:07:20|1192|3846|CBG8931|105.578098297|29.0698242188|1638|61.75|83.0|9|0|5394
03:07:24|1192|3846|CBG8931|105.579128265|29.0742874146|1684|39.5|99.25|10|0|5394
03:07:28|1192|3846|CBG8931|105.580501556|29.0784072876|1730|32.75|103.75|11|0|5394
03:07:32|1192|3846|CBG8931|105.581359863|29.0833854675|1791|21.25|108.5|12|0|5394
03:07:36|1192|3846|CBG8931|105.580329895|29.0871620178|1829|-1.0|112.25|12|0|5394
03:07:36|1192|3846|CBG8931|105.580329895|29.0871620178|1829|-1.0|112.25|12|0|5394
03:07:40|1192|3846|CBG8931|105.578784943|29.0916252136|1867|-20.75|112.0|10|0|5394
03:07:44|1192|3846|CBG8931|105.577583313|29.0962600708|1882|-24.0|110.5|10|0|5394
03:07:48|1192|3846|CBG8931|105.574150085|29.0998649597|1920|-53.0|101.75|10|0|5394
03:07:52|1192|3846|CBG8931|105.569515228|29.1026115417|1966|-81.0|84.0|10|0|5394
03:07:56|1192|3846|CBG8931|105.564193726|29.1043281555|2027|-104.25|59.25|12|0|5394
03:08:00|1192|3846|CBG8931|105.5585289|29.1058731079|2141|-118.75|36.75|16|0|5394
03:08:04|1192|3846|CBG8931|105.552349091|29.1065597534|2202|-128.25|14.5|18|0|5394
03:08:08|1192|3846|CBG8931|105.547199249|29.1091346741|2286|-127.75|23.75|19|0|5394
03:08:12|1192|3846|CBG8931|105.541877747|29.1094779968|2377|-129.75|15.0|19|0|5394
03:08:16|1192|3846|CBG8931|105.53604126|29.1077613831|2469|-130.75|-14.5|20|0|5394
03:08:20|1192|3846|CBG8931|105.53106308|29.1070747375|2545|-128.75|-20.25|20|0|5394
03:08:24|1192|3846|CBG8931|105.5260849|29.1051864624|2621|-125.0|-36.25|19|0|5394
03:08:28|1192|3846|CBG8931|105.521450043|29.1019248962|2690|-116.75|-58.25|17|0|5394
03:08:32|1192|3846|CBG8931|105.516815186|29.0990066528|2758|-112.0|-69.5|17|0|5394
03:08:36|1192|3846|CBG8931|105.511837006|29.0974617004|2774|-113.25|-64.25|16|0|5394
03:08:40|1192|3846|CBG8931|105.507202148|29.0957450867|2842|-113.25|-61.75|15|0|5394
03:08:44|1192|3846|CBG8931|105.502738953|29.0938568115|2888|-113.75|-61.25|15|0|5394
03:08:48|1192|3846|CBG8931|105.497932434|29.0916252136|2957|-114.25|-60.75|16|0|5394
03:08:52|1192|3846|CBG8931|105.492954254|29.0888786316|3033|-114.25|-63.75|17|0|5394
03:08:56|1192|3846|CBG8931|105.488147736|29.0861320496|3117|-114.25|-65.5|18|0|5394
03:09:00|1192|3846|CBG8931|105.482311249|29.0832138062|3178|-116.75|-67.0|18|0|5394
03:09:04|1192|3846|CBG8931|105.476303101|29.0804672241|3254|-121.0|-67.5|18|0|5394
03:09:08|1192|3846|CBG8931|105.470466614|29.0782356262|3330|-124.0|-67.0|18|0|5394
03:09:12|1192|3846|CBG8931|105.465660095|29.0766906738|3421|-124.0|-63.75|18|0|5394
03:09:16|1192|3846|CBG8931|105.461196899|29.0751457214|3475|-124.5|-62.25|17|0|5394
03:09:20|1192|3846|CBG8931|105.455703735|29.0732574463|3551|-125.5|-60.75|17|0|5394
03:09:24|1192|3846|CBG8931|105.449352264|29.0706825256|3612|-126.0|-60.75|16|0|5394
03:09:28|1192|3846|CBG8931|105.443344116|29.0684509277|3673|-128.25|-60.75|15|0|5394
03:09:32|1192|3846|CBG8931|105.43888092|29.0674209595|3726|-129.75|-57.5|15|0|5394
03:09:36|1192|3846|CBG8931|105.433044434|29.0657043457|3787|-131.25|-56.5|15|0|5394
03:09:40|1192|3846|CBG8931|105.427379608|29.0639877319|3856|-131.75|-55.5|16|0|5394
03:09:44|1192|3846|CBG8931|105.420684814|29.0619277954|3940|-133.0|-54.0|16|0|5394
03:09:48|1192|3846|CBG8931|105.414505005|29.060382843|4008|-135.5|-52.5|17|0|5394
03:09:52|1192|3846|CBG8931|105.409870148|29.0588378906|4054|-135.5|-52.5|18|0|5394
03:09:56|1192|3846|CBG8931|105.404033661|29.0567779541|4138|-135.5|-52.5|19|0|5394
03:10:00|1192|3846|CBG8931|105.398197174|29.054889679|4237|-135.5|-52.5|21|0|5394
03:10:04|1192|3846|CBG8931|105.392532349|29.0530014038|4328|-135.5|-52.5|21|0|5394
03:10:08|1192|3846|CBG8931|105.387039185|29.05128479|4397|-135.0|-53.0|20|0|5394
03:10:12|1192|3846|CBG8931|105.381031036|29.0492248535|4442|-135.5|-53.0|16|0|5394
03:10:16|1192|3846|CBG8931|105.37519455|29.0473365784|4473|-135.5|-53.0|13|0|5394
03:10:20|1192|3846|CBG8931|105.369358063|29.0452766418|4488|-136.0|-53.5|9|0|5394
03:10:24|1192|3846|CBG8931|105.363864899|29.0435600281|4503|-136.0|-53.5|7|0|5394
03:10:28|1192|3846|CBG8931|105.358200073|29.0416717529|4526|-136.0|-53.5|6|0|5394
03:10:32|1192|3846|CBG8931|105.353050232|29.0397834778|4549|-136.0|-53.5|6|0|5394
03:10:36|1192|3846|CBG8931|105.346870422|29.0377235413|4572|-137.0|-54.0|6|0|5394
03:10:40|1192|3846|CBG8931|105.341720581|29.0360069275|4595|-140.25|-55.5|6|0|5394
03:10:44|1192|3846|CBG8931|105.332965851|29.0330886841|4625|-148.0|-58.25|6|0|5394
03:10:48|1192|3846|CBG8931|105.327129364|29.0310287476|4648|-153.0|-60.75|6|0|5394
03:10:52|1192|3846|CBG8931|105.32043457|29.0287971497|4679|-155.75|-61.75|6|0|7101
03:10:56|1192|3846|CBG8931|105.31288147|29.026222229|4702|-163.5|-64.75|6|0|7193
03:11:00|1192|3846|CBG8931|105.304985046|29.0238189697|4724|-164.5|-64.75|6|0|7193
03:11:04|1192|3846|CBG8931|105.298118591|29.0215873718|4747|-166.0|-65.0|6|0|7193
03:11:08|1192|3846|CBG8931|105.290908813|29.0191841125|4778|-167.25|-65.5|7|0|7193
03:11:12|1192|3846|CBG8931|105.284385681|29.0169525146|4816|-167.75|-65.5|8|0|7193
03:11:16|1192|3846|CBG8931|105.276489258|29.014377594|4854|-168.75|-66.0|9|0|7193
03:11:20|1192|3846|CBG8931|105.270652771|29.0124893188|4915|-169.25|-66.5|11|0|7193
03:11:24|1192|3846|CBG8931|105.262069702|29.0095710754|4968|-170.75|-67.0|12|0|7193
03:11:28|1192|3846|CBG8931|105.255718231|29.0073394775|5029|-171.75|-67.5|13|0|7193
03:11:32|1192|3846|CBG8931|105.248680115|29.0049362183|5098|-171.25|-67.5|14|0|7193
03:11:36|1192|3846|CBG8931|105.24181366|29.002532959|5159|-170.25|-67.5|15|0|7193
03:11:40|1192|3846|CBG8931|105.23443222|29.0001296997|5220|-172.25|-68.5|15|0|7193
03:11:44|1192|3846|CBG8931|105.227050781|28.9975547791|5265|-173.25|-69.5|15|0|7193
03:11:48|1192|3846|CBG8931|105.220012665|28.9949798584|5326|-173.75|-70.0|15|0|7193
03:11:52|1192|3846|CBG8931|105.212974548|28.9925765991|5395|-173.75|-69.5|15|0|7193
03:11:56|1192|3846|CBG8931|105.205249786|28.9903450012|5448|-174.0|-68.5|15|0|7193
03:12:00|1192|3846|CBG8931|105.198383331|28.9881134033|5517|-174.5|-68.5|15|0|7193
03:12:04|1192|3846|CBG8931|105.191345215|28.985710144|5563|-174.5|-68.5|15|0|7193
03:12:08|1192|3846|CBG8931|105.18447876|28.9834785461|5639|-174.0|-68.5|16|0|7193
03:12:12|1192|3846|CBG8931|105.175895691|28.9805603027|5692|-174.5|-68.5|15|0|7193
03:12:16|1192|3846|CBG8931|105.170059204|28.9785003662|5745|-174.5|-68.5|14|0|7193
03:12:20|1192|3846|CBG8931|105.162677765|28.9760971069|5791|-175.0|-69.0|13|0|7193
03:12:24|1192|3846|CBG8931|105.155124664|28.9735221863|5837|-175.0|-69.0|12|0|7193
03:12:28|1192|3846|CBG8931|105.148429871|28.9712905884|5860|-175.0|-69.0|9|0|7193
03:12:32|1192|3846|CBG8931|105.139846802|28.968372345|5883|-174.5|-69.0|8|0|7193
03:12:36|1192|3846|CBG8931|105.132637024|28.9659690857|5898|-174.5|-69.0|6|0|7193
03:12:40|1192|3846|CBG8931|105.125598907|28.9635658264|5921|-175.5|-69.0|6|0|7193
03:12:44|1192|3846|CBG8931|105.11838913|28.9611625671|5951|-176.0|-69.0|6|0|7193
03:12:48|1192|3846|CBG8931|105.11100769|28.9589309692|5974|-176.5|-68.0|7|0|7193
03:12:52|1192|3846|CBG8931|105.103111267|28.9573860168|6005|-179.5|-61.75|7|0|7193
03:12:56|1192|3846|CBG8931|105.09469986|28.9566993713|6043|-184.75|-47.75|8|0|7193
03:13:00|1192|3846|CBG8931|105.086803436|28.9553260803|6073|-186.25|-46.25|8|0|7193
03:13:04|1192|3846|CBG8931|105.079421997|28.9539527893|6104|-187.5|-45.25|8|0|7193
03:13:08|1192|3846|CBG8931|105.071525574|28.9525794983|6142|-188.5|-44.0|9|0|7193
03:13:12|1192|3846|CBG8931|105.06362915|28.9512062073|6180|-189.0|-42.5|9|0|7193
03:13:16|1192|3846|CBG8931|105.055732727|28.9494895935|6226|-188.5|-44.75|10|0|7193
03:13:20|1192|3846|CBG8931|105.048007965|28.9479446411|6264|-188.5|-44.75|10|0|7193
03:13:24|1192|3846|CBG8931|105.040111542|28.9463996887|6309|-188.5|-44.75|10|0|7193
03:13:28|1192|3846|CBG8931|105.032901764|28.9448547363|6347|-188.5|-44.75|11|0|7193
03:13:32|1192|3846|CBG8931|105.025177002|28.9433097839|6393|-188.5|-45.25|10|0|7193
03:13:36|1192|3846|CBG8931|105.01745224|28.9415931702|6431|-189.0|-45.25|10|0|7193
03:13:40|1192|3846|CBG8931|105.009384155|28.9402198792|6477|-189.0|-44.75|11|0|7193
03:13:44|1192|3846|CBG8931|105.001487732|28.9386749268|6523|-189.0|-44.75|11|0|7193
03:13:48|1192|3846|CBG8931|104.99376297|28.936958313|6561|-189.0|-45.25|10|0|7193
03:13:52|1192|3846|CBG8931|104.985351562|28.9354133606|6599|-189.0|-44.75|10|0|7193
03:13:56|1192|3846|CBG8931|104.977798462|28.9340400696|6645|-189.5|-44.0|10|0|7193
03:14:00|1192|3846|CBG8931|104.969902039|28.9324951172|6683|-189.5|-44.0|10|0|7193
03:14:04|1192|3846|CBG8931|104.962177277|28.9309501648|6728|-189.0|-44.0|10|0|7193
03:14:08|1192|3846|CBG8931|104.954795837|28.9295768738|6774|-188.5|-44.25|10|0|7193
03:14:12|1192|3846|CBG8931|104.947071075|28.92786026|6820|-188.5|-44.0|11|0|7193
03:14:16|1192|3846|CBG8931|104.939174652|28.926486969|6858|-188.0|-44.0|11|0|7193
03:14:16|1192|3846|CBG8931|104.939174652|28.926486969|6858|-188.0|-44.0|11|0|7193
03:14:20|1192|3846|CBG8931|104.931278229|28.925113678|6904|-188.0|-42.0|11|0|7193
03:14:24|1192|3846|CBG8931|104.923381805|28.925113678|6957|-191.0|-11.5|11|0|7193
03:14:28|1192|3846|CBG8931|104.917201996|28.925113678|6988|-191.0|1.0|10|0|7193
03:14:32|1192|3846|CBG8931|104.909477234|28.9254570007|7033|-189.5|10.25|10|0|7193
03:14:36|1192|3846|CBG8931|104.901580811|28.9261436462|7071|-188.5|22.25|10|0|7193
03:14:40|1192|3846|CBG8931|104.893341064|28.9273452759|7109|-187.25|35.25|10|0|7193
03:14:44|1192|3846|CBG8931|104.885959625|28.929233551|7140|-183.25|50.75|9|0|7193
03:14:48|1192|3846|CBG8931|104.878921509|28.9307785034|7170|-182.75|52.0|8|0|7193
03:14:52|1192|3846|CBG8931|104.870166779|28.9336967468|7186|-179.5|61.75|6|0|7193
03:14:56|1192|3846|CBG8931|104.863300323|28.936958313|7193|-173.25|78.25|5|0|7193
03:15:00|1192|3846|CBG8931|104.857120514|28.9405632019|7201|-166.0|93.0|3|0|7193
03:15:04|1192|3846|CBG8931|104.851799011|28.9443397522|7201|-155.75|110.0|2|0|8107
03:15:08|1192|3846|CBG8931|104.845104218|28.9496612549|7193|-148.0|121.0|0|0|8107
03:15:12|1192|3846|CBG8931|104.838752747|28.9549827576|7193|-142.25|128.25|0|0|8107
03:15:16|1192|3846|CBG8931|104.835147858|28.9594459534|7209|-130.25|142.25|2|0|8107
03:15:20|1192|3846|CBG8931|104.829654694|28.9661407471|7231|-119.5|153.0|3|0|8107
03:15:24|1192|3846|CBG8931|104.826049805|28.9719772339|7262|-107.5|162.5|5|0|8107
03:15:28|1192|3846|CBG8931|104.822273254|28.9785003662|7300|-97.5|169.25|6|0|8107
03:15:32|1192|3846|CBG8931|104.818840027|28.9850234985|7338|-89.75|174.5|8|0|8107
03:15:36|1192|3846|CBG8931|104.815578461|28.9917182922|7376|-84.5|179.5|8|0|8107
03:15:40|1192|3846|CBG8931|104.811973572|28.9989280701|7407|-84.5|181.25|8|0|8107
03:15:44|1192|3846|CBG8931|104.808197021|29.0054512024|7437|-86.25|180.75|8|0|8107
03:15:48|1192|3846|CBG8931|104.804592133|29.0123176575|7468|-85.75|183.25|8|0|8107
03:15:52|1192|3846|CBG8931|104.800643921|29.0202140808|7498|-85.25|183.75|8|0|8107
03:15:56|1192|3846|CBG8931|104.797039032|29.0269088745|7529|-85.75|184.25|8|0|8107
03:16:00|1192|3846|CBG8931|104.793262482|29.033946991|7559|-86.75|184.25|8|0|8107
03:16:04|1192|3846|CBG8931|104.789485931|29.0406417847|7590|-88.25|185.25|8|0|8107
03:16:08|1192|3846|CBG8931|104.786396027|29.0461349487|7628|-88.25|186.25|8|0|8107
03:16:12|1192|3846|CBG8931|104.782619476|29.0531730652|7658|-88.75|186.25|8|0|8107
03:16:15|1192|3846|CBG8931|104.782619476|29.0531730652|7658|-88.75|186.25|8|0|8107
03:16:16|1192|3846|CBG8931|104.778842926|29.0598678589|7689|-89.75|186.25|8|0|8107
03:16:20|1192|3846|CBG8931|104.775066376|29.0672492981|7719|-89.75|186.75|8|0|8107
03:16:24|1192|3846|CBG8931|104.771118164|29.0742874146|7750|-89.75|187.25|8|0|8107
03:16:28|1192|3846|CBG8931|104.767684937|29.0808105469|7788|-90.25|187.25|8|0|8107
03:16:32|1192|3846|CBG8931|104.763565063|29.0878486633|7818|-90.75|187.25|8|0|8107
03:16:36|1192|3846|CBG8931|104.759960175|29.0943717957|7833|-91.25|187.25|8|0|8107
03:16:40|1192|3846|CBG8931|104.756183624|29.1012382507|7871|-91.75|187.5|8|0|8107
03:16:44|1192|3846|CBG8931|104.752235413|29.1084480286|7894|-91.75|187.5|8|0|8107
03:16:48|1192|3846|CBG8931|104.748458862|29.1153144836|7925|-92.0|187.5|8|0|8107
03:16:52|1192|3846|CBG8931|104.744338989|29.1225242615|7955|-92.5|187.5|8|0|8107
03:16:56|1192|3846|CBG8931|104.740562439|29.1293907166|7986|-92.5|187.5|8|0|8107
03:17:00|1192|3846|CBG8931|104.73695755|29.1359138489|8016|-92.5|188.5|8|0|9448
03:17:04|1192|3846|CBG8931|104.733009338|29.1434669495|8047|-92.5|188.5|8|0|9174
03:17:08|1192|3846|CBG8931|104.729404449|29.1499900818|8077|-92.0|189.0|8|0|9174
03:17:12|1192|3846|CBG8931|104.725971222|29.1565132141|8108|-92.0|189.5|7|0|9174
03:17:16|1192|3846|CBG8931|104.722366333|29.1633796692|8138|-92.0|190.0|8|0|9174
03:17:20|1192|3846|CBG8931|104.718418121|29.1704177856|8169|-92.0|190.5|8|0|9174
03:17:24|1192|3846|CBG8931|104.714298248|29.1779708862|8192|-92.5|190.5|8|0|9174
03:17:28|1192|3846|CBG8931|104.710693359|29.1844940186|8230|-92.5|190.5|8|0|9174
03:17:32|1192|3846|CBG8931|104.706916809|29.191532135|8260|-92.5|191.0|8|0|9174
03:17:36|1192|3846|CBG8931|104.702625275|29.199256897|8298|-93.0|191.0|8|0|9174
03:17:40|1192|3846|CBG8931|104.69953537|29.2050933838|8329|-93.0|191.5|8|0|9174
03:17:44|1192|3846|CBG8931|104.695415497|29.212474823|8359|-93.0|191.5|8|0|9174
03:17:48|1192|3846|CBG8931|104.691982269|29.2191696167|8390|-93.0|192.0|8|0|9174
03:17:52|1192|3846|CBG8931|104.687347412|29.2274093628|8420|-93.0|192.0|8|0|9174
03:17:56|1192|3846|CBG8931|104.683570862|29.2344474792|8451|-93.5|192.5|8|0|9174
03:18:00|1192|3846|CBG8931|104.679794312|29.2413139343|8481|-93.5|192.5|8|0|9174
03:18:04|1192|3846|CBG8931|104.676017761|29.2481803894|8512|-93.5|192.0|7|0|9174
03:18:08|1192|3846|CBG8931|104.672241211|29.2550468445|8542|-93.5|192.0|7|0|9174
03:18:12|1192|3846|CBG8931|104.668292999|29.2619132996|8573|-94.0|192.5|7|0|9174
03:18:16|1192|3846|CBG8931|104.664516449|29.2691230774|8611|-94.0|192.5|8|0|9174
03:18:20|1192|3846|CBG8931|104.660739899|29.2759895325|8641|-94.0|193.0|8|0|9174
03:18:24|1192|3846|CBG8931|104.656963348|29.2830276489|8656|-94.0|193.0|8|0|9174
03:18:28|1192|3846|CBG8931|104.653015137|29.289894104|8694|-94.5|193.5|8|0|9174
03:18:32|1192|3846|CBG8931|104.649581909|29.2964172363|8725|-94.0|193.5|8|0|9174
03:18:36|1192|3846|CBG8931|104.645462036|29.3039703369|8755|-94.0|193.5|8|0|9174
03:18:40|1192|3846|CBG8931|104.641685486|29.3110084534|8786|-94.0|194.0|8|0|9174
03:18:44|1192|3846|CBG8931|104.637908936|29.3180465698|8809|-94.0|194.0|7|0|9174
03:18:48|1192|3846|CBG8931|104.634132385|29.3250846863|8839|-94.5|194.25|7|0|9174
03:18:52|1192|3846|CBG8931|104.630355835|29.3321228027|8870|-94.0|194.75|8|0|9174
03:18:56|1192|3846|CBG8931|104.625892639|29.3403625488|8900|-94.5|194.75|8|0|9174
03:19:00|1192|3846|CBG8931|104.622631073|29.3461990356|8931|-94.5|194.75|8|0|9174
03:19:04|1192|3846|CBG8931|104.618682861|29.3534088135|8969|-94.5|194.75|7|0|9174
03:19:08|1192|3846|CBG8931|104.61473465|29.3606185913|8992|-94.5|195.25|7|0|9174
03:19:12|1192|3846|CBG8931|104.610958099|29.3674850464|9014|-94.5|195.25|7|0|9174
03:19:16|1192|3846|CBG8931|104.607181549|29.3745231628|9053|-94.5|195.25|7|0|9174
03:19:20|1192|3846|CBG8931|104.603404999|29.3815612793|9083|-94.5|195.25|7|0|9174
03:19:24|1192|3846|CBG8931|104.599456787|29.3887710571|9114|-94.5|195.25|8|0|9174
03:19:28|1192|3846|CBG8931|104.595336914|29.3963241577|9136|-94.5|194.75|7|0|9174
03:19:32|1192|3846|CBG8931|104.591388702|29.4035339355|9159|-94.5|194.75|6|0|9174
03:19:36|1192|3846|CBG8931|104.587268829|29.4109153748|9174|-94.5|194.75|5|0|9174
03:19:40|1192|3846|CBG8931|104.58366394|29.4174385071|9174|-94.0|194.25|3|0|9174
03:19:44|1192|3846|CBG8931|104.57988739|29.4248199463|9182|-94.0|194.25|2|0|9174
03:19:48|1192|3846|CBG8931|104.576282501|29.4313430786|9182|-94.0|194.0|1|0|9174
03:19:52|1192|3846|CBG8931|104.572505951|29.4380378723|9174|-93.5|194.0|0|0|9174
03:19:56|1192|3846|CBG8931|104.568901062|29.4449043274|9174|-93.5|193.0|0|0|9174
03:20:00|1192|3846|CBG8931|104.565296173|29.4512557983|9174|-93.5|193.0|0|0|9174
03:20:04|1192|3846|CBG8931|104.561519623|29.4584655762|9174|-93.0|191.5|0|0|9174
03:20:08|1192|3846|CBG8931|104.557571411|29.465675354|9174|-92.5|190.5|0|0|9174
03:20:12|1192|3846|CBG8931|104.554481506|29.4711685181|9174|-91.75|189.0|0|0|9174
03:20:16|1192|3846|CBG8931|104.550704956|29.4782066345|9174|-91.25|188.5|0|0|9174
03:20:20|1192|3846|CBG8931|104.547100067|29.4849014282|9174|-91.75|189.0|0|0|9174
03:20:24|1192|3846|CBG8931|104.542980194|29.4924545288|9174|-92.0|189.5|0|0|9174
03:20:28|1192|3846|CBG8931|104.538860321|29.499835968|9174|-92.0|190.0|0|0|9174
03:20:32|1192|3846|CBG8931|104.535255432|29.5063591003|9174|-92.0|190.0|0|0|9174
03:20:36|1192|3846|CBG8931|104.531478882|29.5133972168|9174|-92.0|190.5|0|0|9174
03:20:40|1192|3846|CBG8931|104.52753067|29.5204353333|9174|-92.5|191.0|0|0|9174
03:20:44|1192|3846|CBG8931|104.52375412|29.5274734497|9174|-92.5|191.0|0|0|9174
03:20:48|1192|3846|CBG8931|104.520664215|29.5331382751|9174|-92.5|191.0|0|0|9174
03:20:52|1192|3846|CBG8931|104.516201019|29.5413780212|9174|-92.5|191.5|0|0|9174
03:20:56|1192|3846|CBG8931|104.512424469|29.5484161377|9174|-92.5|191.5|0|0|9174
03:21:00|1192|3846|CBG8931|104.508647919|29.5554542542|9174|-92.0|191.0|0|0|9174
03:21:04|1192|3846|CBG8931|104.505214691|29.5614624023|9174|-92.0|191.5|0|0|9174
03:21:08|1192|3846|CBG8931|104.501266479|29.5690155029|9174|-92.0|191.5|0|0|9174
03:21:12|1192|3846|CBG8931|104.497661591|29.5753669739|9174|-92.0|191.5|0|0|9174
03:21:16|1192|3846|CBG8931|104.494400024|29.5817184448|9174|-92.0|191.5|0|0|9174
03:21:20|1192|3846|CBG8931|104.49010849|29.5892715454|9174|-92.0|191.5|0|0|9174
03:21:24|1192|3846|CBG8931|104.486503601|29.5961380005|9174|-92.0|191.5|0|0|9174
03:21:28|1192|3846|CBG8931|104.482898712|29.6028327942|9174|-92.0|191.5|0|0|9174
03:21:32|1192|3846|CBG8931|104.478778839|29.610042572|9174|-92.0|191.5|0|0|9174
03:21:36|1192|3846|CBG8931|104.47517395|29.6169090271|9174|-92.0|191.5|0|0|9174
03:21:40|1192|3846|CBG8931|104.471225739|29.6239471436|9174|-92.0|191.0|0|0|9174
03:21:44|1192|3846|CBG8931|104.46762085|29.6306419373|9174|-92.0|191.0|0|0|9174
03:21:48|1192|3846|CBG8931|104.463844299|29.6375083923|9174|-92.0|191.0|0|0|9174
03:21:52|1192|3846|CBG8931|104.459724426|29.6448898315|9174|-92.5|191.0|0|0|9174
03:21:56|1192|3846|CBG8931|104.455947876|29.651927948|9174|-92.5|191.0|0|0|9174
03:22:00|1192|3846|CBG8931|104.452342987|29.6582794189|9174|-92.5|191.0|0|0|9174
03:22:04|1192|3846|CBG8931|104.448394775|29.6656608582|9174|-92.5|191.0|0|0|9174
03:22:08|1192|3846|CBG8931|104.444961548|29.6718406677|9174|-92.5|191.0|0|0|9174
03:22:12|1192|3846|CBG8931|104.441013336|29.6788787842|9174|-92.5|191.0|0|0|9174
03:22:16|1192|3846|CBG8931|104.437065125|29.686088562|9174|-92.5|191.0|0|0|9174
03:22:20|1192|3846|CBG8931|104.432945251|29.6936416626|9174|-92.5|191.0|0|0|9174
03:22:24|1192|3846|CBG8931|104.429855347|29.6991348267|9174|-92.5|191.0|0|0|9174
03:22:28|1192|3846|CBG8931|104.425735474|29.7066879272|9174|-92.5|191.0|0|0|9174
03:22:32|1192|3846|CBG8931|104.421958923|29.7135543823|9174|-92.5|191.0|0|0|9174
03:22:36|1192|3846|CBG8931|104.418010712|29.7205924988|9174|-92.5|191.0|0|0|9174
03:22:40|1192|3846|CBG8931|104.414234161|29.7274589539|9167|-92.5|191.0|0|0|9174
03:22:44|1192|3846|CBG8931|104.410457611|29.7343254089|9167|-92.5|190.5|0|0|9174
03:22:48|1192|3846|CBG8931|104.406681061|29.741191864|9167|-92.5|191.0|0|0|9174
03:22:52|1192|3846|CBG8931|104.403247833|29.747543335|9167|-92.5|191.0|0|0|9174
03:22:56|1192|3846|CBG8931|104.398956299|29.7550964355|9167|-92.5|191.0|0|0|9174
03:23:00|1192|3846|CBG8931|104.395179749|29.762134552|9167|-92.5|191.0|0|0|9174
03:23:04|1192|3846|CBG8931|104.391918182|29.7679710388|9167|-92.5|191.0|0|0|9174
03:23:08|1192|3846|CBG8931|104.387626648|29.7756958008|9167|-92.5|191.0|0|0|9174
03:23:12|1192|3846|CBG8931|104.384021759|29.7822189331|9167|-92.5|191.0|0|0|9174
03:23:16|1192|3846|CBG8931|104.380588531|29.7887420654|9167|-92.5|191.0|0|0|9174
03:23:20|1192|3846|CBG8931|104.376468658|29.7961235046|9167|-92.5|191.0|0|0|9174
03:23:24|1192|3846|CBG8931|104.372520447|29.8033332825|9167|-92.5|191.5|0|0|9174
03:23:28|1192|3846|CBG8931|104.368572235|29.8103713989|9167|-92.5|191.0|0|0|9174
03:23:32|1192|3846|CBG8931|104.364967346|29.8170661926|9167|-92.5|191.0|0|0|9174
03:23:36|1192|3846|CBG8931|104.361362457|29.823589325|9167|-92.5|191.5|0|0|9174
03:23:40|1192|3846|CBG8931|104.357414246|29.8306274414|9167|-92.5|191.5|0|0|9174
03:23:44|1192|3846|CBG8931|104.353637695|29.8376655579|9167|-92.5|191.5|0|0|9174
03:23:48|1192|3846|CBG8931|104.349861145|29.8445320129|9167|-92.5|191.5|0|0|9174
03:23:52|1192|3846|CBG8931|104.346256256|29.8512268066|9174|-92.5|191.5|0|0|9174
03:23:56|1192|3846|CBG8931|104.342479706|29.8584365845|9174|-92.0|192.0|0|0|9174
03:24:00|1192|3846|CBG8931|104.339046478|29.8654747009|9174|-90.25|193.0|0|0|9174
03:24:04|1192|3846|CBG8931|104.335441589|29.8733711243|9174|-87.75|194.25|0|0|9174
03:24:08|1192|3846|CBG8931|104.332523346|29.8807525635|9174|-84.0|196.25|0|0|9174
03:24:12|1192|3846|CBG8931|104.330463409|29.8884773254|9174|-72.75|201.5|0|0|9174
03:24:16|1192|3846|CBG8931|104.328918457|29.8955154419|9174|-60.75|207.0|0|0|9174
03:24:20|1192|3846|CBG8931|104.326171875|29.9046134949|9174|-58.25|208.25|0|0|9174
03:24:24|1192|3846|CBG8931|104.323940277|29.9126815796|9174|-55.5|210.75|0|0|9174
03:24:28|1192|3846|CBG8931|104.322052002|29.9198913574|9182|-52.5|212.75|0|0|9174
03:24:32|1192|3846|CBG8931|104.320335388|29.9281311035|9182|-48.25|214.5|0|0|9174
03:24:36|1192|3846|CBG8931|104.318618774|29.93516922|9182|-48.25|215.0|0|0|9174
03:24:40|1192|3846|CBG8931|104.317073822|29.9435806274|9182|-43.0|217.0|0|0|9174
03:24:44|1192|3846|CBG8931|104.31552887|29.9518203735|9182|-40.0|217.5|0|0|9174
03:24:48|1192|3846|CBG8931|104.31432724|29.9597167969|9182|-37.5|218.5|0|0|9174
03:24:52|1192|3846|CBG8931|104.313297272|29.9677848816|9182|-34.25|219.5|0|0|9174
03:24:56|1192|3846|CBG8931|104.312438965|29.9758529663|9182|-30.5|220.5|0|0|9174
03:25:00|1192|3846|CBG8931|104.311923981|29.983921051|9190|-26.5|221.25|0|0|9174
03:25:04|1192|3846|CBG8931|104.311580658|29.9926757812|9182|-20.75|222.75|0|0|9174
03:25:08|1192|3846|CBG8931|104.311923981|30.000743866|9182|-8.25|224.25|0|0|9174
03:25:12|1192|3846|CBG8931|104.313297272|30.0084686279|9182|10.25|224.75|0|0|9174
03:25:16|1192|3846|CBG8931|104.314155579|30.0168800354|9182|17.25|225.75|0|0|9174
03:25:20|1192|3846|CBG8931|104.31552887|30.0249481201|9182|28.5|225.25|0|0|9174
03:25:24|1192|3846|CBG8931|104.317588806|30.033531189|9182|40.0|224.25|0|0|9174
03:25:28|1192|3846|CBG8931|104.319648743|30.0415992737|9174|46.75|222.75|0|0|9174
03:25:32|1192|3846|CBG8931|104.321880341|30.0500106812|9174|49.75|222.25|0|0|9174
03:25:36|1192|3846|CBG8931|104.324626923|30.0579071045|9174|56.0|221.75|0|0|9174
03:25:40|1192|3846|CBG8931|104.327716827|30.0661468506|9174|61.75|220.5|0|0|9174
03:25:44|1192|3846|CBG8931|104.3318367|30.0747299194|9174|72.75|218.0|0|0|9174
03:25:48|1192|3846|CBG8931|104.335269928|30.0824546814|9174|76.25|218.0|0|0|9174
03:25:52|1192|3846|CBG8931|104.338188171|30.0893211365|9174|77.75|219.5|0|0|9174
03:25:56|1192|3846|CBG8931|104.34179306|30.0970458984|9174|80.0|218.5|0|0|9174
03:26:00|1192|3846|CBG8931|104.345569611|30.1052856445|9174|81.5|218.0|0|0|9174
03:26:04|1192|3846|CBG8931|104.3491745|30.113697052|9174|81.5|218.5|0|0|9174
03:26:08|1192|3846|CBG8931|104.352779388|30.1219367981|9174|82.5|220.0|0|0|9174
03:26:12|1192|3846|CBG8931|104.356555939|30.1306915283|9174|82.5|220.5|0|0|9174
03:26:16|1192|3846|CBG8931|104.359817505|30.1384162903|9174|81.5|221.0|0|0|9174
03:26:20|1192|3846|CBG8931|104.363250732|30.1466560364|9174|81.5|221.75|0|0|9174
03:26:24|1192|3846|CBG8931|104.366168976|30.1543807983|9174|80.5|222.75|0|0|9174
03:26:28|1192|3846|CBG8931|104.369430542|30.1629638672|9174|78.5|222.75|0|0|9174
03:26:32|1192|3846|CBG8931|104.372348785|30.1712036133|9174|77.25|223.75|0|0|9174
03:26:36|1192|3846|CBG8931|104.375095367|30.1797866821|9174|74.75|225.25|0|0|9174
03:26:40|1192|3846|CBG8931|104.377498627|30.1875114441|9174|71.0|226.75|0|0|9174
03:26:44|1192|3846|CBG8931|104.379558563|30.1957511902|9174|65.5|228.0|0|0|9174
03:26:48|1192|3846|CBG8931|104.381275177|30.204334259|9174|57.5|230.5|0|0|9174
03:26:52|1192|3846|CBG8931|104.382991791|30.2139472961|9174|49.25|231.5|0|0|9174
03:26:56|1192|3846|CBG8931|104.384880066|30.2221870422|9174|47.25|232.0|0|0|9174
03:27:00|1192|3846|CBG8931|104.386425018|30.2300834656|9174|44.25|232.0|0|0|9174
03:27:04|1192|3846|CBG8931|104.388141632|30.2390098572|9174|42.0|232.0|0|0|9174
03:27:08|1192|3846|CBG8931|104.389858246|30.2467346191|9174|42.5|232.0|0|0|9174
03:27:12|1192|3846|CBG8931|104.391746521|30.2558326721|9174|41.5|231.5|0|0|9174
03:27:16|1192|3846|CBG8931|104.392776489|30.2626991272|9174|39.0|231.5|0|0|9174
03:27:20|1192|3846|CBG8931|104.392948151|30.2709388733|9174|29.5|231.5|0|0|9174
03:27:24|1192|3846|CBG8931|104.393806458|30.2791786194|9174|25.0|231.5|0|0|9174
03:27:28|1192|3846|CBG8931|104.394493103|30.2870750427|9174|21.25|231.5|0|0|9174
03:27:32|1192|3846|CBG8931|104.39535141|30.2958297729|9174|21.25|231.0|0|0|9174
03:27:36|1192|3846|CBG8931|104.396038055|30.304069519|9174|19.25|230.5|0|0|9174
03:27:40|1192|3846|CBG8931|104.396724701|30.3123092651|9174|18.25|230.5|0|0|9174
03:27:44|1192|3846|CBG8931|104.397411346|30.3202056885|9174|18.25|229.5|0|0|9174
03:27:48|1192|3846|CBG8931|104.397926331|30.3279304504|9174|17.0|229.0|0|0|9174
03:27:52|1192|3846|CBG8931|104.398612976|30.3359985352|9174|16.5|228.5|0|0|9174
03:27:56|1192|3846|CBG8931|104.399299622|30.3442382812|9174|17.0|228.5|0|0|9174
03:28:00|1192|3846|CBG8931|104.400157928|30.3524780273|9174|17.0|228.5|0|0|9174
03:28:04|1192|3846|CBG8931|104.400844574|30.3602027893|9174|17.0|228.5|0|0|9174
03:28:08|1192|3846|CBG8931|104.401702881|30.3689575195|9174|17.25|228.0|0|0|9174
03:28:12|1192|3846|CBG8931|104.402389526|30.3771972656|9174|17.25|228.0|0|0|9174
03:28:16|1192|3846|CBG8931|104.403247833|30.3854370117|9174|17.25|228.0|0|0|9174
03:28:20|1192|3846|CBG8931|104.403934479|30.3936767578|9174|17.25|228.0|0|0|9174
03:28:24|1192|3846|CBG8931|104.404792786|30.4027748108|9174|17.25|228.0|0|0|9174
03:28:28|1192|3846|CBG8931|104.405651093|30.4113578796|9174|17.25|228.0|0|0|9174
03:28:32|1192|3846|CBG8931|104.406509399|30.4194259644|9174|17.75|228.0|0|0|9174
03:28:36|1192|3846|CBG8931|104.407196045|30.4269790649|9174|17.75|228.0|0|0|9174
03:28:40|1192|3846|CBG8931|104.408054352|30.4355621338|9174|17.75|228.5|0|0|9174
03:28:44|1192|3846|CBG8931|104.408740997|30.4438018799|9174|17.75|228.0|0|0|9174
03:28:48|1192|3846|CBG8931|104.409427643|30.4515266418|9174|17.75|228.5|0|0|9174
03:28:52|1192|3846|CBG8931|104.41028595|30.4599380493|9174|17.75|228.5|0|0|9174
03:28:56|1192|3846|CBG8931|104.411144257|30.4683494568|9174|17.75|228.5|0|0|9174
03:29:00|1192|3846|CBG8931|104.411830902|30.4765892029|9174|17.75|228.5|0|0|9174
03:29:04|1192|3846|CBG8931|104.412517548|30.4841423035|9174|17.75|228.5|0|0|9174
03:29:08|1192|3846|CBG8931|104.413375854|30.4930686951|9174|17.25|229.0|0|0|9174
03:29:12|1192|3846|CBG8931|104.4140625|30.5009651184|9174|17.25|229.0|0|0|9174
03:29:16|1192|3846|CBG8931|104.414749146|30.5090332031|9174|17.25|229.5|0|0|9174
03:29:20|1192|3846|CBG8931|104.415435791|30.5174446106|9174|17.0|229.5|0|0|9174
03:29:24|1192|3846|CBG8931|104.416122437|30.5258560181|9174|16.5|230.0|0|0|9174
03:29:28|1192|3846|CBG8931|104.416809082|30.5342674255|9174|16.5|230.5|0|0|9174
03:29:32|1192|3846|CBG8931|104.417495728|30.542678833|9174|16.5|231.5|0|0|9174
03:29:36|1192|3846|CBG8931|104.418354034|30.5514335632|9174|16.5|232.5|0|0|9174
03:29:40|1192|3846|CBG8931|104.419212341|30.5605316162|9174|17.0|233.0|0|0|9174
03:29:44|1192|3846|CBG8931|104.419898987|30.5687713623|9174|17.0|234.0|0|0|9174
03:29:48|1192|3846|CBG8931|104.420757294|30.5775260925|9174|17.25|235.0|0|0|9174
03:29:52|1192|3846|CBG8931|104.421787262|30.5871391296|9174|17.75|235.25|0|0|9174
03:29:56|1192|3846|CBG8931|104.422645569|30.5957221985|9174|17.75|235.75|0|0|9174
03:30:00|1192|3846|CBG8931|104.423503876|30.6049919128|9174|17.75|236.75|0|0|9174
03:30:04|1192|3846|CBG8931|104.424362183|30.6135749817|9174|18.25|236.75|0|0|9174
03:30:08|1192|3846|CBG8931|104.425048828|30.6219863892|9174|18.25|235.75|0|0|9174
03:30:12|1192|3846|CBG8931|104.425907135|30.6303977966|9174|18.25|236.25|0|0|9174
03:30:16|1192|3846|CBG8931|104.426765442|30.6389808655|9174|17.75|236.25|0|0|9174
03:30:20|1192|3846|CBG8931|104.427452087|30.6473922729|9174|17.75|235.75|0|0|9174
03:30:24|1192|3846|CBG8931|104.428138733|30.6540870667|9174|17.75|235.75|0|0|9174
03:30:28|1192|3846|CBG8931|104.428825378|30.6628417969|9174|17.75|235.25|0|0|9174
03:30:32|1192|3846|CBG8931|104.429683685|30.6715965271|9174|17.75|235.25|0|0|9174
03:30:36|1192|3846|CBG8931|104.430541992|30.6808662415|9174|17.75|235.25|0|0|9174
03:30:40|1192|3846|CBG8931|104.431400299|30.6896209717|9174|17.75|235.0|0|0|9174
03:30:44|1192|3846|CBG8931|104.432086945|30.6980323792|9174|17.75|234.5|0|0|9174
03:30:48|1192|3846|CBG8931|104.432945251|30.7064437866|9174|17.75|234.5|0|0|9174
03:30:52|1192|3846|CBG8931|104.433803558|30.7151985168|9174|17.75|234.5|0|0|9174
03:30:56|1192|3846|CBG8931|104.434318542|30.7218933105|9174|17.75|234.5|0|0|9174
03:31:00|1192|3846|CBG8931|104.435176849|30.7299613953|9174|17.75|234.5|0|0|9174
03:31:04|1192|3846|CBG8931|104.436035156|30.7400894165|9174|17.75|234.5|0|0|9174
03:31:08|1192|3846|CBG8931|104.436721802|30.7479858398|9174|17.75|234.0|0|0|9174
03:31:12|1192|3846|CBG8931|104.437580109|30.7563972473|9174|17.75|234.0|0|0|9174
03:31:16|1192|3846|CBG8931|104.438266754|30.7642936707|9174|17.75|233.5|0|0|9174
03:31:20|1192|3846|CBG8931|104.439125061|30.7730484009|9174|17.75|233.5|0|0|9174
03:31:24|1192|3846|CBG8931|104.439811707|30.7814598083|9174|17.75|233.5|0|0|9174
03:31:28|1192|3846|CBG8931|104.440670013|30.7893562317|9174|17.75|233.5|0|0|9174
03:31:32|1192|3846|CBG8931|104.441356659|30.7982826233|9174|17.75|233.0|0|0|9174
03:31:36|1192|3846|CBG8931|104.442214966|30.8061790466|9174|17.75|233.0|0|0|9174
03:31:40|1192|3846|CBG8931|104.443073273|30.8147621155|9174|17.75|233.0|0|0|9174
03:31:44|1192|3846|CBG8931|104.443759918|30.8224868774|9174|17.75|232.5|0|0|9174
03:31:48|1192|3846|CBG8931|104.444446564|30.8305549622|9174|17.75|232.5|0|0|9174
03:31:52|1192|3846|CBG8931|104.445304871|30.8389663696|9174|17.75|232.0|0|0|9174
03:31:56|1192|3846|CBG8931|104.445991516|30.8473777771|9167|17.25|232.0|0|0|9174
03:32:00|1192|3846|CBG8931|104.446678162|30.8557891846|9167|17.25|231.5|0|0|9174
03:32:04|1192|3846|CBG8931|104.447364807|30.8647155762|9167|16.5|231.5|0|0|9174
03:32:08|1192|3846|CBG8931|104.44770813|30.8720970154|9167|15.0|231.5|0|0|9174
03:32:12|1192|3846|CBG8931|104.447879791|30.8803367615|9167|7.25|231.0|0|0|9174
03:32:16|1192|3846|CBG8931|104.447536469|30.8897781372|9167|-1.5|230.0|0|0|9174
03:32:20|1192|3846|CBG8931|104.447536469|30.8966445923|9167|-4.25|229.0|0|0|9174
03:32:24|1192|3846|CBG8931|104.447193146|30.9048843384|9167|-6.75|228.5|0|0|9174
03:32:28|1192|3846|CBG8931|104.447021484|30.9127807617|9167|-6.25|228.0|0|0|9174
03:32:32|1192|3846|CBG8931|104.446849823|30.9213638306|9167|-6.25|227.75|0|0|9174
03:32:36|1192|3846|CBG8931|104.446678162|30.929775238|9167|-6.25|227.25|0|0|9174
03:32:40|1192|3846|CBG8931|104.446334839|30.9381866455|9167|-6.25|227.25|0|0|9174
03:32:44|1192|3846|CBG8931|104.446163177|30.9471130371|9167|-5.75|227.25|0|0|9174
03:32:48|1192|3846|CBG8931|104.445991516|30.9534645081|9167|-5.75|227.25|0|0|9174
03:32:52|1192|3846|CBG8931|104.445819855|30.9617042542|9167|-5.75|226.75|0|0|9174
03:32:56|1192|3846|CBG8931|104.445648193|30.9697723389|9167|-5.75|226.75|0|0|9174
03:33:00|1192|3846|CBG8931|104.445304871|30.9792137146|9167|-5.75|226.75|0|0|9174
03:33:04|1192|3846|CBG8931|104.445133209|30.9857368469|9167|-5.75|226.75|0|0|9174
03:33:08|1192|3846|CBG8931|104.444961548|30.9951782227|9167|-5.75|226.75|0|0|9174
03:33:12|1192|3846|CBG8931|104.444789886|31.0023880005|9167|-5.75|226.25|0|0|9174
03:33:16|1192|3846|CBG8931|104.444618225|31.0104560852|9167|-5.75|226.25|0|0|9174
03:33:20|1192|3846|CBG8931|104.444446564|31.0192108154|9167|-5.75|226.25|0|0|9174
03:33:24|1192|3846|CBG8931|104.444274902|31.026763916|9167|-5.75|226.25|0|0|9174
03:33:28|1192|3846|CBG8931|104.44393158|31.0367202759|9167|-5.75|226.25|0|0|9174
03:33:32|1192|3846|CBG8931|104.443759918|31.0441017151|9167|-5.75|226.25|0|0|9174
03:33:36|1192|3846|CBG8931|104.443588257|31.0519981384|9167|-5.75|226.25|0|0|9174
03:33:40|1192|3846|CBG8931|104.443416595|31.0600662231|9167|-5.75|226.25|0|0|9174
03:33:44|1192|3846|CBG8931|104.443244934|31.068649292|9167|-5.75|226.25|0|0|9174
03:33:48|1192|3846|CBG8931|104.443073273|31.0765457153|9167|-5.75|226.25|0|0|9174
03:33:52|1192|3846|CBG8931|104.44272995|31.0847854614|9167|-5.75|226.25|0|0|9174
03:33:56|1192|3846|CBG8931|104.442558289|31.0930252075|9167|-5.75|226.25|0|0|9174
03:34:00|1192|3846|CBG8931|104.442386627|31.1009216309|9167|-5.75|226.25|0|0|9174
03:34:04|1192|3846|CBG8931|104.442214966|31.109161377|9167|-5.75|226.25|0|0|9174
03:34:08|1192|3846|CBG8931|104.441871643|31.1172294617|9167|-5.75|226.25|0|0|9174
03:34:12|1192|3846|CBG8931|104.441699982|31.125125885|9167|-5.75|226.25|0|0|9174
03:34:16|1192|3846|CBG8931|104.44152832|31.1330223083|9167|-5.75|226.25|0|0|9174
03:34:20|1192|3846|CBG8931|104.441356659|31.1426353455|9167|-5.75|226.25|0|0|9174
03:34:24|1192|3846|CBG8931|104.441184998|31.1493301392|9167|-5.75|226.25|0|0|9174
03:34:28|1192|3846|CBG8931|104.440841675|31.1577415466|9167|-5.75|225.75|0|0|9174
03:34:32|1192|3846|CBG8931|104.440670013|31.1654663086|9167|-5.75|226.25|0|0|9174
03:34:36|1192|3846|CBG8931|104.440498352|31.1733627319|9167|-5.75|225.75|0|0|9174
03:34:40|1192|3846|CBG8931|104.440155029|31.1834907532|9167|-5.75|225.75|0|0|9174
03:34:44|1192|3846|CBG8931|104.440155029|31.1896705627|9167|-5.75|225.75|0|0|9174
03:34:48|1192|3846|CBG8931|104.439983368|31.1977386475|9167|-5.75|225.75|0|0|9174
03:34:52|1192|3846|CBG8931|104.439640045|31.2075233459|9167|-5.75|226.25|0|0|9174
03:34:56|1192|3846|CBG8931|104.439468384|31.2149047852|9167|-5.75|226.25|0|0|9174
03:35:00|1192|3846|CBG8931|104.439296722|31.223487854|9167|-5.75|226.25|0|0|9174
03:35:04|1192|3846|CBG8931|104.439125061|31.2306976318|9167|-5.75|226.25|0|0|9174
03:35:08|1192|3846|CBG8931|104.4389534|31.2391090393|9167|-5.75|226.25|0|0|9174
03:35:12|1192|3846|CBG8931|104.438610077|31.247177124|9167|-5.75|226.25|0|0|9174
03:35:16|1192|3846|CBG8931|104.438438416|31.2554168701|9167|-6.25|226.25|0|0|9174
03:35:20|1192|3846|CBG8931|104.437923431|31.2643432617|9167|-6.75|226.25|0|0|9174
03:35:24|1192|3846|CBG8931|104.437580109|31.2729263306|9167|-7.75|226.25|0|0|9174
03:35:28|1192|3846|CBG8931|104.436893463|31.2809944153|9167|-9.75|226.25|0|0|9174
03:35:32|1192|3846|CBG8931|104.436378479|31.2888908386|9167|-11.5|226.25|0|0|9174
03:35:36|1192|3846|CBG8931|104.435520172|31.2973022461|9167|-14.0|226.25|0|0|9174
03:35:40|1192|3846|CBG8931|104.434833527|31.3055419922|9167|-16.0|225.75|0|0|9174
03:35:44|1192|3846|CBG8931|104.434146881|31.3139533997|9167|-16.5|225.75|0|0|9174
03:35:48|1192|3846|CBG8931|104.433460236|31.3220214844|9167|-16.5|225.75|0|0|9174
03:35:52|1192|3846|CBG8931|104.432945251|31.3287162781|9167|-16.0|225.75|0|0|9174
03:35:56|1192|3846|CBG8931|104.432430267|31.3371276855|9167|-16.0|225.75|0|0|9174
03:36:00|1192|3846|CBG8931|104.431743622|31.345539093|9167|-15.5|226.25|0|0|9174
03:36:04|1192|3846|CBG8931|104.431228638|31.3539505005|9167|-15.5|226.25|0|0|9174
03:36:08|1192|3846|CBG8931|104.430713654|31.3618469238|9167|-15.0|226.25|0|0|9174
03:36:12|1192|3846|CBG8931|104.430027008|31.3704299927|9167|-15.0|226.25|0|0|9174
03:36:16|1192|3846|CBG8931|104.429512024|31.3781547546|9182|-15.0|226.25|0|0|9174
03:36:20|1192|3846|CBG8931|104.428825378|31.3862228394|9182|-15.0|225.75|0|0|9174
03:36:24|1192|3846|CBG8931|104.428310394|31.3944625854|9182|-15.0|226.25|0|0|9174
03:36:28|1192|3846|CBG8931|104.42779541|31.4027023315|9182|-15.0|226.25|0|0|9174
03:36:32|1192|3846|CBG8931|104.427108765|31.411113739|9182|-14.5|226.25|0|0|9174
03:36:36|1192|3846|CBG8931|104.426593781|31.4191818237|9182|-15.0|226.25|0|0|9174
03:36:40|1192|3846|CBG8931|104.425907135|31.4272499084|9182|-15.0|226.25|0|0|9174
03:36:44|1192|3846|CBG8931|104.425392151|31.4353179932|9182|-15.0|226.75|0|0|9174
03:36:48|1192|3846|CBG8931|104.424877167|31.4440727234|9182|-15.0|226.75|0|0|9174
03:36:52|1192|3846|CBG8931|104.424190521|31.4524841309|9182|-15.0|226.75|0|0|9174
03:36:56|1192|3846|CBG8931|104.423503876|31.460723877|9182|-15.0|226.75|0|0|9174
03:37:00|1192|3846|CBG8931|104.422988892|31.468963623|9182|-15.0|227.25|0|0|9174
03:37:04|1192|3846|CBG8931|104.422473907|31.4770317078|9182|-15.0|227.25|0|0|9174
03:37:08|1192|3846|CBG8931|104.421958923|31.4852714539|9182|-14.5|227.25|0|0|9174
03:37:12|1192|3846|CBG8931|104.421443939|31.4933395386|9182|-14.5|227.25|0|0|9174
03:37:16|1192|3846|CBG8931|104.420928955|31.5015792847|9182|-13.5|227.75|0|0|9174
03:37:20|1192|3846|CBG8931|104.420585632|31.509475708|9182|-13.0|227.75|0|0|9174
03:37:24|1192|3846|CBG8931|104.420413971|31.5180587769|9182|-12.0|228.0|0|0|9174
03:37:28|1192|3846|CBG8931|104.419898987|31.5273284912|9182|-12.0|228.0|0|0|9174
03:37:32|1192|3846|CBG8931|104.419898987|31.5340232849|9182|-10.5|228.0|0|0|9174
03:37:36|1192|3846|CBG8931|104.419555664|31.5420913696|9182|-10.25|228.5|0|0|9174
03:37:40|1192|3846|CBG8931|104.419212341|31.5508460999|9182|-10.25|228.5|0|0|9174
03:37:44|1192|3846|CBG8931|104.418869019|31.5589141846|9182|-10.25|228.5|0|0|8564
03:37:48|1192|3846|CBG8931|104.418697357|31.5671539307|9182|-9.75|228.5|0|0|7802
03:37:52|1192|3846|CBG8931|104.418182373|31.576423645|9182|-9.75|228.5|0|0|7802
03:37:56|1192|3846|CBG8931|104.41783905|31.5853500366|9182|-9.75|229.0|0|0|7802
03:38:00|1192|3846|CBG8931|104.417495728|31.5923881531|9182|-9.75|229.0|0|0|7802
03:38:04|1192|3846|CBG8931|104.416980743|31.6006278992|9159|-10.25|229.0|-2|0|7802
03:38:08|1192|3846|CBG8931|104.416637421|31.6088676453|9121|-10.25|229.5|-4|0|7802
03:38:12|1192|3846|CBG8931|104.416122437|31.6176223755|9098|-10.25|229.0|-6|0|7802
03:38:16|1192|3846|CBG8931|104.415779114|31.6253471375|9053|-10.25|229.5|-8|0|7802
03:38:20|1192|3846|CBG8931|104.415435791|31.6339302063|9007|-10.25|229.0|-9|0|7802
03:38:24|1192|3846|CBG8931|104.414920807|31.6421699524|8961|-10.25|229.0|-10|0|7802
03:38:28|1192|3846|CBG8931|104.414577484|31.6504096985|8915|-10.25|229.0|-10|0|7802
03:38:32|1192|3846|CBG8931|104.414234161|31.6581344604|8870|-10.25|229.0|-10|0|7802
03:38:36|1192|3846|CBG8931|104.413719177|31.6679191589|8824|-10.25|228.5|-10|0|7802
03:38:40|1192|3846|CBG8931|104.413375854|31.6744422913|8786|-10.5|228.0|-10|0|7802
03:38:44|1192|3846|CBG8931|104.413032532|31.682510376|8755|-10.5|227.75|-10|0|7802
03:38:48|1192|3846|CBG8931|104.412689209|31.6905784607|8710|-10.5|226.75|-10|0|7802
03:38:52|1192|3846|CBG8931|104.412345886|31.6983032227|8664|-10.25|224.25|-10|0|7802
03:38:56|1192|3846|CBG8931|104.411830902|31.706199646|8633|-10.25|220.5|-10|0|7802
03:39:00|1192|3846|CBG8931|104.411487579|31.7149543762|8595|-10.25|218.0|-10|0|7802
03:39:04|1192|3846|CBG8931|104.411144257|31.720790863|8557|-10.25|216.5|-10|0|7802
03:39:08|1192|3846|CBG8931|104.410629272|31.729888916|8527|-10.25|215.5|-9|0|7802
03:39:12|1192|3846|CBG8931|104.41028595|31.7358970642|8481|-10.25|214.5|-9|0|7802
03:39:16|1192|3846|CBG8931|104.409942627|31.7439651489|8451|-10.25|214.25|-9|0|7802
03:39:20|1192|3846|CBG8931|104.409427643|31.7516899109|8397|-10.25|214.25|-9|0|7802
03:39:24|1192|3846|CBG8931|104.40908432|31.759929657|8374|-10.25|213.75|-9|0|7802
03:39:28|1192|3846|CBG8931|104.408740997|31.7673110962|8321|-10.5|213.25|-10|0|7802
03:39:32|1192|3846|CBG8931|104.408226013|31.7753791809|8291|-10.5|212.75|-10|0|7802
03:39:36|1192|3846|CBG8931|104.407711029|31.7834472656|8245|-10.5|212.75|-10|0|7802
03:39:40|1192|3846|CBG8931|104.407367706|31.791343689|8192|-10.5|212.75|-11|0|7802
03:39:44|1192|3846|CBG8931|104.407024384|31.7980384827|8161|-10.5|212.75|-10|0|7802
03:39:48|1192|3846|CBG8931|104.406509399|31.8062782288|8108|-10.5|212.75|-11|0|7802
03:39:52|1192|3846|CBG8931|104.406166077|31.8143463135|8070|-10.5|213.25|-11|0|7802
03:39:56|1192|3846|CBG8931|104.405822754|31.8222427368|8031|-10.5|213.25|-11|0|7802
03:40:00|1192|3846|CBG8931|104.405479431|31.8284225464|7986|-10.25|213.25|-11|0|7802
03:40:04|1192|3846|CBG8931|104.404964447|31.8371772766|7948|-10.25|213.25|-10|0|7802
03:40:08|1192|3846|CBG8931|104.404621124|31.8440437317|7902|-10.25|213.25|-10|0|7802
03:40:12|1192|3846|CBG8931|104.404277802|31.851940155|7871|-10.25|213.25|-10|0|7802
03:40:16|1192|3846|CBG8931|104.403934479|31.8598365784|7841|-10.25|213.25|-8|0|7802
03:40:20|1192|3846|CBG8931|104.403591156|31.8680763245|7818|-10.25|213.25|-7|0|7802
03:40:24|1192|3846|CBG8931|104.403076172|31.8763160706|7811|-10.25|213.25|-5|0|7802
03:40:28|1192|3846|CBG8931|104.402732849|31.8824958801|7795|-10.25|213.75|-4|0|7802
03:40:32|1192|3846|CBG8931|104.402389526|31.8898773193|7803|-10.25|213.75|-2|0|7802
03:40:36|1192|3846|CBG8931|104.402046204|31.8993186951|7795|-9.75|214.25|-2|0|7802
03:40:40|1192|3846|CBG8931|104.401702881|31.905670166|7795|-9.75|215.0|-1|0|7802
03:40:44|1192|3846|CBG8931|104.401359558|31.9137382507|7803|-9.75|215.5|0|0|7802
03:40:48|1192|3846|CBG8931|104.400844574|31.9235229492|7803|-9.75|218.0|0|0|7802
03:40:52|1192|3846|CBG8931|104.400501251|31.9321060181|7803|-9.75|222.25|0|0|7802
03:40:56|1192|3846|CBG8931|104.399986267|31.9405174255|7803|-10.5|228.0|0|0|7802
03:41:00|1192|3846|CBG8931|104.399299622|31.948928833|7803|-11.0|229.5|0|0|7802
03:41:04|1192|3846|CBG8931|104.398956299|31.9575119019|7803|-11.0|230.0|0|0|7802
03:41:08|1192|3846|CBG8931|104.398441315|31.9652366638|7803|-11.0|230.5|0|0|7802
03:41:12|1192|3846|CBG8931|104.398097992|31.9736480713|7803|-11.0|229.5|0|0|7802
03:41:16|1192|3846|CBG8931|104.397754669|31.9822311401|7803|-11.0|230.0|0|0|7802
03:41:20|1192|3846|CBG8931|104.397239685|31.9911575317|7803|-11.0|230.5|0|0|7802
03:41:24|1192|3846|CBG8931|104.396896362|31.9985389709|7803|-10.5|230.0|0|0|7802
03:41:28|1192|3846|CBG8931|104.396381378|32.0076370239|7803|-10.5|229.5|0|0|7802
03:41:32|1192|3846|CBG8931|104.396038055|32.0153617859|7803|-10.5|229.5|0|0|7802
03:41:36|1192|3846|CBG8931|104.395694733|32.0239448547|7803|-10.5|229.0|0|0|7802
03:41:40|1192|3846|CBG8931|104.395179749|32.0321846008|7803|-10.5|229.5|0|0|7802
03:41:44|1192|3846|CBG8931|104.394836426|32.0400810242|7803|-10.5|229.0|0|0|7802
03:41:48|1192|3846|CBG8931|104.394493103|32.0471191406|7803|-10.5|229.0|0|0|7802
03:41:52|1192|3846|CBG8931|104.393978119|32.0569038391|7803|-10.5|229.5|0|0|7802
03:41:56|1192|3846|CBG8931|104.393634796|32.0648002625|7803|-10.5|229.5|0|0|7802
03:42:00|1192|3846|CBG8931|104.393119812|32.0733833313|7803|-10.5|230.0|0|0|7802
03:42:04|1192|3846|CBG8931|104.392776489|32.0819664001|7803|-10.5|230.0|0|0|7802
03:42:08|1192|3846|CBG8931|104.392261505|32.0900344849|7803|-10.5|230.0|0|0|7802
03:42:12|1192|3846|CBG8931|104.391918182|32.0986175537|7803|-10.5|230.0|0|0|7802
03:42:16|1192|3846|CBG8931|104.391403198|32.1066856384|7803|-11.0|230.0|0|0|7802
03:42:20|1192|3846|CBG8931|104.391059875|32.1150970459|7803|-11.0|230.0|0|0|7802
03:42:24|1192|3846|CBG8931|104.390544891|32.1235084534|7803|-11.0|230.0|0|0|7802
03:42:28|1192|3846|CBG8931|104.390201569|32.1319198608|7803|-11.0|230.0|0|0|7802
03:42:32|1192|3846|CBG8931|104.389686584|32.1394729614|7803|-11.0|230.0|0|0|7802
03:42:36|1192|3846|CBG8931|104.389343262|32.1475410461|7803|-11.0|229.5|0|0|7802
03:42:40|1192|3846|CBG8931|104.388828278|32.1562957764|7803|-11.0|229.5|0|0|7802
03:42:44|1192|3846|CBG8931|104.388484955|32.1643638611|7803|-11.0|229.5|0|0|7802
03:42:48|1192|3846|CBG8931|104.387969971|32.1732902527|7803|-11.0|229.5|0|0|7802
03:42:52|1192|3846|CBG8931|104.387626648|32.1805000305|7803|-11.0|229.5|0|0|7802
03:42:56|1192|3846|CBG8931|104.387111664|32.188911438|7803|-11.0|229.5|0|0|7802
03:43:00|1192|3846|CBG8931|104.386768341|32.1969795227|7803|-11.0|229.0|0|0|7802
03:43:04|1192|3846|CBG8931|104.386253357|32.2055625916|7803|-11.0|229.0|0|0|7802
03:43:08|1192|3846|CBG8931|104.385910034|32.2143173218|7803|-11.0|229.0|0|0|7802
03:43:12|1192|3846|CBG8931|104.385566711|32.2208404541|7803|-10.5|229.0|0|0|7802
03:43:16|1192|3846|CBG8931|104.385051727|32.2295951843|7803|-11.0|229.0|0|0|7802
03:43:20|1192|3846|CBG8931|104.384708405|32.2381782532|7803|-10.5|229.0|0|0|7802
03:43:24|1192|3846|CBG8931|104.384365082|32.2455596924|7803|-10.5|229.0|0|0|7802
03:43:28|1192|3846|CBG8931|104.383850098|32.254486084|7803|-10.5|229.0|0|0|7802
03:43:32|1192|3846|CBG8931|104.383506775|32.2627258301|7803|-10.5|229.0|0|0|7802
03:43:36|1192|3846|CBG8931|104.382991791|32.2713088989|7803|-10.5|229.0|0|0|7802
03:43:40|1192|3846|CBG8931|104.382476807|32.2804069519|7803|-10.5|229.0|0|0|7802
03:43:44|1192|3846|CBG8931|104.382133484|32.288646698|7803|-11.0|229.0|0|0|7802
03:43:48|1192|3846|CBG8931|104.381790161|32.2953414917|7803|-11.0|229.0|0|0|7802
03:43:52|1192|3846|CBG8931|104.381275177|32.3035812378|7803|-11.0|229.0|0|0|7802
03:43:56|1192|3846|CBG8931|104.380931854|32.3116493225|7803|-11.0|229.0|0|0|7802
03:44:00|1192|3846|CBG8931|104.38041687|32.3202323914|7803|-11.0|229.0|0|0|7802
03:44:04|1192|3846|CBG8931|104.380073547|32.3283004761|7803|-10.5|229.0|0|0|7802
03:44:08|1192|3846|CBG8931|104.379558563|32.3384284973|7803|-10.5|229.0|0|0|7802
03:44:12|1192|3846|CBG8931|104.379043579|32.3461532593|7803|-11.0|229.0|0|0|7802
03:44:16|1192|3846|CBG8931|104.378700256|32.3533630371|7803|-11.0|229.0|0|0|7802
03:44:20|1192|3846|CBG8931|104.378356934|32.361946106|7803|-11.0|229.0|0|0|7802
03:44:24|1192|3846|CBG8931|104.377841949|32.3708724976|7803|-11.0|229.0|0|0|7802
03:44:28|1192|3846|CBG8931|104.377498627|32.3789405823|7803|-11.0|229.0|0|0|7802
03:44:32|1192|3846|CBG8931|104.376983643|32.3864936829|7803|-11.0|229.0|0|0|7802
03:44:36|1192|3846|CBG8931|104.376468658|32.3959350586|7803|-11.0|229.0|0|0|7802
03:44:40|1192|3846|CBG8931|104.376125336|32.402973175|7803|-11.0|229.0|0|0|7802
03:44:44|1192|3846|CBG8931|104.375610352|32.4115562439|7803|-11.0|229.0|0|0|7802
03:44:48|1192|3846|CBG8931|104.375267029|32.4208259583|7803|-11.0|229.0|0|0|7802
03:44:52|1192|3846|CBG8931|104.374752045|32.4290657043|7803|-11.0|229.0|0|0|7802
03:44:56|1192|3846|CBG8931|104.374408722|32.4373054504|7803|-10.5|229.0|0|0|7802
03:45:00|1192|3846|CBG8931|104.374065399|32.4455451965|7803|-10.5|229.0|0|0|7802
03:45:04|1192|3846|CBG8931|104.373722076|32.453956604|7803|-10.5|229.0|0|0|7802
03:45:08|1192|3846|CBG8931|104.373207092|32.4621963501|7803|-10.5|229.0|0|0|7802
03:45:12|1192|3846|CBG8931|104.37286377|32.4704360962|7803|-10.5|229.0|0|0|7802
03:45:16|1192|3846|CBG8931|104.372520447|32.4785041809|7803|-10.25|229.5|0|0|7802
03:45:20|1192|3846|CBG8931|104.372177124|32.486743927|7803|-10.25|229.5|0|0|7802
03:45:24|1192|3846|CBG8931|104.371833801|32.4936103821|7803|-10.25|229.5|0|0|7802
03:45:28|1192|3846|CBG8931|104.371318817|32.5033950806|7803|-10.25|229.5|0|0|7802
03:45:32|1192|3846|CBG8931|104.370975494|32.5112915039|7803|-10.25|229.5|0|0|7802
03:45:36|1192|3846|CBG8931|104.370632172|32.5202178955|7803|-10.25|229.5|0|0|7802
03:45:40|1192|3846|CBG8931|104.370288849|32.5281143188|7803|-10.25|229.5|0|0|7802
03:45:44|1192|3846|CBG8931|104.369773865|32.5360107422|7803|-10.25|229.5|0|0|7802
03:45:48|1192|3846|CBG8931|104.369430542|32.5437355042|7803|-10.25|229.5|0|0|7802
03:45:52|1192|3846|CBG8931|104.369087219|32.5521469116|7803|-10.25|229.5|0|0|7802
03:45:56|1192|3846|CBG8931|104.368743896|32.5607299805|7803|-10.25|229.5|0|0|7802
03:46:00|1192|3846|CBG8931|104.368228912|32.5701713562|7803|-10.25|229.5|0|0|7802
03:46:04|1192|3846|CBG8931|104.36788559|32.5766944885|7803|-10.25|229.0|0|0|7802
03:46:08|1192|3846|CBG8931|104.367542267|32.585105896|7803|-10.25|229.0|0|0|7802
03:46:12|1192|3846|CBG8931|104.367027283|32.5940322876|7803|-10.25|229.0|0|0|7802
03:46:16|1192|3846|CBG8931|104.36668396|32.6015853882|7803|-10.25|229.0|0|0|7802
03:46:20|1192|3846|CBG8931|104.366340637|32.6096534729|7803|-10.25|229.0|0|0|7802
03:46:24|1192|3846|CBG8931|104.365997314|32.617893219|7803|-10.25|229.0|0|0|7802
03:46:28|1192|3846|CBG8931|104.365653992|32.6259613037|7803|-10.25|229.0|0|0|7802
03:46:32|1192|3846|CBG8931|104.365310669|32.6340293884|7803|-9.75|229.0|0|0|7802
03:46:36|1192|3846|CBG8931|104.364795685|32.6426124573|7803|-10.25|229.0|0|0|7802
03:46:40|1192|3846|CBG8931|104.364452362|32.6523971558|7803|-10.25|229.0|0|0|7802
03:46:44|1192|3846|CBG8931|104.364109039|32.6601219177|7803|-10.25|229.0|0|0|7802
03:46:48|1192|3846|CBG8931|104.363765717|32.6675033569|7803|-10.25|229.0|0|0|7802
03:46:52|1192|3846|CBG8931|104.363250732|32.6769447327|7803|-10.25|229.0|0|0|7802
03:46:56|1192|3846|CBG8931|104.36290741|32.6855278015|7803|-10.25|228.5|0|0|7802
03:47:00|1192|3846|CBG8931|104.362392426|32.6932525635|7803|-10.25|228.5|0|0|7802
03:47:04|1192|3846|CBG8931|104.362049103|32.7001190186|7803|-10.25|228.5|0|0|7802
03:47:08|1192|3846|CBG8931|104.36170578|32.7083587646|7803|-10.25|228.5|0|0|7802
03:47:12|1192|3846|CBG8931|104.361362457|32.7167701721|7803|-10.25|228.0|0|0|7802
03:47:16|1192|3846|CBG8931|104.361019135|32.7246665955|7803|-10.25|228.0|0|0|7802
03:47:20|1192|3846|CBG8931|104.36050415|32.7329063416|7803|-10.25|228.0|0|0|7802
03:47:24|1192|3846|CBG8931|104.360160828|32.7409744263|7803|-10.25|228.0|0|0|7802
03:47:28|1192|3846|CBG8931|104.359817505|32.7493858337|7803|-10.25|227.75|0|0|7802
03:47:32|1192|3846|CBG8931|104.359302521|32.7579689026|7803|-10.25|227.75|0|0|7802
03:47:36|1192|3846|CBG8931|104.358959198|32.7663803101|7803|-10.25|227.75|0|0|7802
03:47:40|1192|3846|CBG8931|104.358615875|32.7749633789|7803|-10.25|227.75|0|0|7802
03:47:44|1192|3846|CBG8931|104.358100891|32.7825164795|7803|-10.25|227.75|0|0|7802
03:47:48|1192|3846|CBG8931|104.357757568|32.7910995483|7803|-10.25|227.75|0|0|7802
03:47:52|1192|3846|CBG8931|104.357414246|32.7993392944|7803|-10.25|227.75|0|0|7802
03:47:56|1192|3846|CBG8931|104.357070923|32.8070640564|7803|-10.25|227.75|0|0|7802
03:48:00|1192|3846|CBG8931|104.3567276|32.8147888184|7803|-9.75|227.75|0|0|7802
03:48:04|1192|3846|CBG8931|104.356212616|32.8233718872|7803|-9.75|227.75|0|0|7802
03:48:08|1192|3846|CBG8931|104.355869293|32.8314399719|7803|-9.75|227.75|0|0|7802
03:48:12|1192|3846|CBG8931|104.35552597|32.8395080566|7803|-9.75|227.75|0|0|7802
03:48:16|1192|3846|CBG8931|104.355182648|32.8482627869|7803|-9.75|228.0|0|0|7802
03:48:20|1192|3846|CBG8931|104.354839325|32.8561592102|7803|-9.75|228.0|0|0|7802
03:48:24|1192|3846|CBG8931|104.354324341|32.8643989563|7803|-9.75|228.0|0|0|7802
03:48:28|1192|3846|CBG8931|104.353981018|32.8729820251|7803|-10.25|228.5|0|0|7802
03:48:32|1192|3846|CBG8931|104.353466034|32.8813934326|7803|-10.25|228.5|0|0|7802
03:48:36|1192|3846|CBG8931|104.353122711|32.8901481628|7803|-10.25|228.5|0|0|7802
03:48:40|1192|3846|CBG8931|104.352779388|32.8985595703|7803|-10.25|228.5|0|0|7802
03:48:44|1192|3846|CBG8931|104.352264404|32.9073143005|7803|-10.25|229.0|0|0|7802
03:48:48|1192|3846|CBG8931|104.351921082|32.9140090942|7803|-10.25|229.0|0|0|7802
03:48:52|1192|3846|CBG8931|104.351577759|32.9227638245|7803|-10.25|229.0|0|0|7802
03:48:56|1192|3846|CBG8931|104.351062775|32.9315185547|7803|-10.25|229.0|0|0|7802
03:49:00|1192|3846|CBG8931|104.350719452|32.9397583008|7803|-10.25|229.0|0|0|7802
03:49:04|1192|3846|CBG8931|104.350376129|32.948513031|7803|-10.25|229.0|0|0|7802
03:49:08|1192|3846|CBG8931|104.349861145|32.9564094543|7803|-10.25|229.0|0|0|7802
03:49:12|1192|3846|CBG8931|104.349517822|32.9648208618|7803|-10.25|229.0|0|0|7802
03:49:16|1192|3846|CBG8931|104.3491745|32.9728889465|7803|-10.25|229.0|0|0|7802
03:49:20|1192|3846|CBG8931|104.348659515|32.981300354|7803|-10.25|229.0|0|0|7802
03:49:24|1192|3846|CBG8931|104.348316193|32.9895401001|7803|-10.25|229.0|0|0|7802
03:49:28|1192|3846|CBG8931|104.34797287|32.9977798462|7803|-10.25|229.0|0|0|7802
03:49:32|1192|3846|CBG8931|104.347629547|33.0058479309|7803|-10.25|229.0|0|0|7802
03:49:36|1192|3846|CBG8931|104.347286224|33.0139160156|7803|-10.25|229.0|0|0|7802
03:49:40|1192|3846|CBG8931|104.34677124|33.0223274231|7803|-10.25|229.0|0|0|7802
03:49:44|1192|3846|CBG8931|104.346427917|33.0300521851|7803|-10.25|229.0|0|0|7802
03:49:48|1192|3846|CBG8931|104.346084595|33.0382919312|7803|-10.25|228.5|0|0|7802
03:49:52|1192|3846|CBG8931|104.345569611|33.0477333069|7803|-10.25|228.5|0|0|7802
03:49:56|1192|3846|CBG8931|104.345226288|33.0539131165|7803|-10.25|228.5|0|0|7802
03:50:00|1192|3846|CBG8931|104.344882965|33.0628395081|7803|-10.25|228.5|0|0|7802
03:50:04|1192|3846|CBG8931|104.344539642|33.0714225769|7803|-10.25|228.5|0|0|7802
03:50:08|1192|3846|CBG8931|104.34419632|33.0788040161|7803|-10.25|228.5|0|0|7802
03:50:12|1192|3846|CBG8931|104.343681335|33.0872154236|7803|-10.25|228.0|0|0|7802
03:50:16|1192|3846|CBG8931|104.343338013|33.0951118469|7803|-10.25|228.0|0|0|7802
03:50:20|1192|3846|CBG8931|104.342823029|33.1042098999|7803|-10.25|227.75|0|0|7802
03:50:24|1192|3846|CBG8931|104.342479706|33.1126213074|7803|-10.25|227.75|0|0|7802
03:50:28|1192|3846|CBG8931|104.342136383|33.1194877625|7803|-10.25|227.75|0|0|7802
03:50:32|1192|3846|CBG8931|104.34179306|33.1275558472|7803|-10.25|227.25|0|0|7802
03:50:36|1192|3846|CBG8931|104.341278076|33.136138916|7803|-10.25|227.25|0|0|7802
03:50:40|1192|3846|CBG8931|104.340934753|33.1442070007|7803|-10.25|226.75|0|0|7802
03:50:44|1192|3846|CBG8931|104.340591431|33.1524467468|7803|-10.25|226.75|0|0|7802
03:50:48|1192|3846|CBG8931|104.340248108|33.1603431702|7803|-10.25|226.75|0|0|7802
03:50:52|1192|3846|CBG8931|104.339733124|33.1684112549|7803|-10.25|226.75|0|0|7802
03:50:56|1192|3846|CBG8931|104.339389801|33.176651001|7803|-10.25|226.25|0|0|7802
03:51:00|1192|3846|CBG8931|104.339046478|33.1852340698|7803|-10.25|226.25|0|0|7802
03:51:04|1192|3846|CBG8931|104.338703156|33.1933021545|7803|-10.25|226.25|0|0|7802
03:51:08|1192|3846|CBG8931|104.338188171|33.2013702393|7803|-9.75|226.25|0|0|7802
03:51:12|1192|3846|CBG8931|104.337844849|33.2097816467|7803|-10.25|226.25|0|0|7802
03:51:16|1192|3846|CBG8931|104.337501526|33.2176780701|7803|-10.25|226.25|0|0|7802
03:51:20|1192|3846|CBG8931|104.337158203|33.2255744934|7803|-9.75|226.25|0|0|7802
03:51:24|1192|3846|CBG8931|104.336643219|33.2338142395|7803|-9.75|226.25|0|0|7802
03:51:28|1192|3846|CBG8931|104.336299896|33.2420539856|7803|-9.75|226.25|0|0|7802
03:51:32|1192|3846|CBG8931|104.335956573|33.2502937317|7803|-9.75|226.25|0|0|7802
03:51:36|1192|3846|CBG8931|104.335441589|33.2585334778|7803|-10.25|226.25|0|0|7802
03:51:40|1192|3846|CBG8931|104.335098267|33.2666015625|7803|-10.25|226.25|0|0|7802
03:51:44|1192|3846|CBG8931|104.334754944|33.2746696472|7803|-9.75|226.25|0|0|7802
03:51:48|1192|3846|CBG8931|104.334411621|33.2832527161|7803|-9.75|226.25|0|0|7802
03:51:52|1192|3846|CBG8931|104.333896637|33.2916641235|7803|-9.75|226.25|0|0|7802
03:51:56|1192|3846|CBG8931|104.333553314|33.300075531|7803|-9.75|226.25|0|0|7802
03:52:00|1192|3846|CBG8931|104.333209991|33.307800293|7803|-9.75|226.25|0|0|7802
03:52:04|1192|3846|CBG8931|104.332695007|33.3165550232|7803|-10.25|226.75|0|0|7802
03:52:08|1192|3846|CBG8931|104.332351685|33.3246231079|7803|-10.25|226.75|0|0|7802
03:52:12|1192|3846|CBG8931|104.332008362|33.3325195312|7803|-10.25|226.25|0|0|7802
03:52:16|1192|3846|CBG8931|104.331665039|33.3404159546|7803|-9.75|226.25|0|0|7802
03:52:20|1192|3846|CBG8931|104.331150055|33.3488273621|7803|-10.25|226.25|0|0|7802
03:52:24|1192|3846|CBG8931|104.330806732|33.3567237854|7803|-9.75|226.25|0|0|7802
03:52:28|1192|3846|CBG8931|104.330463409|33.3654785156|7803|-9.75|226.25|0|0|7802
03:52:32|1192|3846|CBG8931|104.330120087|33.3720016479|7803|-10.25|226.25|0|0|7802
03:52:36|1192|3846|CBG8931|104.329605103|33.3800697327|7803|-10.25|226.25|0|0|7802
03:52:40|1192|3846|CBG8931|104.32926178|33.3898544312|7803|-10.25|226.25|0|0|7802
03:52:44|1192|3846|CBG8931|104.328918457|33.3965492249|7803|-10.25|226.25|0|0|7802
03:52:48|1192|3846|CBG8931|104.328575134|33.4044456482|7803|-10.25|225.75|0|0|7802
03:52:52|1192|3846|CBG8931|104.32806015|33.4140586853|7803|-10.25|225.75|0|0|7802
03:52:56|1192|3846|CBG8931|104.327716827|33.4219551086|7803|-9.75|225.75|0|0|7802
03:53:00|1192|3846|CBG8931|104.327201843|33.429851532|7803|-9.75|225.75|0|0|7802
03:53:04|1192|3846|CBG8931|104.326858521|33.4380912781|7803|-9.75|225.75|0|0|7802
03:53:08|1192|3846|CBG8931|104.326515198|33.4470176697|7803|-9.75|225.75|0|0|7802
03:53:12|1192|3846|CBG8931|104.326171875|33.4550857544|7803|-9.75|225.75|0|0|7802
03:53:16|1192|3846|CBG8931|104.325828552|33.461265564|7803|-9.75|225.75|0|0|7802
03:53:20|1192|3846|CBG8931|104.325313568|33.4703636169|7803|-9.75|225.75|0|0|7802
03:53:24|1192|3846|CBG8931|104.324970245|33.4782600403|7803|-9.75|226.25|0|0|7802
03:53:28|1192|3846|CBG8931|104.324626923|33.4861564636|7803|-9.75|226.25|0|0|7802
03:53:32|1192|3846|CBG8931|104.3242836|33.4943962097|7803|-9.75|226.25|0|0|7802
03:53:36|1192|3846|CBG8931|104.323940277|33.5026359558|7803|-9.75|226.25|0|0|7802
03:53:40|1192|3846|CBG8931|104.323425293|33.5117340088|7803|-9.75|226.25|0|0|7802
03:53:44|1192|3846|CBG8931|104.32308197|33.5186004639|7803|-9.75|226.25|0|0|7802
03:53:48|1192|3846|CBG8931|104.322738647|33.5280418396|7803|-9.75|226.25|0|0|7802
03:53:52|1192|3846|CBG8931|104.322395325|33.5349082947|7803|-9.75|225.75|0|0|7802
03:53:56|1192|3846|CBG8931|104.321880341|33.5434913635|7803|-9.75|225.75|0|0|7802
03:54:00|1192|3846|CBG8931|104.321537018|33.5512161255|7803|-9.75|225.75|0|0|7802
03:54:04|1192|3846|CBG8931|104.321193695|33.5589408875|7803|-9.75|225.25|0|0|7802
03:54:08|1192|3846|CBG8931|104.320678711|33.5676956177|7803|-10.25|225.75|0|0|7802
03:54:12|1192|3846|CBG8931|104.320335388|33.5761070251|7803|-9.75|225.25|0|0|7802
03:54:16|1192|3846|CBG8931|104.319992065|33.5838317871|7803|-10.25|224.75|0|0|7802
03:54:20|1192|3846|CBG8931|104.319477081|33.5913848877|7803|-10.25|224.25|0|0|7802
03:54:24|1192|3846|CBG8931|104.318790436|33.6008262634|7803|-11.0|224.25|0|0|7802
03:54:28|1192|3846|CBG8931|104.318275452|33.6075210571|7803|-11.0|223.75|0|0|7802
03:54:32|1192|3846|CBG8931|104.317932129|33.616104126|7803|-11.0|223.25|0|0|7802
03:54:36|1192|3846|CBG8931|104.317417145|33.6236572266|7803|-11.0|223.25|0|0|0
03:54:40|1192|3846|CBG8931|104.316902161|33.6312103271|7803|-11.0|223.25|0|0|0
03:54:44|1192|3846|CBG8931|104.316215515|33.639793396|7803|-11.5|222.75|0|0|0
03:54:48|1192|3846|CBG8931|104.315872192|33.6483764648|7803|-11.0|222.25|0|0|0
03:54:52|1192|3846|CBG8931|104.31552887|33.6557579041|7803|-11.0|222.25|0|0|0
03:54:56|1192|3846|CBG8931|104.31552887|33.663482666|7803|-10.25|222.25|0|0|0
03:55:00|1192|3846|CBG8931|104.315013885|33.6724090576|7803|-10.25|222.25|0|0|0
03:55:04|1192|3846|CBG8931|104.314670563|33.6785888672|7803|-10.25|222.25|0|0|0
03:55:08|1192|3846|CBG8931|104.314155579|33.6876869202|7803|-10.5|221.75|0|0|0
03:55:12|1192|3846|CBG8931|104.313812256|33.6952400208|7803|-10.25|221.75|0|0|0
03:55:16|1192|3846|CBG8931|104.313468933|33.7027931213|7803|-10.25|221.75|0|0|0
03:55:20|1192|3846|CBG8931|104.31312561|33.7124061584|7803|-9.75|221.75|0|0|0
03:55:24|1192|3846|CBG8931|104.312782288|33.719959259|7803|-9.75|222.25|0|0|0
03:55:28|1192|3846|CBG8931|104.312438965|33.7278556824|7803|-9.25|222.25|0|0|0
03:55:32|1192|3846|CBG8931|104.312267303|33.7355804443|7803|-9.25|222.25|0|0|0
03:55:36|1192|3846|CBG8931|104.311923981|33.7427902222|7803|-9.25|222.25|0|0|0
03:55:40|1192|3846|CBG8931|104.311408997|33.7524032593|7803|-9.25|222.75|0|0|0
03:55:44|1192|3846|CBG8931|104.311065674|33.760471344|7803|-9.25|222.75|0|0|0
03:55:48|1192|3846|CBG8931|104.310894012|33.7678527832|7803|-9.25|222.75|0|0|0
03:55:52|1192|3846|CBG8931|104.31055069|33.7759208679|7803|-9.25|222.75|0|0|0
03:55:56|1192|3846|CBG8931|104.310207367|33.7834739685|7803|-8.75|222.75|0|0|0
03:56:00|1192|3846|CBG8931|104.309864044|33.7927436829|7803|-8.75|222.75|0|0|0
03:56:04|1192|3846|CBG8931|104.309520721|33.8002967834|7803|-9.25|223.25|0|0|0
03:56:08|1192|3846|CBG8931|104.309177399|33.8080215454|7803|-9.25|223.25|0|0|0
03:56:12|1192|3846|CBG8931|104.308834076|33.8160896301|7803|-8.75|222.75|0|0|0
03:56:16|1192|3846|CBG8931|104.308490753|33.8236427307|7803|-8.75|222.75|0|0|0
03:56:20|1192|3846|CBG8931|104.30814743|33.8323974609|7803|-8.75|222.75|0|0|0
03:56:24|1192|3846|CBG8931|104.307804108|33.8401222229|7803|-8.75|222.75|0|0|0
03:56:28|1192|3846|CBG8931|104.307460785|33.8476753235|7803|-8.75|222.75|0|0|0
03:56:32|1192|3846|CBG8931|104.307117462|33.8572883606|7803|-8.75|222.75|0|0|0
03:56:36|1192|3846|CBG8931|104.306774139|33.8648414612|7803|-8.75|222.75|0|0|0
03:56:40|1192|3846|CBG8931|104.306430817|33.8723945618|7803|-8.75|222.75|0|0|0
03:56:44|1192|3846|CBG8931|104.306087494|33.8801193237|7803|-8.75|222.25|0|0|0
03:56:48|1192|3846|CBG8931|104.305744171|33.8876724243|7803|-8.75|222.25|0|0|0
03:56:52|1192|3846|CBG8931|104.305400848|33.8952255249|7803|-8.75|222.25|0|0|0
03:56:56|1192|3846|CBG8931|104.304885864|33.904838562|7803|-9.25|222.25|0|0|0
03:57:00|1192|3846|CBG8931|104.304542542|33.9123916626|7803|-9.25|222.25|0|0|0
03:57:04|1192|3846|CBG8931|104.304199219|33.9199447632|7803|-9.25|221.75|0|0|0
03:57:08|1192|3846|CBG8931|104.303855896|33.9274978638|7803|-9.25|221.75|0|0|0
03:57:12|1192|3846|CBG8931|104.303512573|33.9350509644|7803|-9.25|221.75|0|0|0
03:57:16|1192|3846|CBG8931|104.302997589|33.9446640015|7803|-9.25|221.75|0|0|0
03:57:20|1192|3846|CBG8931|104.302654266|33.9522171021|7803|-9.25|221.75|0|0|0
03:57:24|1192|3846|CBG8931|104.302139282|33.9597702026|7803|-9.25|221.75|0|0|0
03:57:28|1192|3846|CBG8931|104.301624298|33.9686965942|7803|-9.75|221.75|0|0|0
03:57:32|1192|3846|CBG8931|104.301280975|33.9762496948|7803|-9.75|221.75|0|0|0
03:57:36|1192|3846|CBG8931|104.300937653|33.9839744568|7803|-9.75|221.75|0|0|0
03:57:40|1192|3846|CBG8931|104.30059433|33.9915275574|7803|-9.75|221.75|0|0|0
03:57:44|1192|3846|CBG8931|104.300079346|33.9989089966|7803|-9.75|221.75|0|0|0
03:57:48|1192|3846|CBG8931|104.299736023|34.0086936951|7803|-9.75|221.75|0|0|0
03:57:52|1192|3846|CBG8931|104.2993927|34.0162467957|7803|-9.75|221.75|0|0|0
03:57:56|1192|3846|CBG8931|104.299049377|34.0239715576|7803|-9.75|221.75|0|0|0
03:58:00|1192|3846|CBG8931|104.298706055|34.0316963196|7803|-9.25|221.25|0|0|0
03:58:04|1192|3846|CBG8931|104.298362732|34.0390777588|7803|-9.25|221.0|0|0|0
03:58:08|1192|3846|CBG8931|104.297847748|34.0481758118|7803|-9.25|221.0|0|0|0
03:58:12|1192|3846|CBG8931|104.297676086|34.0557289124|7803|-9.25|221.0|0|0|0
03:58:16|1192|3846|CBG8931|104.297332764|34.0632820129|7803|-9.25|220.5|0|0|0
03:58:20|1192|3846|CBG8931|104.296989441|34.0708351135|7803|-8.75|220.5|0|0|0
03:58:24|1192|3846|CBG8931|104.296646118|34.0780448914|7803|-8.75|220.0|0|0|0
03:58:28|1192|3846|CBG8931|104.296302795|34.0874862671|7803|-8.75|220.0|0|0|0
03:58:32|1192|3846|CBG8931|104.295959473|34.0950393677|7803|-8.75|220.0|0|0|0
03:58:36|1192|3846|CBG8931|104.29561615|34.1024208069|7803|-8.75|219.5|0|0|0
03:58:40|1192|3846|CBG8931|104.295272827|34.1099739075|7803|-8.75|219.5|0|0|0
03:58:44|1192|3846|CBG8931|104.294929504|34.1173553467|7803|-8.75|219.0|0|0|0
03:58:48|1192|3846|CBG8931|104.29441452|34.1261100769|7803|-8.75|218.5|0|0|0
03:58:52|1192|3846|CBG8931|104.294071198|34.1331481934|7803|-9.25|218.5|0|0|0
03:58:56|1192|3846|CBG8931|104.293727875|34.1407012939|7803|-9.25|218.5|0|0|0
03:59:00|1192|3846|CBG8931|104.293212891|34.1501426697|7803|-9.25|218.5|0|0|0
03:59:04|1192|3846|CBG8931|104.292869568|34.1575241089|7803|-9.25|218.5|0|0|0
03:59:08|1192|3846|CBG8931|104.292526245|34.1654205322|7803|-9.25|218.0|0|0|0
03:59:12|1192|3846|CBG8931|104.292182922|34.1729736328|7803|-9.25|217.5|0|0|0
03:59:16|1192|3846|CBG8931|104.2918396|34.1800117493|7803|-9.25|217.5|0|0|0
03:59:20|1192|3846|CBG8931|104.291324615|34.1891098022|7803|-9.25|217.5|0|0|0
03:59:24|1192|3846|CBG8931|104.290981293|34.1966629028|7803|-9.25|217.5|0|0|0
03:59:28|1192|3846|CBG8931|104.290466309|34.204044342|7803|-9.25|217.5|0|0|0
03:59:32|1192|3846|CBG8931|104.290122986|34.2115974426|7803|-9.25|217.5|0|0|0
03:59:36|1192|3846|CBG8931|104.289779663|34.2191505432|7803|-9.25|217.5|0|0|0
03:59:40|1192|3846|CBG8931|104.289264679|34.2280769348|7803|-9.75|217.5|0|0|0
03:59:44|1192|3846|CBG8931|104.288921356|34.2356300354|7803|-9.75|217.5|0|0|0
03:59:48|1192|3846|CBG8931|104.288578033|34.243183136|7803|-9.75|217.5|0|0|0
03:59:52|1192|3846|CBG8931|104.288063049|34.2505645752|7803|-9.75|217.5|0|0|0
03:59:56|1192|3846|CBG8931|104.287719727|34.2581176758|7803|-9.75|217.5|0|0|0
04:00:00|1192|3846|CBG8931|104.287376404|34.266872406|7803|-9.75|217.5|0|0|0
