15:00:04|221|1859|CBJ5158|103.374137878|25.4275131226|6888|223.25|111.5|0|0|0
15:00:08|221|1859|CBJ5158|103.382205963|25.4312896729|6888|226.25|112.75|0|0|0
15:00:12|221|1859|CBJ5158|103.392505646|25.4360961914|6888|226.25|113.25|0|0|0
15:00:16|221|1859|CBJ5158|103.40057373|25.4397010803|6888|230.0|115.25|0|0|0
15:00:19|221|1859|CBJ5158|103.410701752|25.4443359375|6888|229.0|114.75|0|0|0
15:00:24|221|1859|CBJ5158|103.419628143|25.4484558105|6911|231.5|116.25|2|0|0
15:00:28|221|1859|CBJ5158|103.428382874|25.4524040222|6942|232.5|116.25|4|0|0
15:00:32|221|1859|CBJ5158|103.438682556|25.4570388794|6972|233.0|116.25|5|0|0
15:00:36|221|1859|CBJ5158|103.447952271|25.4609870911|6988|234.5|116.25|6|0|0
15:00:39|221|1859|CBJ5158|103.457393646|25.4649353027|7018|234.0|115.25|6|0|0
15:00:44|221|1859|CBJ5158|103.466491699|25.4688835144|7049|235.75|115.75|7|0|0
15:00:48|221|1859|CBJ5158|103.476276398|25.4733467102|7087|235.75|115.25|7|0|0
15:00:52|221|1859|CBJ5158|103.485202789|25.4772949219|7109|235.25|115.25|7|0|0
15:00:56|221|1859|CBJ5158|103.494472504|25.4812431335|7132|235.25|114.25|7|0|0
15:01:00|221|1859|CBJ5158|103.503742218|25.485534668|7148|235.25|114.75|5|0|0
15:01:04|221|1859|CBJ5158|103.513011932|25.489654541|7163|235.25|114.75|5|0|0
15:01:07|221|1859|CBJ5158|103.522624969|25.4937744141|7170|235.75|114.75|3|0|0
15:01:12|221|1859|CBJ5158|103.531723022|25.4980659485|7186|235.25|115.25|3|0|0
15:01:16|221|1859|CBJ5158|103.541164398|25.5023574829|7193|235.25|115.25|3|0|0
15:01:19|221|1859|CBJ5158|103.551807404|25.5075073242|7216|235.0|115.75|4|0|0
15:01:24|221|1859|CBJ5158|103.561077118|25.5116271973|7247|235.0|115.75|5|0|0
15:01:28|221|1859|CBJ5158|103.56880188|25.5152320862|7292|235.0|116.25|8|0|0
15:01:31|221|1859|CBJ5158|103.577899933|25.519695282|7338|234.5|117.25|10|0|0
15:01:36|221|1859|CBJ5158|103.588027954|25.5248451233|7399|233.5|118.75|11|0|0
15:01:40|221|1859|CBJ5158|103.597640991|25.5294799805|7452|233.0|118.75|13|0|0
15:01:43|221|1859|CBJ5158|103.606395721|25.5346298218|7513|231.0|122.0|14|0|0
15:01:48|221|1859|CBJ5158|103.614463806|25.5399513245|7582|226.25|127.75|15|0|0
15:01:52|221|1859|CBJ5158|103.622016907|25.5440711975|7635|225.75|127.75|14|0|0
15:01:56|221|1859|CBJ5158|103.631286621|25.5505943298|7696|219.0|138.0|13|0|0
15:01:59|221|1859|CBJ5158|103.637638092|25.5560874939|7727|211.75|147.5|12|0|0
15:02:04|221|1859|CBJ5158|103.645019531|25.5624389648|7757|203.5|157.25|11|0|0
15:02:08|221|1859|CBJ5158|103.652057648|25.5689620972|7788|194.0|166.5|9|0|0
15:02:11|221|1859|CBJ5158|103.659954071|25.5746269226|7818|195.25|164.5|8|0|0
15:02:16|221|1859|CBJ5158|103.66733551|25.5809783936|7841|193.5|166.0|8|0|0
15:02:20|221|1859|CBJ5158|103.675746918|25.5878448486|7879|192.0|167.75|9|0|0
15:02:24|221|1859|CBJ5158|103.682613373|25.5928230286|7902|193.5|165.0|8|0|0
15:02:28|221|1859|CBJ5158|103.689479828|25.598487854|7932|192.0|166.0|7|0|0
15:02:32|221|1859|CBJ5158|103.697719574|25.6046676636|7971|192.5|165.0|8|0|0
15:02:36|221|1859|CBJ5158|103.704071045|25.6101608276|7993|191.0|166.5|8|0|0
15:02:40|221|1859|CBJ5158|103.713512421|25.6175422668|8024|191.0|165.5|7|0|0
15:02:44|221|1859|CBJ5158|103.719520569|25.6220054626|8047|191.5|165.5|7|0|0
15:02:48|221|1859|CBJ5158|103.727245331|25.6281852722|8070|192.0|166.0|6|0|0
15:02:51|221|1859|CBJ5158|103.734970093|25.6343650818|8085|192.0|166.5|5|0|0
15:02:56|221|1859|CBJ5158|103.742694855|25.64037323|8100|192.5|166.5|5|0|0
15:03:00|221|1859|CBJ5158|103.750247955|25.6465530396|8123|192.5|166.75|5|0|0
15:03:03|221|1859|CBJ5158|103.757972717|25.6525611877|8146|192.5|166.75|5|0|0
15:03:08|221|1859|CBJ5158|103.765869141|25.6587409973|8169|193.0|166.75|5|0|0
15:03:12|221|1859|CBJ5158|103.773765564|25.6647491455|8192|193.5|166.75|6|0|0
15:03:16|221|1859|CBJ5158|103.781833649|25.6707572937|8214|194.25|166.5|6|0|0
15:03:20|221|1859|CBJ5158|103.789730072|25.6767654419|8245|194.75|166.5|6|0|0
15:03:24|221|1859|CBJ5158|103.797454834|25.6829452515|8260|194.25|166.75|6|0|0
15:03:27|221|1859|CBJ5158|103.805351257|25.6889533997|8283|194.75|166.75|5|0|0
15:03:32|221|1859|CBJ5158|103.813419342|25.6949615479|8298|195.75|166.5|5|0|0
15:03:35|221|1859|CBJ5158|103.821659088|25.7006263733|8321|197.75|165.0|5|0|0
15:03:40|221|1859|CBJ5158|103.830757141|25.7056045532|8329|205.0|156.75|5|0|0
15:03:44|221|1859|CBJ5158|103.840713501|25.7095527649|8352|221.0|137.0|5|0|0
15:03:48|221|1859|CBJ5158|103.850841522|25.7133293152|8374|229.0|125.5|5|0|0
15:03:51|221|1859|CBJ5158|103.859939575|25.7157325745|8397|242.5|98.5|5|0|0
15:03:56|221|1859|CBJ5158|103.870925903|25.7195091248|8420|245.0|95.0|5|0|0
15:04:00|221|1859|CBJ5158|103.881397247|25.721912384|8435|251.25|79.5|5|0|0
15:04:03|221|1859|CBJ5158|103.892211914|25.7234573364|8451|258.0|61.25|5|0|0
15:04:08|221|1859|CBJ5158|103.902511597|25.7260322571|8473|257.0|65.0|5|0|0
15:04:12|221|1859|CBJ5158|103.912982941|25.728263855|8496|258.0|63.25|5|0|0
15:04:15|221|1859|CBJ5158|103.923110962|25.729637146|8527|260.0|53.5|6|0|0
15:04:20|221|1859|CBJ5158|103.933925629|25.731010437|8557|262.0|49.25|6|0|0
15:04:24|221|1859|CBJ5158|103.944225311|25.7330703735|8573|261.5|52.0|6|0|0
15:04:28|221|1859|CBJ5158|103.955383301|25.7353019714|8595|261.5|55.0|6|0|0
15:04:32|221|1859|CBJ5158|103.965854645|25.7377052307|8611|261.5|58.0|5|0|0
15:04:36|221|1859|CBJ5158|103.975467682|25.7402801514|8626|260.5|61.25|5|0|0
15:04:40|221|1859|CBJ5158|103.985595703|25.7438850403|8649|258.5|71.0|5|0|0
15:04:44|221|1859|CBJ5158|103.995723724|25.7471466064|8664|257.0|75.75|4|0|0
15:04:48|221|1859|CBJ5158|104.0051651|25.7517814636|8687|251.25|92.5|5|0|0
15:04:52|221|1859|CBJ5158|104.014606476|25.7565879822|8702|246.0|105.5|5|0|0
15:04:56|221|1859|CBJ5158|104.02387619|25.7617378235|8733|239.25|119.5|6|0|0
15:05:00|221|1859|CBJ5158|104.033489227|25.7656860352|8763|241.25|116.75|6|0|0
15:05:04|221|1859|CBJ5158|104.042415619|25.7710075378|8786|236.75|125.5|6|0|0
15:05:08|221|1859|CBJ5158|104.051856995|25.775642395|8801|236.25|126.25|6|0|0
15:05:12|221|1859|CBJ5158|104.060268402|25.7818222046|8839|229.0|139.5|6|0|0
15:05:16|221|1859|CBJ5158|104.070396423|25.788860321|8854|224.25|147.0|5|0|0
15:05:20|221|1859|CBJ5158|104.077262878|25.7928085327|8862|225.25|145.75|5|0|0
15:05:24|221|1859|CBJ5158|104.086017609|25.7984733582|8877|223.25|148.5|5|0|0
15:05:28|221|1859|CBJ5158|104.09614563|25.8063697815|8900|218.0|156.25|5|0|0
15:05:32|221|1859|CBJ5158|104.103870392|25.8125495911|8923|214.5|160.0|5|0|0
15:05:36|221|1859|CBJ5158|104.112110138|25.8182144165|8938|215.0|160.0|5|0|0
15:05:40|221|1859|CBJ5158|104.120693207|25.8242225647|8961|214.25|161.0|5|0|0
15:05:44|221|1859|CBJ5158|104.127559662|25.8302307129|8976|210.75|165.0|5|0|0
15:05:48|221|1859|CBJ5158|104.135971069|25.8369255066|8999|208.75|166.5|4|0|0
15:05:52|221|1859|CBJ5158|104.142837524|25.8419036865|9014|208.75|166.5|4|0|9479
15:05:56|221|1859|CBJ5158|104.152622223|25.8492851257|9022|208.25|166.75|4|0|9479
15:06:00|221|1859|CBJ5158|104.160518646|25.8558082581|9037|207.0|169.25|4|0|9479
15:06:04|221|1859|CBJ5158|104.168758392|25.8618164062|9053|207.0|168.75|3|0|9479
15:06:08|221|1859|CBJ5158|104.175453186|25.8667945862|9060|207.0|169.25|3|0|9479
15:06:12|221|1859|CBJ5158|104.184551239|25.8738327026|9083|206.0|169.75|3|0|9479
15:06:16|221|1859|CBJ5158|104.192619324|25.8800125122|9098|206.0|170.25|4|0|9479
15:06:20|221|1859|CBJ5158|104.201545715|25.8868789673|9121|206.0|171.25|4|0|9479
15:06:24|221|1859|CBJ5158|104.209785461|25.8932304382|9136|206.0|172.25|4|0|9479
15:06:28|221|1859|CBJ5158|104.217166901|25.8992385864|9159|205.5|172.75|5|0|9479
15:06:32|221|1859|CBJ5158|104.225234985|25.9057617188|9182|205.0|173.75|5|0|9479
15:06:36|221|1859|CBJ5158|104.23330307|25.9122848511|9197|204.5|174.5|5|0|9479
15:06:40|221|1859|CBJ5158|104.241027832|25.918636322|9213|204.0|176.0|4|0|9479
15:06:44|221|1859|CBJ5158|104.249267578|25.9251594543|9220|204.0|177.0|4|0|9479
15:06:48|221|1859|CBJ5158|104.257164001|25.931854248|9235|203.0|178.5|4|0|9479
15:06:52|221|1859|CBJ5158|104.265060425|25.9385490417|9251|202.5|179.0|3|0|9479
15:06:56|221|1859|CBJ5158|104.27312851|25.9450721741|9258|202.5|179.5|3|0|9479
15:07:00|221|1859|CBJ5158|104.280853271|25.9510803223|9274|203.0|179.5|3|0|9479
15:07:04|221|1859|CBJ5158|104.289093018|25.957775116|9289|203.0|179.5|3|0|9479
15:07:08|221|1859|CBJ5158|104.297504425|25.9642982483|9304|203.5|180.0|4|0|9479
15:07:12|221|1859|CBJ5158|104.306259155|25.9711647034|9312|204.0|180.0|3|0|9479
15:07:16|221|1859|CBJ5158|104.313983917|25.9773445129|9335|204.5|180.75|4|0|9479
15:07:20|221|1859|CBJ5158|104.322223663|25.9838676453|9342|205.0|180.75|4|0|9479
15:07:24|221|1859|CBJ5158|104.330635071|25.9903907776|9365|205.5|180.75|4|0|9479
15:07:28|221|1859|CBJ5158|104.340248108|25.9977722168|9380|207.0|181.25|4|0|9479
15:07:32|221|1859|CBJ5158|104.349346161|26.0049819946|9395|207.75|181.25|4|0|9479
15:07:36|221|1859|CBJ5158|104.357757568|26.0113334656|9411|207.5|181.25|4|0|9479
15:07:40|221|1859|CBJ5158|104.364624023|26.0166549683|9418|207.75|180.75|3|0|9479
15:07:44|221|1859|CBJ5158|104.37286377|26.0230064392|9434|207.5|180.75|3|0|9479
15:07:48|221|1859|CBJ5158|104.382133484|26.030216217|9449|207.5|180.75|4|0|9479
15:07:52|221|1859|CBJ5158|104.391059875|26.0372543335|9464|208.75|181.75|4|0|9479
15:07:56|221|1859|CBJ5158|104.399642944|26.0437774658|9472|209.75|181.75|3|0|9479
15:08:00|221|1859|CBJ5158|104.408226013|26.0504722595|9479|210.75|182.75|2|0|9479
15:08:04|221|1859|CBJ5158|104.415950775|26.0566520691|9472|211.25|183.75|0|0|9479
15:08:08|221|1859|CBJ5158|104.42522049|26.0638618469|9472|211.25|183.25|0|0|9479
15:08:12|221|1859|CBJ5158|104.432430267|26.069355011|9472|211.25|183.75|0|0|9479
15:08:16|221|1859|CBJ5158|104.441699982|26.0769081116|9472|210.75|184.25|0|0|9479
15:08:20|221|1859|CBJ5158|104.450798035|26.0841178894|9472|211.25|184.75|0|0|9479
15:08:24|221|1859|CBJ5158|104.459209442|26.0904693604|9472|212.75|185.25|0|0|9479
15:08:28|221|1859|CBJ5158|104.467449188|26.0969924927|9472|211.75|184.75|0|0|9479
15:08:32|221|1859|CBJ5158|104.476203918|26.1038589478|9472|212.25|185.75|0|0|9479
15:08:36|221|1859|CBJ5158|104.484443665|26.1105537415|9472|213.25|186.75|0|0|9479
15:08:40|221|1859|CBJ5158|104.494228363|26.118106842|9472|214.25|187.25|0|0|9479
15:08:44|221|1859|CBJ5158|104.501266479|26.1236000061|9472|214.25|187.25|0|0|9479
15:08:48|221|1859|CBJ5158|104.509849548|26.1304664612|9472|214.25|187.5|0|0|9479
15:08:52|221|1859|CBJ5158|104.518604279|26.1371612549|9472|214.5|187.5|0|0|9479
15:08:56|221|1859|CBJ5158|104.529418945|26.145401001|9472|215.0|187.25|0|0|9479
15:09:00|221|1859|CBJ5158|104.537658691|26.1519241333|9472|215.0|187.5|0|0|9479
15:09:04|221|1859|CBJ5158|104.545383453|26.1579322815|9472|215.5|188.0|0|0|9479
15:09:08|221|1859|CBJ5158|104.554138184|26.1646270752|9472|215.5|188.0|0|0|9479
15:09:12|221|1859|CBJ5158|104.562892914|26.1713218689|9472|215.5|187.5|0|0|9479
15:09:16|221|1859|CBJ5158|104.570789337|26.1775016785|9472|215.5|187.5|0|0|9479
15:09:20|221|1859|CBJ5158|104.580917358|26.1855697632|9472|215.0|187.5|0|0|9479
15:09:24|221|1859|CBJ5158|104.588985443|26.1919212341|9472|215.0|187.5|0|0|9479
15:09:28|221|1859|CBJ5158|104.596710205|26.1979293823|9472|215.0|188.0|0|0|9479
15:09:32|221|1859|CBJ5158|104.605293274|26.204624176|9472|214.5|188.0|0|0|9479
15:09:36|221|1859|CBJ5158|104.613704681|26.2114906311|9472|214.25|188.0|0|0|9479
15:09:40|221|1859|CBJ5158|104.622116089|26.2178421021|9472|214.5|187.5|0|0|9479
15:09:44|221|1859|CBJ5158|104.631900787|26.225566864|9472|214.5|187.5|0|0|9479
15:09:48|221|1859|CBJ5158|104.640483856|26.2322616577|9472|214.25|187.5|0|0|9479
15:09:52|221|1859|CBJ5158|104.649238586|26.2389564514|9472|214.5|187.5|0|0|9479
15:09:56|221|1859|CBJ5158|104.657649994|26.2454795837|9472|214.5|187.25|0|0|9479
15:10:00|221|1859|CBJ5158|104.666061401|26.2520027161|9472|214.5|187.5|0|0|9479
15:10:04|221|1859|CBJ5158|104.67464447|26.2586975098|9472|214.5|187.5|0|0|9479
15:10:08|221|1859|CBJ5158|104.6833992|26.2653923035|9479|214.5|187.25|0|0|9479
15:10:12|221|1859|CBJ5158|104.691982269|26.2720870972|9479|214.5|187.25|0|0|9479
15:10:16|221|1859|CBJ5158|104.700737|26.2787818909|9479|215.0|187.25|0|0|9479
15:10:20|221|1859|CBJ5158|104.709320068|26.2853050232|9479|215.0|187.25|0|0|9479
15:10:24|221|1859|CBJ5158|104.718074799|26.2919998169|9479|215.0|186.75|0|0|9479
15:10:28|221|1859|CBJ5158|104.726486206|26.2985229492|9479|215.5|186.75|0|0|9479
15:10:32|221|1859|CBJ5158|104.735069275|26.3050460815|9479|215.0|186.75|0|0|9479
15:10:36|221|1859|CBJ5158|104.743652344|26.3119125366|9479|215.0|186.75|0|0|9479
15:10:40|221|1859|CBJ5158|104.752407074|26.3186073303|9479|215.0|186.75|0|0|9479
15:10:44|221|1859|CBJ5158|104.762363434|26.3263320923|9479|215.0|187.25|0|0|9479
15:10:48|221|1859|CBJ5158|104.770431519|26.3326835632|9479|215.0|186.75|0|0|9479
15:10:52|221|1859|CBJ5158|104.778499603|26.3386917114|9479|214.5|186.75|0|0|9479
15:10:56|221|1859|CBJ5158|104.78811264|26.346244812|9479|214.5|186.25|0|0|9479
15:11:00|221|1859|CBJ5158|104.796180725|26.352596283|9479|214.25|186.25|0|0|9479
15:11:04|221|1859|CBJ5158|104.804935455|26.3592910767|9479|214.25|186.25|0|0|9479
15:11:08|221|1859|CBJ5158|104.813690186|26.3661575317|9487|214.25|186.25|0|0|9479
15:11:12|221|1859|CBJ5158|104.822273254|26.3726806641|9487|214.25|186.25|0|0|9479
15:11:16|221|1859|CBJ5158|104.830856323|26.3793754578|9487|214.25|186.75|0|0|9479
15:11:20|221|1859|CBJ5158|104.839439392|26.3862419128|9487|213.75|186.75|0|0|9479
15:11:24|221|1859|CBJ5158|104.847507477|26.3925933838|9487|213.25|186.75|0|0|9479
15:11:28|221|1859|CBJ5158|104.856090546|26.3991165161|9487|212.75|186.25|0|0|9479
15:11:32|221|1859|CBJ5158|104.864501953|26.4056396484|9487|212.75|186.25|0|0|9479
15:11:36|221|1859|CBJ5158|104.872913361|26.4121627808|9487|212.75|186.25|0|0|9479
15:11:40|221|1859|CBJ5158|104.881496429|26.4188575745|9487|212.75|186.25|0|0|9479
15:11:44|221|1859|CBJ5158|104.890766144|26.4257240295|9487|213.25|185.25|0|0|9479
15:11:48|221|1859|CBJ5158|104.899349213|26.4324188232|9487|213.75|185.25|0|0|9479
15:11:52|221|1859|CBJ5158|104.907245636|26.4385986328|9487|213.25|185.75|0|0|9479
15:11:56|221|1859|CBJ5158|104.914970398|26.4442634583|9487|213.75|185.25|0|0|9479
15:12:00|221|1859|CBJ5158|104.924411774|26.4516448975|9487|213.75|185.75|0|0|9479
15:12:04|221|1859|CBJ5158|104.932136536|26.4574813843|9487|213.75|185.25|0|0|9479
15:12:08|221|1859|CBJ5158|104.941234589|26.4645195007|9487|213.75|185.25|0|0|9479
15:12:12|221|1859|CBJ5158|104.949302673|26.4705276489|9487|213.75|184.75|0|0|9479
15:12:16|221|1859|CBJ5158|104.959945679|26.4784240723|9487|214.5|184.25|0|0|9479
15:12:20|221|1859|CBJ5158|104.966983795|26.483745575|9487|214.5|184.25|0|0|9479
15:12:24|221|1859|CBJ5158|104.975910187|26.49061203|9487|214.5|184.75|0|0|9479
15:12:28|221|1859|CBJ5158|104.984493256|26.4973068237|9487|214.25|185.75|0|0|9479
15:12:32|221|1859|CBJ5158|104.993247986|26.5038299561|9487|214.25|185.25|0|0|9479
15:12:36|221|1859|CBJ5158|105.002002716|26.5105247498|9479|214.25|184.75|0|0|9479
15:12:40|221|1859|CBJ5158|105.010757446|26.5170478821|9479|214.5|184.25|0|0|9479
15:12:44|221|1859|CBJ5158|105.019512177|26.523399353|9479|215.0|183.75|0|0|9479
15:12:48|221|1859|CBJ5158|105.029125214|26.5300941467|9479|216.5|182.25|0|0|9479
15:12:52|221|1859|CBJ5158|105.038051605|26.5362739563|9479|217.5|181.25|0|0|9479
15:12:56|221|1859|CBJ5158|105.04732132|26.5424537659|9479|219.0|179.5|0|0|9479
15:13:00|221|1859|CBJ5158|105.056591034|26.5484619141|9479|221.75|176.5|0|0|9479
15:13:04|221|1859|CBJ5158|105.066547394|26.5544700623|9472|224.25|173.25|0|0|9479
15:13:08|221|1859|CBJ5158|105.076160431|26.5601348877|9472|228.0|168.75|0|0|9479
15:13:12|221|1859|CBJ5158|105.085773468|26.5649414062|9472|233.5|161.5|0|0|9479
15:13:16|221|1859|CBJ5158|105.095386505|26.5707778931|9472|234.0|161.0|0|0|9479
15:13:20|221|1859|CBJ5158|105.105171204|26.5762710571|9472|235.25|159.25|0|0|9479
15:13:24|221|1859|CBJ5158|105.115127563|26.5817642212|9472|236.25|157.75|0|0|9479
15:13:28|221|1859|CBJ5158|105.125255585|26.5870857239|9464|238.75|155.25|0|0|9479
15:13:32|221|1859|CBJ5158|105.135211945|26.5922355652|9464|240.75|153.75|0|0|9479
15:13:36|221|1859|CBJ5158|105.145511627|26.5973854065|9464|242.5|152.0|0|0|9479
15:13:40|221|1859|CBJ5158|105.15581131|26.6023635864|9464|246.0|148.0|0|0|9479
15:13:44|221|1859|CBJ5158|105.166110992|26.6073417664|9464|247.5|147.0|0|0|9479
15:13:48|221|1859|CBJ5158|105.176582336|26.6121482849|9464|249.75|143.75|0|0|9479
15:13:52|221|1859|CBJ5158|105.18705368|26.6167831421|9464|253.25|139.5|0|0|9479
15:13:56|221|1859|CBJ5158|105.198383331|26.6209030151|9464|259.0|130.75|0|0|9479
15:14:00|221|1859|CBJ5158|105.209026337|26.6257095337|9464|258.5|131.25|0|0|9479
15:14:04|221|1859|CBJ5158|105.219497681|26.629486084|9464|261.0|126.25|0|0|9479
15:14:08|221|1859|CBJ5158|105.229797363|26.6337776184|9464|261.0|125.5|0|0|9479
15:14:12|221|1859|CBJ5158|105.241470337|26.6378974915|9464|263.25|121.0|0|0|9479
15:14:16|221|1859|CBJ5158|105.251941681|26.6421890259|9464|262.25|122.0|0|0|9479
15:14:20|221|1859|CBJ5158|105.261726379|26.6463088989|9464|262.25|122.5|0|0|9479
15:14:24|221|1859|CBJ5158|105.272369385|26.650428772|9464|262.25|121.5|0|0|9479
15:14:28|221|1859|CBJ5158|105.282669067|26.6542053223|9472|262.25|119.25|0|0|9479
15:14:32|221|1859|CBJ5158|105.292797089|26.6581535339|9472|262.25|118.75|0|0|9479
15:14:36|221|1859|CBJ5158|105.303440094|26.662273407|9472|262.0|119.25|0|0|9479
15:14:40|221|1859|CBJ5158|105.314426422|26.6667366028|9472|262.0|119.5|0|0|9479
15:14:44|221|1859|CBJ5158|105.325069427|26.6710281372|9472|262.0|119.25|0|0|9479
15:14:48|221|1859|CBJ5158|105.335540771|26.6753196716|9472|262.0|119.5|0|0|9479
15:14:52|221|1859|CBJ5158|105.345153809|26.6792678833|9472|262.0|120.5|0|0|9479
15:14:56|221|1859|CBJ5158|105.355968475|26.6833877563|9472|262.25|120.0|0|0|9479
15:15:00|221|1859|CBJ5158|105.366611481|26.6876792908|9472|262.75|120.0|0|0|9479
15:15:04|221|1859|CBJ5158|105.378456116|26.6923141479|9472|264.25|120.5|0|0|9479
15:15:08|221|1859|CBJ5158|105.390472412|26.6972923279|9472|264.25|121.5|0|0|9479
15:15:12|221|1859|CBJ5158|105.398712158|26.7007255554|9472|264.75|122.0|0|0|9479
15:15:16|221|1859|CBJ5158|105.409526825|26.7050170898|9472|265.75|122.0|0|0|9479
15:15:20|221|1859|CBJ5158|105.423259735|26.7103385925|9472|267.25|122.0|0|0|9479
15:15:24|221|1859|CBJ5158|105.433559418|26.7144584656|9472|267.25|122.5|0|0|9479
15:15:28|221|1859|CBJ5158|105.444374084|26.7189216614|9472|267.25|123.0|0|0|9479
15:15:32|221|1859|CBJ5158|105.453472137|26.7226982117|9479|267.25|123.5|0|0|9479
15:15:36|221|1859|CBJ5158|105.466861725|26.7280197144|9479|267.25|123.5|0|0|9479
15:15:40|221|1859|CBJ5158|105.475444794|26.7316246033|9479|267.75|124.0|0|0|9479
15:15:44|221|1859|CBJ5158|105.48625946|26.7359161377|9479|267.75|124.0|0|0|9479
15:15:48|221|1859|CBJ5158|105.497932434|26.7405509949|9479|267.25|124.0|0|0|9479
15:15:52|221|1859|CBJ5158|105.509433746|26.7451858521|9479|267.25|124.0|0|0|9479
15:15:56|221|1859|CBJ5158|105.518703461|26.7489624023|9479|267.25|124.0|0|0|9479
15:16:00|221|1859|CBJ5158|105.529346466|26.7532539368|9479|266.75|124.0|0|0|9479
15:16:04|221|1859|CBJ5158|105.540161133|26.7575454712|9479|266.75|123.0|0|0|9479
15:16:08|221|1859|CBJ5158|105.551490784|26.762008667|9479|265.75|123.0|0|0|9479
15:16:12|221|1859|CBJ5158|105.561618805|26.7659568787|9479|265.75|122.5|0|0|9479
15:16:16|221|1859|CBJ5158|105.57226181|26.7700767517|9479|265.75|122.5|0|0|9479
15:16:20|221|1859|CBJ5158|105.582389832|26.7740249634|9479|265.75|122.0|0|0|9479
15:16:24|221|1859|CBJ5158|105.593547821|26.7786598206|9479|265.25|122.0|0|0|9479
15:16:28|221|1859|CBJ5158|105.604705811|26.782951355|9479|265.25|122.0|0|0|9479
15:16:32|221|1859|CBJ5158|105.614833832|26.787071228|9479|264.75|122.0|0|0|9479
15:16:36|221|1859|CBJ5158|105.624790192|26.7911911011|9479|264.75|122.5|0|0|9479
15:16:40|221|1859|CBJ5158|105.636119843|26.7956542969|9479|264.25|122.0|0|0|9479
15:16:44|221|1859|CBJ5158|105.646076202|26.7994308472|9479|264.25|121.5|0|0|9479
15:16:48|221|1859|CBJ5158|105.657577515|26.803894043|9479|264.25|121.5|0|0|9479
15:16:52|221|1859|CBJ5158|105.669250488|26.8083572388|9479|264.25|121.0|0|0|9479
15:16:56|221|1859|CBJ5158|105.680408478|26.8128204346|9479|265.25|121.0|0|0|9479
15:17:00|221|1859|CBJ5158|105.690364838|26.8162536621|9479|267.25|118.75|0|0|9479
15:17:04|221|1859|CBJ5158|105.70066452|26.819858551|9479|267.75|117.25|0|0|9479
15:17:08|221|1859|CBJ5158|105.711650848|26.8236351013|9479|268.25|117.25|0|0|9479
15:17:12|221|1859|CBJ5158|105.723152161|26.8277549744|9479|268.75|116.75|0|0|9479
15:17:16|221|1859|CBJ5158|105.734138489|26.8318748474|9479|269.0|116.25|0|0|9479
15:17:20|221|1859|CBJ5158|105.746498108|26.8368530273|9479|267.25|119.5|0|0|9479
15:17:24|221|1859|CBJ5158|105.755081177|26.840801239|9479|266.25|122.0|0|0|9479
15:17:28|221|1859|CBJ5158|105.765724182|26.8452644348|9479|265.25|124.0|0|0|9479
15:17:32|221|1859|CBJ5158|105.776882172|26.8493843079|9479|266.75|121.5|0|0|9479
15:17:36|221|1859|CBJ5158|105.789241791|26.8545341492|9479|265.75|122.5|0|0|9479
15:17:40|221|1859|CBJ5158|105.799026489|26.8588256836|9479|264.75|125.5|0|0|9479
15:17:44|221|1859|CBJ5158|105.810184479|26.8632888794|9479|265.75|123.5|0|0|9479
15:17:48|221|1859|CBJ5158|105.818939209|26.8670654297|9479|265.25|125.5|0|0|9479
15:17:52|221|1859|CBJ5158|105.832157135|26.8729019165|9479|263.75|128.25|0|0|9479
15:17:56|221|1859|CBJ5158|105.842113495|26.8773651123|9479|263.25|128.75|0|0|9479
15:18:00|221|1859|CBJ5158|105.853271484|26.8823432922|9479|263.25|129.25|0|0|9479
15:18:04|221|1859|CBJ5158|105.863742828|26.8859481812|9479|265.25|126.25|0|0|9479
15:18:08|221|1859|CBJ5158|105.874557495|26.890411377|9487|264.75|127.25|0|0|9479
15:18:12|221|1859|CBJ5158|105.885028839|26.8943595886|9487|265.25|126.0|0|0|9479
15:18:16|221|1859|CBJ5158|105.896015167|26.898651123|9487|265.75|125.5|0|0|9479
15:18:20|221|1859|CBJ5158|105.906829834|26.9031143188|9487|265.75|126.0|0|0|9479
15:18:24|221|1859|CBJ5158|105.917129517|26.9075775146|9487|265.25|126.75|0|0|9479
15:18:28|221|1859|CBJ5158|105.929489136|26.9113540649|9487|266.75|122.0|0|0|9479
15:18:32|221|1859|CBJ5158|105.938072205|26.9146156311|9487|267.75|120.5|0|0|9479
15:18:36|221|1859|CBJ5158|105.949401855|26.91822052|9487|271.5|113.25|0|0|9479
15:18:40|221|1859|CBJ5158|105.960559845|26.9221687317|9487|272.0|113.25|0|0|9479
15:18:44|221|1859|CBJ5158|105.971889496|26.9261169434|9487|272.0|113.25|0|0|9479
15:18:48|221|1859|CBJ5158|105.983047485|26.930065155|9487|272.0|112.75|0|0|9479
15:18:52|221|1859|CBJ5158|105.993518829|26.9352149963|9487|268.25|121.0|0|0|9479
15:18:56|221|1859|CBJ5158|106.006565094|26.9396781921|9487|270.0|117.25|0|0|9479
15:19:00|221|1859|CBJ5158|106.017551422|26.9434547424|9487|271.0|115.75|0|0|9479
15:19:04|221|1859|CBJ5158|106.02853775|26.9472312927|9487|271.5|115.25|0|0|9479
15:19:08|221|1859|CBJ5158|106.03969574|26.9515228271|9487|271.0|116.25|0|0|9479
15:19:12|221|1859|CBJ5158|106.049995422|26.9563293457|9487|268.25|122.0|0|0|9479
15:19:16|221|1859|CBJ5158|106.059951782|26.9631958008|9487|250.25|155.75|0|0|9479
15:19:20|221|1859|CBJ5158|106.071281433|26.9649124146|9487|280.25|93.5|0|0|9479
15:19:24|221|1859|CBJ5158|106.082782745|26.9686889648|9487|278.75|97.5|0|0|9479
15:19:28|221|1859|CBJ5158|106.093254089|26.9734954834|9487|272.0|114.25|0|0|9479
15:19:32|221|1859|CBJ5158|106.103725433|26.978302002|9487|268.25|121.5|0|0|9479
15:19:36|221|1859|CBJ5158|106.111965179|26.9834518433|9487|256.0|143.25|0|0|9479
15:19:40|221|1859|CBJ5158|106.122951508|26.9913482666|9487|227.75|183.75|0|0|9479
15:19:44|221|1859|CBJ5158|106.13325119|26.995639801|9487|254.25|148.5|0|0|9479
15:19:48|221|1859|CBJ5158|106.144237518|26.9973564148|9479|278.25|92.0|0|0|9479
15:19:52|221|1859|CBJ5158|106.155567169|27.0031929016|9479|263.75|124.0|0|0|9479
15:19:56|221|1859|CBJ5158|106.166381836|27.0090293884|9479|253.75|142.75|0|0|9479
15:20:00|221|1859|CBJ5158|106.174106598|27.0141792297|9479|232.0|177.0|0|0|9479
15:20:04|221|1859|CBJ5158|106.186122894|27.0196723938|9479|254.75|146.25|0|0|9479
15:20:08|221|1859|CBJ5158|106.197452545|27.0239639282|9479|265.25|126.75|0|0|9479
15:20:12|221|1859|CBJ5158|106.208610535|27.0275688171|9479|269.5|117.25|0|0|9479
15:20:16|221|1859|CBJ5158|106.219081879|27.0325469971|9479|264.25|128.75|0|0|9479
15:20:20|221|1859|CBJ5158|106.229896545|27.0371818542|9472|264.25|129.25|0|0|9479
15:20:24|221|1859|CBJ5158|106.240024567|27.0425033569|9472|259.5|137.0|0|0|9479
15:20:28|221|1859|CBJ5158|106.249809265|27.0486831665|9472|244.0|163.0|0|0|9479
15:20:32|221|1859|CBJ5158|106.260967255|27.0531463623|9472|261.0|136.5|0|0|9479
15:20:36|221|1859|CBJ5158|106.271953583|27.0574378967|9472|263.75|131.75|0|0|9479
15:20:40|221|1859|CBJ5158|106.282596588|27.0622444153|9472|262.25|133.5|0|0|9479
15:20:44|221|1859|CBJ5158|106.292724609|27.0658493042|9472|264.75|128.75|0|0|9479
15:20:48|221|1859|CBJ5158|106.304225922|27.071685791|9472|261.0|135.5|0|0|9479
15:20:52|221|1859|CBJ5158|106.31401062|27.0759773254|9472|261.5|135.0|0|0|9479
15:20:56|221|1859|CBJ5158|106.324653625|27.0806121826|9472|262.0|134.0|0|0|9479
15:21:00|221|1859|CBJ5158|106.334953308|27.0854187012|9472|261.0|136.0|0|0|9479
15:21:04|221|1859|CBJ5158|106.346282959|27.0902252197|9472|261.5|135.5|0|0|9479
15:21:08|221|1859|CBJ5158|106.355895996|27.0948600769|9472|260.5|136.5|0|0|9479
15:21:12|221|1859|CBJ5158|106.366195679|27.0996665955|9479|260.0|137.5|0|0|9479
15:21:16|221|1859|CBJ5158|106.377353668|27.1055030823|9479|258.5|140.25|0|0|9479
15:21:20|221|1859|CBJ5158|106.386623383|27.1125411987|9479|245.0|163.5|0|0|9479
15:21:24|221|1859|CBJ5158|106.39383316|27.1218109131|9479|214.5|203.0|0|0|9479
15:21:28|221|1859|CBJ5158|106.408081055|27.1262741089|9479|255.5|154.75|0|0|9479
15:21:32|221|1859|CBJ5158|106.416835785|27.1315956116|9479|252.25|162.0|0|0|9479
15:21:36|221|1859|CBJ5158|106.427993774|27.1365737915|9479|258.0|155.25|0|0|9479
15:21:40|221|1859|CBJ5158|106.442756653|27.1403503418|9479|278.75|126.75|0|0|9479
15:21:44|221|1859|CBJ5158|106.453742981|27.1415519714|9479|295.75|72.25|0|0|9479
15:21:48|221|1859|CBJ5158|106.464557648|27.1475601196|9479|283.0|111.0|0|0|9479
15:21:52|221|1859|CBJ5158|106.473484039|27.1563148499|9479|239.75|179.0|0|0|9479
15:21:56|221|1859|CBJ5158|106.483440399|27.162322998|9479|241.25|176.0|0|0|9479
15:22:00|221|1859|CBJ5158|106.495285034|27.1657562256|9479|260.5|147.5|0|0|9479
15:22:04|221|1859|CBJ5158|106.506099701|27.1643829346|9479|289.75|36.75|0|0|9479
15:22:08|221|1859|CBJ5158|106.516227722|27.1717643738|9479|269.0|116.75|0|0|9479
15:22:12|221|1859|CBJ5158|106.526012421|27.1800041199|9479|248.0|160.0|0|0|9479
15:22:16|221|1859|CBJ5158|106.536827087|27.1842956543|9479|257.0|150.0|0|0|9479
15:22:20|221|1859|CBJ5158|106.547641754|27.1892738342|9479|259.0|146.25|0|0|9479
15:22:24|221|1859|CBJ5158|106.556568146|27.1932220459|9479|258.0|143.25|0|0|9479
15:22:28|221|1859|CBJ5158|106.570301056|27.1920204163|9479|285.0|60.25|0|0|9479
15:22:32|221|1859|CBJ5158|106.580600739|27.1964836121|9479|272.0|98.5|0|0|9479
15:22:36|221|1859|CBJ5158|106.591072083|27.2021484375|9479|259.5|127.75|0|0|9479
15:22:40|221|1859|CBJ5158|106.601028442|27.2071266174|9479|253.75|136.5|0|0|9479
15:22:44|221|1859|CBJ5158|106.611328125|27.2117614746|9479|253.75|136.0|0|0|9479
15:22:48|221|1859|CBJ5158|106.622314453|27.2162246704|9479|258.0|131.75|0|0|9479
15:22:52|221|1859|CBJ5158|106.632957458|27.2227478027|9479|258.5|138.5|0|0|9479
15:22:56|221|1859|CBJ5158|106.640338898|27.2332191467|9479|213.25|207.5|0|0|9479
15:23:00|221|1859|CBJ5158|106.650466919|27.2390556335|9479|230.0|187.25|0|0|9479
15:23:04|221|1859|CBJ5158|106.665058136|27.2402572632|9479|282.5|102.25|0|0|9479
15:23:08|221|1859|CBJ5158|106.677761078|27.2424888611|9479|291.25|78.5|0|0|9479
15:23:12|221|1859|CBJ5158|106.685829163|27.2514152527|9479|240.25|173.25|0|0|9479
15:23:16|221|1859|CBJ5158|106.698703766|27.2484970093|9479|286.5|63.25|0|0|9479
15:23:20|221|1859|CBJ5158|106.708145142|27.2546768188|9479|261.0|125.5|0|0|9479
15:23:24|221|1859|CBJ5158|106.718788147|27.2582817078|9479|262.0|120.5|0|0|9479
15:23:28|221|1859|CBJ5158|106.72908783|27.2634315491|9479|257.0|131.75|0|0|9479
15:23:32|221|1859|CBJ5158|106.741447449|27.2690963745|9479|256.0|134.5|0|0|9479
15:23:36|221|1859|CBJ5158|106.751060486|27.2742462158|9479|254.25|140.25|0|0|9479
15:23:40|221|1859|CBJ5158|106.760158539|27.2780227661|9479|256.5|136.0|0|0|9479
15:23:44|221|1859|CBJ5158|106.772518158|27.2845458984|9479|254.25|141.25|0|0|9479
15:23:48|221|1859|CBJ5158|106.78401947|27.289352417|9479|257.0|139.75|0|0|9479
15:23:52|221|1859|CBJ5158|106.792087555|27.2929573059|9479|258.0|139.75|0|0|9479
15:23:56|221|1859|CBJ5158|106.804790497|27.2987937927|9479|259.0|139.75|0|0|9479
15:24:00|221|1859|CBJ5158|106.814918518|27.3029136658|9479|260.5|139.0|0|0|9479
15:24:04|221|1859|CBJ5158|106.826934814|27.3084068298|9479|260.5|139.0|0|0|9479
15:24:08|221|1859|CBJ5158|106.835346222|27.3121833801|9479|260.0|138.5|0|0|9479
15:24:12|221|1859|CBJ5158|106.848220825|27.3173332214|9479|261.5|136.5|0|0|9479
15:24:16|221|1859|CBJ5158|106.85749054|27.3223114014|9479|260.5|140.25|0|0|9479
15:24:20|221|1859|CBJ5158|106.869335175|27.3276329041|9479|261.0|140.25|0|0|9479
15:24:24|221|1859|CBJ5158|106.879119873|27.3319244385|9479|261.5|140.25|0|0|9479
15:24:28|221|1859|CBJ5158|106.889762878|27.3370742798|9479|261.0|141.25|0|0|9479
15:24:32|221|1859|CBJ5158|106.900405884|27.3420524597|9479|261.0|141.75|0|0|9479
15:24:36|221|1859|CBJ5158|106.911563873|27.3468589783|9479|262.0|140.75|0|0|9479
15:24:40|221|1859|CBJ5158|106.92237854|27.3518371582|9479|262.0|141.25|0|0|9479
15:24:44|221|1859|CBJ5158|106.933364868|27.3566436768|9479|262.0|140.75|0|0|9479
15:24:48|221|1859|CBJ5158|106.943321228|27.3607635498|9479|263.25|140.25|0|0|9479
15:24:52|221|1859|CBJ5158|106.953964233|27.3657417297|9479|262.75|141.25|0|0|9479
15:24:56|221|1859|CBJ5158|106.965808868|27.3710632324|9479|262.75|140.75|0|0|9479
15:25:00|221|1859|CBJ5158|106.977825165|27.375869751|9479|264.25|139.5|0|0|9479
15:25:04|221|1859|CBJ5158|106.988811493|27.3806762695|9479|264.75|139.5|0|0|9479
15:25:08|221|1859|CBJ5158|106.999969482|27.3856544495|9479|264.75|139.75|0|0|9479
15:25:12|221|1859|CBJ5158|107.010784149|27.3908042908|9479|264.25|140.75|0|0|9479
15:25:16|221|1859|CBJ5158|107.021598816|27.3956108093|9479|265.25|140.75|0|0|9479
15:25:20|221|1859|CBJ5158|107.030353546|27.399559021|9479|264.25|141.25|0|0|9479
15:25:24|221|1859|CBJ5158|107.041168213|27.4045372009|9479|264.25|142.25|0|0|9479
15:25:28|221|1859|CBJ5158|107.054042816|27.4105453491|9479|264.25|142.25|0|0|9479
15:25:32|221|1859|CBJ5158|107.06451416|27.4150085449|9479|264.75|141.75|0|0|9479
15:25:36|221|1859|CBJ5158|107.075328827|27.4199867249|9479|264.75|142.25|0|0|9479
15:25:40|221|1859|CBJ5158|107.086143494|27.424621582|9479|264.75|141.75|0|0|9479
15:25:44|221|1859|CBJ5158|107.09695816|27.429599762|9479|264.75|141.75|0|0|9479
15:25:48|221|1859|CBJ5158|107.107772827|27.4344062805|9479|264.75|141.75|0|0|9479
15:25:52|221|1859|CBJ5158|107.118587494|27.4393844604|9479|264.75|141.75|0|0|9479
15:25:56|221|1859|CBJ5158|107.128715515|27.4438476562|9479|264.75|141.75|0|0|9479
15:26:00|221|1859|CBJ5158|107.138671875|27.4484825134|9479|264.25|142.75|0|0|9479
15:26:04|221|1859|CBJ5158|107.14931488|27.4534606934|9479|263.75|143.25|0|0|9479
15:26:08|221|1859|CBJ5158|107.160129547|27.4586105347|9479|260.5|141.25|0|0|9479
15:26:12|221|1859|CBJ5158|107.17042923|27.4632453918|9479|261.5|142.75|0|0|9479
15:26:16|221|1859|CBJ5158|107.181587219|27.4680519104|9479|263.25|142.75|0|0|9479
15:26:20|221|1859|CBJ5158|107.19291687|27.4732017517|9479|264.25|142.25|0|0|9479
15:26:24|221|1859|CBJ5158|107.204589844|27.4785232544|9479|263.75|143.25|0|0|9479
15:26:28|221|1859|CBJ5158|107.216262817|27.4840164185|9479|263.25|143.75|0|0|9479
15:26:32|221|1859|CBJ5158|107.226905823|27.488822937|9479|262.75|143.75|0|0|9479
15:26:36|221|1859|CBJ5158|107.234802246|27.4925994873|9479|262.75|143.75|0|0|9479
15:26:40|221|1859|CBJ5158|107.245616913|27.4975776672|9479|262.25|143.75|0|0|9479
15:26:44|221|1859|CBJ5158|107.258319855|27.5032424927|9479|262.0|143.25|0|0|9479
15:26:48|221|1859|CBJ5158|107.266902924|27.507019043|9479|262.0|142.25|0|0|9479
15:26:52|221|1859|CBJ5158|107.277374268|27.5118255615|9479|261.5|142.25|0|0|9479
15:26:56|221|1859|CBJ5158|107.290763855|27.5176620483|9479|262.0|141.75|0|0|9479
15:27:00|221|1859|CBJ5158|107.30140686|27.5222969055|9479|262.0|141.25|0|0|9479
15:27:04|221|1859|CBJ5158|107.311534882|27.5267601013|9479|262.25|141.25|0|0|9479
15:27:08|221|1859|CBJ5158|107.322864532|27.5317382812|9479|262.25|140.75|0|0|9479
15:27:12|221|1859|CBJ5158|107.333679199|27.5365447998|9479|262.25|140.75|0|0|9479
15:27:16|221|1859|CBJ5158|107.344150543|27.5413513184|9479|262.25|141.25|0|0|9479
15:27:20|221|1859|CBJ5158|107.354621887|27.5459861755|9479|262.25|141.25|0|0|9479
15:27:24|221|1859|CBJ5158|107.365436554|27.5507926941|9479|262.25|140.75|0|0|9479
15:27:28|221|1859|CBJ5158|107.376079559|27.5555992126|9479|262.25|141.25|0|0|9479
15:27:32|221|1859|CBJ5158|107.386722565|27.5604057312|9479|262.25|141.25|0|0|9479
15:27:36|221|1859|CBJ5158|107.395992279|27.5646972656|9479|262.25|141.75|0|0|9479
15:27:40|221|1859|CBJ5158|107.406806946|27.5695037842|9479|262.25|141.75|0|0|9479
15:27:44|221|1859|CBJ5158|107.417621613|27.5743103027|9479|262.25|141.75|0|0|9479
15:27:48|221|1859|CBJ5158|107.4310112|27.5804901123|9479|262.25|142.25|0|0|9479
15:27:52|221|1859|CBJ5158|107.441825867|27.5852966309|9479|262.25|142.25|0|0|9479
15:27:56|221|1859|CBJ5158|107.449893951|27.5889015198|9479|262.0|142.25|0|0|9479
15:28:00|221|1859|CBJ5158|107.461223602|27.5940513611|9479|262.0|142.25|0|0|9479
15:28:04|221|1859|CBJ5158|107.471866608|27.599029541|9472|262.0|142.25|0|0|9479
15:28:08|221|1859|CBJ5158|107.48456955|27.6048660278|9472|261.5|142.75|0|0|9479
15:28:12|221|1859|CBJ5158|107.492637634|27.6084709167|9472|261.5|142.75|0|0|9479
15:28:16|221|1859|CBJ5158|107.503452301|27.6132774353|9472|261.5|142.75|0|0|9479
15:28:20|221|1859|CBJ5158|107.516841888|27.6194572449|9472|261.5|142.75|0|0|9479
15:28:24|221|1859|CBJ5158|107.524909973|27.6230621338|9472|261.5|142.75|0|0|9479
15:28:28|221|1859|CBJ5158|107.538471222|27.629070282|9472|262.0|142.75|0|0|9479
15:28:32|221|1859|CBJ5158|107.549114227|27.6338768005|9472|262.0|142.75|0|0|9479
15:28:36|221|1859|CBJ5158|107.559928894|27.6386833191|9472|262.0|142.75|0|0|9479
15:28:40|221|1859|CBJ5158|107.570743561|27.643661499|9472|262.0|142.75|0|0|9479
15:28:44|221|1859|CBJ5158|107.581558228|27.6484680176|9472|262.0|142.25|0|0|9479
15:28:48|221|1859|CBJ5158|107.592372894|27.6532745361|9472|262.0|142.75|0|0|9479
15:28:52|221|1859|CBJ5158|107.603187561|27.6580810547|9472|262.0|142.25|0|0|9479
15:28:56|221|1859|CBJ5158|107.614002228|27.6628875732|9472|262.0|142.25|0|0|9479
15:29:00|221|1859|CBJ5158|107.624816895|27.6676940918|9472|262.0|142.25|0|0|9479
15:29:04|221|1859|CBJ5158|107.635631561|27.6725006104|9472|262.25|142.25|0|0|9479
15:29:08|221|1859|CBJ5158|107.645759583|27.6771354675|9472|262.0|142.25|0|0|9479
15:29:12|221|1859|CBJ5158|107.656574249|27.6819419861|9472|262.25|142.25|0|0|9479
15:29:16|221|1859|CBJ5158|107.667388916|27.6867485046|9472|262.25|142.25|0|0|9479
15:29:20|221|1859|CBJ5158|107.678375244|27.6915550232|9472|262.75|142.75|0|0|9479
15:29:24|221|1859|CBJ5158|107.690048218|27.6967048645|9472|262.75|142.75|0|0|9479
15:29:28|221|1859|CBJ5158|107.700862885|27.7016830444|9472|262.75|142.75|0|0|9479
15:29:32|221|1859|CBJ5158|107.710990906|27.7063179016|9472|262.75|142.75|0|0|9479
15:29:36|221|1859|CBJ5158|107.722492218|27.7112960815|9472|262.75|142.75|0|0|9479
15:29:40|221|1859|CBJ5158|107.732791901|27.7159309387|9472|262.75|142.75|0|0|9479
15:29:44|221|1859|CBJ5158|107.743606567|27.7209091187|9472|262.75|143.25|0|0|9479
15:29:48|221|1859|CBJ5158|107.754592896|27.7257156372|9472|263.25|143.25|0|0|9479
15:29:52|221|1859|CBJ5158|107.765407562|27.7305221558|9472|263.25|143.25|0|0|9479
15:29:56|221|1859|CBJ5158|107.776222229|27.7353286743|9472|263.25|143.25|0|0|9479
15:30:00|221|1859|CBJ5158|107.787036896|27.7403068542|9472|262.75|143.25|0|0|9479
15:30:04|221|1859|CBJ5158|107.798023224|27.7451133728|9472|263.25|143.25|0|0|9479
15:30:08|221|1859|CBJ5158|107.808666229|27.7499198914|9472|262.75|143.25|0|0|9479
15:30:12|221|1859|CBJ5158|107.819480896|27.7547264099|9472|262.75|143.25|0|0|9479
15:30:16|221|1859|CBJ5158|107.830295563|27.7595329285|9472|262.75|143.25|0|0|9479
15:30:20|221|1859|CBJ5158|107.841110229|27.764339447|9472|262.75|142.75|0|0|9479
15:30:24|221|1859|CBJ5158|107.851924896|27.7691459656|9472|262.75|142.75|0|0|9479
15:30:28|221|1859|CBJ5158|107.862567902|27.7739524841|9472|262.25|142.75|0|0|9479
15:30:32|221|1859|CBJ5158|107.87355423|27.7789306641|9472|262.25|142.75|0|0|9479
15:30:36|221|1859|CBJ5158|107.884197235|27.7837371826|9472|262.25|143.25|0|0|9479
15:30:40|221|1859|CBJ5158|107.895011902|27.7887153625|9472|262.0|143.75|0|0|9479
15:30:44|221|1859|CBJ5158|107.905826569|27.7936935425|9472|262.0|143.75|0|0|9479
15:30:48|221|1859|CBJ5158|107.916297913|27.798500061|9472|262.0|144.25|0|0|9479
15:30:52|221|1859|CBJ5158|107.926940918|27.8033065796|9479|261.5|144.75|0|0|9479
15:30:56|221|1859|CBJ5158|107.937927246|27.8084564209|9479|261.5|144.75|0|0|9479
15:31:00|221|1859|CBJ5158|107.948570251|27.8132629395|9479|261.5|144.75|0|0|9479
15:31:04|221|1859|CBJ5158|107.959041595|27.818069458|9479|261.0|145.25|0|0|9479
15:31:08|221|1859|CBJ5158|107.969856262|27.8230476379|9479|261.0|145.25|0|0|9479
15:31:12|221|1859|CBJ5158|107.980327606|27.8278541565|9479|261.0|145.75|0|0|9479
15:31:16|221|1859|CBJ5158|107.991142273|27.8330039978|9479|261.0|145.75|0|0|9479
15:31:20|221|1859|CBJ5158|108.002300262|27.8381538391|9479|260.5|146.25|0|0|9479
15:31:24|221|1859|CBJ5158|108.012256622|27.8426170349|9479|260.5|145.75|0|0|9479
15:31:28|221|1859|CBJ5158|108.023757935|27.8479385376|9479|260.5|146.25|0|0|9479
15:31:32|221|1859|CBJ5158|108.034057617|27.8527450562|9479|260.0|146.25|0|0|9479
15:31:36|221|1859|CBJ5158|108.044700623|27.8577232361|9479|260.0|146.25|0|0|9479
15:31:40|221|1859|CBJ5158|108.055343628|27.8623580933|9479|260.5|145.25|0|0|9479
15:31:44|221|1859|CBJ5158|108.065986633|27.8671646118|9479|260.5|145.25|0|0|9479
15:31:48|221|1859|CBJ5158|108.077144623|27.8723144531|9479|260.0|145.75|0|0|9479
15:31:52|221|1859|CBJ5158|108.087272644|27.8769493103|9479|260.5|145.25|0|0|9479
15:31:56|221|1859|CBJ5158|108.098602295|27.8820991516|9479|260.5|145.25|0|0|9479
15:32:00|221|1859|CBJ5158|108.1092453|27.8869056702|9479|260.5|145.25|0|0|9479
15:32:04|221|1859|CBJ5158|108.11920166|27.891368866|9479|261.0|145.25|0|0|9479
15:32:08|221|1859|CBJ5158|108.130531311|27.8965187073|9479|260.5|145.25|0|0|9479
15:32:12|221|1859|CBJ5158|108.142719269|27.9021835327|9479|260.5|145.75|0|0|9479
15:32:16|221|1859|CBJ5158|108.153362274|27.9071617126|9479|260.5|145.75|0|0|9479
15:32:20|221|1859|CBJ5158|108.164176941|27.9121398926|9479|260.5|146.25|0|0|9479
15:32:24|221|1859|CBJ5158|108.174991608|27.9171180725|9479|260.5|146.25|0|0|9479
15:32:28|221|1859|CBJ5158|108.185119629|27.9217529297|9479|260.5|146.25|0|0|9479
15:32:32|221|1859|CBJ5158|108.196620941|27.926902771|9479|261.0|146.25|0|0|9479
15:32:36|221|1859|CBJ5158|108.207607269|27.9318809509|9479|261.0|146.5|0|0|9479
15:32:40|221|1859|CBJ5158|108.218250275|27.9366874695|9479|261.0|146.25|0|0|9479
15:32:44|221|1859|CBJ5158|108.229408264|27.9418373108|9479|261.5|146.5|0|0|9479
15:32:48|221|1859|CBJ5158|108.239536285|27.946472168|9479|261.5|146.5|0|0|9479
15:32:52|221|1859|CBJ5158|108.251209259|27.9516220093|9479|262.0|146.25|0|0|9479
15:32:56|221|1859|CBJ5158|108.261165619|27.9562568665|9479|262.0|146.25|0|0|9479
15:33:00|221|1859|CBJ5158|108.272151947|27.9612350464|9479|262.0|146.25|0|0|9479
15:33:04|221|1859|CBJ5158|108.282794952|27.9660415649|9479|262.0|146.5|0|0|9479
15:33:08|221|1859|CBJ5158|108.293952942|27.9708480835|9479|263.25|146.25|0|0|9479
15:33:12|221|1859|CBJ5158|108.305110931|27.9758262634|9479|263.75|146.25|0|0|9479
15:33:16|221|1859|CBJ5158|108.31609726|27.9804611206|9479|264.25|145.75|0|0|9479
15:33:20|221|1859|CBJ5158|108.328285217|27.9859542847|9479|263.75|145.75|0|0|9479
15:33:24|221|1859|CBJ5158|108.337726593|27.9902458191|9479|263.75|146.25|0|0|9479
15:33:28|221|1859|CBJ5158|108.350257874|27.9959106445|9479|264.25|146.25|0|0|9479
15:33:32|221|1859|CBJ5158|108.359355927|28.0000305176|9479|264.25|146.25|0|0|9479
15:33:36|221|1859|CBJ5158|108.371543884|28.0055236816|9479|263.75|146.25|0|0|9479
15:33:40|221|1859|CBJ5158|108.38218689|28.0103302002|9479|263.75|146.25|0|0|9479
15:33:44|221|1859|CBJ5158|108.394374847|28.0158233643|9479|264.25|146.5|0|0|9479
15:33:48|221|1859|CBJ5158|108.403987885|28.0201148987|9479|263.25|146.5|0|0|9479
15:33:52|221|1859|CBJ5158|108.414802551|28.02526474|9479|263.25|146.5|0|0|9479
15:33:56|221|1859|CBJ5158|108.426303864|28.0305862427|9479|262.75|147.0|0|0|9479
15:34:00|221|1859|CBJ5158|108.436088562|28.0350494385|9479|262.75|147.5|0|0|9479
15:34:04|221|1859|CBJ5158|108.446903229|28.0400276184|9479|262.75|147.5|0|0|9479
15:34:08|221|1859|CBJ5158|108.457717896|28.044834137|9479|262.75|147.5|0|0|9479
15:34:12|221|1859|CBJ5158|108.469047546|28.0499839783|9479|262.25|147.0|0|0|9479
15:34:16|221|1859|CBJ5158|108.479175568|28.0542755127|9479|262.25|146.5|0|0|9479
15:34:20|221|1859|CBJ5158|108.491020203|28.0595970154|9479|262.75|146.25|0|0|9479
15:34:24|221|1859|CBJ5158|108.502349854|28.0647468567|9479|263.25|146.5|0|0|9479
15:34:28|221|1859|CBJ5158|108.513336182|28.0695533752|9479|263.25|146.5|0|0|9479
15:34:32|221|1859|CBJ5158|108.524150848|28.0745315552|9479|263.75|146.5|0|0|9479
15:34:36|221|1859|CBJ5158|108.535308838|28.0795097351|9479|263.75|146.5|0|0|9479
15:34:40|221|1859|CBJ5158|108.545780182|28.0841445923|9479|263.75|147.0|0|0|9479
15:34:44|221|1859|CBJ5158|108.557281494|28.089466095|9479|264.25|147.5|0|0|9479
15:34:48|221|1859|CBJ5158|108.567581177|28.093585968|9479|263.25|145.25|0|0|9479
15:34:52|221|1859|CBJ5158|108.578395844|28.0987358093|9479|262.75|146.5|0|0|9479
15:34:56|221|1859|CBJ5158|108.588695526|28.1033706665|9479|262.75|146.5|0|0|9479
15:35:00|221|1859|CBJ5158|108.599338531|28.1081771851|9479|262.75|146.5|0|0|9479
15:35:04|221|1859|CBJ5158|108.61032486|28.113155365|9479|262.75|146.5|0|0|9479
15:35:08|221|1859|CBJ5158|108.620967865|28.1181335449|9479|262.75|147.0|0|0|9479
15:35:12|221|1859|CBJ5158|108.631954193|28.1231117249|9479|262.25|147.5|0|0|9479
15:35:16|221|1859|CBJ5158|108.642597198|28.1279182434|9479|262.25|147.0|0|0|9479
15:35:20|221|1859|CBJ5158|108.655815125|28.1337547302|9479|262.25|147.0|0|0|9479
15:35:24|221|1859|CBJ5158|108.664226532|28.1375312805|9479|262.25|147.0|0|0|9479
15:35:28|221|1859|CBJ5158|108.675041199|28.1423377991|9479|262.25|147.0|0|0|9479
15:35:32|221|1859|CBJ5158|108.686714172|28.1474876404|9479|262.25|146.5|0|0|9479
15:35:36|221|1859|CBJ5158|108.697357178|28.1522941589|9479|262.75|147.0|0|0|9479
15:35:40|221|1859|CBJ5158|108.710918427|28.1584739685|9479|263.25|147.0|0|0|9479
15:35:44|221|1859|CBJ5158|108.720703125|28.1627655029|9479|263.25|146.5|0|0|9479
15:35:48|221|1859|CBJ5158|108.730831146|28.1672286987|9479|263.75|146.5|0|0|9479
15:35:52|221|1859|CBJ5158|108.743877411|28.1730651855|9479|264.25|147.0|0|0|9479
15:35:56|221|1859|CBJ5158|108.754863739|28.1780433655|9479|264.25|147.0|0|0|9479
15:36:00|221|1859|CBJ5158|108.765850067|28.1830215454|9479|264.25|147.5|0|0|9479
15:36:04|221|1859|CBJ5158|108.775119781|28.1871414185|9479|264.25|147.5|0|0|9479
15:36:08|221|1859|CBJ5158|108.78610611|28.1921195984|9479|264.25|147.5|0|0|9479
15:36:12|221|1859|CBJ5158|108.798122406|28.1974411011|9479|264.25|147.5|0|0|9479
15:36:16|221|1859|CBJ5158|108.80979538|28.2027626038|9479|263.75|147.5|0|0|9479
15:36:20|221|1859|CBJ5158|108.819580078|28.2070541382|9479|263.75|147.5|0|0|9479
15:36:24|221|1859|CBJ5158|108.829879761|28.2116889954|9479|263.75|147.5|0|0|9479
15:36:28|221|1859|CBJ5158|108.840866089|28.2166671753|9479|263.75|147.5|0|0|9479
15:36:32|221|1859|CBJ5158|108.852367401|28.2218170166|9479|263.75|147.5|0|0|9479
15:36:36|221|1859|CBJ5158|108.864040375|28.2269668579|9479|263.75|147.5|0|0|9479
15:36:40|221|1859|CBJ5158|108.873653412|28.2312583923|9479|263.75|147.5|0|0|9479
15:36:44|221|1859|CBJ5158|108.88463974|28.2362365723|9479|263.75|147.5|0|0|9479
15:36:48|221|1859|CBJ5158|108.896656036|28.241558075|9479|263.75|147.5|0|0|9479
15:36:52|221|1859|CBJ5158|108.907470703|28.2463645935|9479|263.75|147.5|0|0|9479
15:36:56|221|1859|CBJ5158|108.91828537|28.2511711121|9479|263.75|147.5|0|0|9479
15:37:00|221|1859|CBJ5158|108.928585052|28.2563209534|9479|261.5|150.5|0|0|9479
15:37:04|221|1859|CBJ5158|108.938884735|28.2614707947|9479|259.5|152.0|0|0|9479
15:37:08|221|1859|CBJ5158|108.94952774|28.2664489746|9479|259.5|151.5|0|0|9479
15:37:12|221|1859|CBJ5158|108.959999084|28.2714271545|9479|259.0|152.0|0|0|9479
15:37:16|221|1859|CBJ5158|108.970813751|28.2764053345|9479|259.5|151.5|0|0|9479
15:37:20|221|1859|CBJ5158|108.981456757|28.281211853|9479|260.0|150.5|0|0|9479
15:37:24|221|1859|CBJ5158|108.992271423|28.286190033|9479|260.0|150.0|0|0|9479
15:37:28|221|1859|CBJ5158|109.003601074|28.2911682129|9479|260.0|149.5|0|0|9479
15:37:32|221|1859|CBJ5158|109.014415741|28.2959747314|9479|260.5|149.0|0|0|9479
15:37:36|221|1859|CBJ5158|109.027290344|28.3014678955|9479|261.0|147.5|0|0|9479
15:37:40|221|1859|CBJ5158|109.03793335|28.3059310913|9479|262.0|147.0|0|0|9479
15:37:44|221|1859|CBJ5158|109.049263|28.3110809326|9479|262.25|147.0|0|0|9479
15:37:48|221|1859|CBJ5158|109.060249329|28.3158874512|9479|262.25|146.5|0|0|9479
15:37:52|221|1859|CBJ5158|109.071063995|28.3205223083|9479|262.75|146.5|0|0|9479
15:37:56|221|1859|CBJ5158|109.082050323|28.3253288269|9479|262.75|146.25|0|0|9479
15:38:00|221|1859|CBJ5158|109.09286499|28.3301353455|9479|262.75|146.5|0|0|9479
15:38:04|221|1859|CBJ5158|109.103679657|28.334941864|9479|262.75|146.25|0|0|9479
15:38:08|221|1859|CBJ5158|109.114494324|28.3397483826|9479|262.75|146.25|0|0|9479
15:38:12|221|1859|CBJ5158|109.126853943|28.3452415466|9479|263.25|146.5|0|0|9479
15:38:16|221|1859|CBJ5158|109.13526535|28.3488464355|9479|263.25|146.5|0|0|9479
15:38:20|221|1859|CBJ5158|109.146251678|28.3536529541|9479|263.75|146.25|0|0|9479
15:38:24|221|1859|CBJ5158|109.159984589|28.3598327637|9479|263.75|146.25|0|0|9479
15:38:28|221|1859|CBJ5158|109.171142578|28.3646392822|9479|263.75|146.5|0|0|9479
15:38:32|221|1859|CBJ5158|109.179382324|28.3682441711|9479|263.75|146.5|0|0|9479
15:38:36|221|1859|CBJ5158|109.190540314|28.3732223511|9479|264.25|146.5|0|0|9479
15:38:40|221|1859|CBJ5158|109.201698303|28.378200531|9479|264.25|147.0|0|0|9479
15:38:44|221|1859|CBJ5158|109.215259552|28.3842086792|9479|264.75|147.0|0|0|9479
15:38:48|221|1859|CBJ5158|109.224014282|28.3879852295|9479|264.75|147.0|0|0|9479
15:38:52|221|1859|CBJ5158|109.237747192|28.3939933777|9479|264.75|147.0|0|0|9479
15:38:56|221|1859|CBJ5158|109.245815277|28.3975982666|9479|264.75|147.0|0|0|9479
15:39:00|221|1859|CBJ5158|109.259719849|28.4037780762|9479|264.75|147.0|0|0|9479
15:39:04|221|1859|CBJ5158|109.270877838|28.4084129333|9479|265.25|147.0|0|0|9479
15:39:08|221|1859|CBJ5158|109.281864166|28.4132194519|9479|265.75|146.5|0|0|9479
15:39:12|221|1859|CBJ5158|109.29233551|28.4180259705|9479|264.25|147.0|0|0|9479
15:39:16|221|1859|CBJ5158|109.302978516|28.422832489|9479|263.75|147.0|0|0|9479
15:39:20|221|1859|CBJ5158|109.311904907|28.4267807007|9479|263.75|147.0|0|0|9479
15:39:24|221|1859|CBJ5158|109.325809479|28.4327888489|9479|264.25|147.0|0|0|9479
15:39:28|221|1859|CBJ5158|109.336795807|28.4377670288|9479|264.25|146.5|0|0|9479
15:39:32|221|1859|CBJ5158|109.34469223|28.4413719177|9479|263.25|147.0|0|0|9479
15:39:36|221|1859|CBJ5158|109.355335236|28.4461784363|9479|262.25|147.5|0|0|9479
15:39:40|221|1859|CBJ5158|109.366836548|28.4513282776|9479|262.25|147.0|0|0|9479
15:39:44|221|1859|CBJ5158|109.377307892|28.4559631348|9479|262.75|147.5|0|0|9479
15:39:48|221|1859|CBJ5158|109.391212463|28.4621429443|9479|262.75|147.5|0|0|9479
15:39:52|221|1859|CBJ5158|109.402370453|28.4669494629|9479|263.25|147.0|0|0|9479
15:39:56|221|1859|CBJ5158|109.413528442|28.4717559814|9479|263.75|147.0|0|0|9479
15:40:00|221|1859|CBJ5158|109.42193985|28.4753608704|9479|264.25|147.0|0|0|9479
15:40:04|221|1859|CBJ5158|109.433097839|28.4803390503|9479|264.25|147.0|0|0|9479
15:40:08|221|1859|CBJ5158|109.447174072|28.4863471985|9479|264.75|147.5|0|0|9479
15:40:12|221|1859|CBJ5158|109.4581604|28.4913253784|9479|264.75|147.5|0|0|9479
15:40:16|221|1859|CBJ5158|109.466571808|28.4949302673|9479|264.75|147.5|0|0|9479
15:40:20|221|1859|CBJ5158|109.478244781|28.4999084473|9479|264.75|147.0|0|0|9479
15:40:24|221|1859|CBJ5158|109.491462708|28.5055732727|9479|265.75|146.5|0|0|9479
15:40:28|221|1859|CBJ5158|109.50296402|28.5102081299|9479|266.75|145.75|0|0|9479
15:40:32|221|1859|CBJ5158|109.514293671|28.5146713257|9479|267.75|144.25|0|0|9479
15:40:36|221|1859|CBJ5158|109.523048401|28.5177612305|9479|269.0|141.75|0|0|9479
15:40:40|221|1859|CBJ5158|109.534721375|28.5218811035|9479|271.5|138.0|0|0|9479
15:40:44|221|1859|CBJ5158|109.549655914|28.5261726379|9479|276.75|128.25|0|0|9479
15:40:48|221|1859|CBJ5158|109.561672211|28.5299491882|9479|278.75|125.0|0|0|9479
15:40:52|221|1859|CBJ5158|109.573516846|28.5337257385|9479|280.75|123.0|0|0|9479
15:40:56|221|1859|CBJ5158|109.585533142|28.5376739502|9479|282.25|123.5|0|0|9479
15:41:00|221|1859|CBJ5158|109.594631195|28.540763855|9479|281.25|123.5|0|0|9479
15:41:04|221|1859|CBJ5158|109.608364105|28.5452270508|9479|281.25|122.0|0|0|9479
15:41:08|221|1859|CBJ5158|109.617977142|28.5486602783|9479|280.75|122.5|0|0|9479
15:41:12|221|1859|CBJ5158|109.629135132|28.55260849|9479|279.25|123.5|0|0|9479
15:41:16|221|1859|CBJ5158|109.640293121|28.556728363|9479|277.75|124.0|0|0|9479
15:41:20|221|1859|CBJ5158|109.651451111|28.5606765747|9479|276.75|124.5|0|0|9479
15:41:24|221|1859|CBJ5158|109.664669037|28.5659980774|9479|274.5|127.25|0|0|9479
15:41:28|221|1859|CBJ5158|109.673252106|28.5694313049|9479|273.0|128.75|0|0|9479
15:41:32|221|1859|CBJ5158|109.685096741|28.5733795166|9479|275.0|126.75|0|0|9479
15:41:36|221|1859|CBJ5158|109.699344635|28.5771560669|9479|277.25|122.0|0|0|9479
15:41:40|221|1859|CBJ5158|109.711360931|28.5802459717|9479|279.25|118.75|0|0|9479
15:41:44|221|1859|CBJ5158|109.720973969|28.5835075378|9479|279.25|118.75|0|0|9479
15:41:48|221|1859|CBJ5158|109.735736847|28.5884857178|9479|280.75|121.0|0|0|9479
15:41:52|221|1859|CBJ5158|109.747753143|28.5924339294|9479|282.5|121.5|0|0|9479
15:41:56|221|1859|CBJ5158|109.759597778|28.5965538025|9479|282.25|123.5|0|0|9479
15:42:00|221|1859|CBJ5158|109.770927429|28.6010169983|9479|279.75|126.75|0|0|9479
15:42:04|221|1859|CBJ5158|109.78225708|28.6051368713|9479|279.75|127.75|0|0|9479
15:42:08|221|1859|CBJ5158|109.793930054|28.6096000671|9479|279.75|128.75|0|0|9479
15:42:12|221|1859|CBJ5158|109.805603027|28.6137199402|9479|280.25|128.75|0|0|9479
15:42:16|221|1859|CBJ5158|109.817276001|28.6180114746|9479|280.25|129.75|0|0|9479
15:42:20|221|1859|CBJ5158|109.828777313|28.622303009|9479|280.25|130.25|0|0|9479
15:42:24|221|1859|CBJ5158|109.840278625|28.6265945435|9479|279.25|131.25|0|0|9479
15:42:28|221|1859|CBJ5158|109.851951599|28.6307144165|9479|279.75|130.75|0|0|9479
15:42:32|221|1859|CBJ5158|109.863452911|28.6348342896|9479|279.75|130.75|0|0|9479
15:42:36|221|1859|CBJ5158|109.87443924|28.639125824|9479|278.75|131.75|0|0|9479
15:42:40|221|1859|CBJ5158|109.886455536|28.6434173584|9479|278.75|131.25|0|0|9479
15:42:44|221|1859|CBJ5158|109.897785187|28.6475372314|9479|278.75|131.25|0|0|9479
15:42:48|221|1859|CBJ5158|109.909286499|28.6516571045|9479|278.25|131.25|0|0|9479
15:42:52|221|1859|CBJ5158|109.920787811|28.6559486389|9479|278.25|131.25|0|0|9479
15:42:56|221|1859|CBJ5158|109.931945801|28.660068512|9479|278.25|131.75|0|0|9479
15:43:00|221|1859|CBJ5158|109.943447113|28.6645317078|9479|277.25|132.25|0|0|9479
15:43:04|221|1859|CBJ5158|109.954605103|28.6686515808|9479|276.25|132.75|0|0|9479
15:43:08|221|1859|CBJ5158|109.965934753|28.6725997925|9479|277.25|131.75|0|0|9479
15:43:12|221|1859|CBJ5158|109.977607727|28.6767196655|9479|277.75|131.25|0|0|9479
15:43:16|221|1859|CBJ5158|109.989452362|28.6808395386|9479|277.75|130.75|0|0|10088
15:43:20|221|1859|CBJ5158|110.003700256|28.6858177185|9479|278.25|130.25|0|0|10088
15:43:24|221|1859|CBJ5158|110.012969971|28.6890792847|9479|278.25|129.75|0|0|10088
15:43:28|221|1859|CBJ5158|110.026702881|28.6938858032|9502|278.25|129.75|2|0|10088
15:43:32|221|1859|CBJ5158|110.038547516|28.6981773376|9525|278.75|129.75|3|0|10088
15:43:36|221|1859|CBJ5158|110.047473907|28.7012672424|9548|278.25|129.25|4|0|10088
15:43:40|221|1859|CBJ5158|110.061378479|28.706073761|9571|278.25|129.25|5|0|10088
15:43:44|221|1859|CBJ5158|110.07270813|28.7103652954|9586|277.75|130.25|5|0|10088
15:43:48|221|1859|CBJ5158|110.084209442|28.7146568298|9609|277.25|130.75|5|0|10088
15:43:52|221|1859|CBJ5158|110.095710754|28.7187767029|9624|277.75|130.25|4|0|10088
15:43:56|221|1859|CBJ5158|110.107212067|28.7228965759|9639|277.75|130.25|4|0|10088
15:44:00|221|1859|CBJ5158|110.11888504|28.7268447876|9655|277.75|130.25|5|0|10088
15:44:04|221|1859|CBJ5158|110.130386353|28.7309646606|9677|278.25|129.75|4|0|10088
15:44:08|221|1859|CBJ5158|110.142059326|28.7349128723|9693|278.75|129.25|5|0|10088
15:44:12|221|1859|CBJ5158|110.154075623|28.7390327454|9708|278.75|128.75|5|0|10088
15:44:16|221|1859|CBJ5158|110.165748596|28.7433242798|9731|278.25|129.25|5|0|10088
15:44:20|221|1859|CBJ5158|110.176734924|28.7472724915|9754|278.25|129.75|5|0|10088
15:44:24|221|1859|CBJ5158|110.188407898|28.7513923645|9769|278.25|129.75|5|0|10088
15:44:28|221|1859|CBJ5158|110.200080872|28.7556838989|9784|278.25|130.25|5|0|10088
15:44:32|221|1859|CBJ5158|110.211925507|28.7601470947|9807|277.75|130.75|4|0|10088
15:44:36|221|1859|CBJ5158|110.222911835|28.763923645|9822|278.25|130.25|5|0|10088
15:44:40|221|1859|CBJ5158|110.23475647|28.7680435181|9837|278.75|129.75|5|0|10088
15:44:44|221|1859|CBJ5158|110.246601105|28.7719917297|9860|279.25|129.25|5|0|10088
15:44:48|221|1859|CBJ5158|110.258102417|28.7759399414|9883|279.25|129.25|5|0|10088
15:44:52|221|1859|CBJ5158|110.269947052|28.7802314758|9914|279.25|129.25|6|0|10088
15:44:56|221|1859|CBJ5158|110.281620026|28.7841796875|9936|279.25|129.25|6|0|10088
15:45:00|221|1859|CBJ5158|110.292949677|28.7882995605|9967|279.25|130.25|7|0|10088
15:45:04|221|1859|CBJ5158|110.304279327|28.7927627563|9990|278.75|131.25|6|0|10088
15:45:08|221|1859|CBJ5158|110.316123962|28.7970542908|10020|278.75|131.25|7|0|10088
15:45:12|221|1859|CBJ5158|110.327796936|28.8011741638|10043|278.75|131.25|6|0|10088
15:45:16|221|1859|CBJ5158|110.339298248|28.8051223755|10051|279.25|131.25|6|0|10088
15:45:20|221|1859|CBJ5158|110.350971222|28.8092422485|10066|279.25|130.75|5|0|10088
15:45:24|221|1859|CBJ5158|110.362815857|28.8133621216|10081|279.25|130.25|4|0|10088
15:45:28|221|1859|CBJ5158|110.375003815|28.8174819946|10089|279.25|129.75|3|0|10088
15:45:32|221|1859|CBJ5158|110.386333466|28.8214302063|10081|279.25|129.25|0|0|10088
15:45:36|221|1859|CBJ5158|110.398178101|28.825378418|10081|279.25|128.75|0|0|10088
15:45:40|221|1859|CBJ5158|110.410194397|28.829498291|10081|279.25|128.25|0|0|10088
15:45:44|221|1859|CBJ5158|110.421180725|28.8331031799|10081|279.75|127.75|0|0|10088
15:45:48|221|1859|CBJ5158|110.432682037|28.837223053|10081|279.25|127.75|0|0|10088
15:45:52|221|1859|CBJ5158|110.444526672|28.8411712646|10081|279.75|127.25|0|0|10088
15:45:56|221|1859|CBJ5158|110.456199646|28.8449478149|10081|279.75|126.75|0|0|10088
15:46:00|221|1859|CBJ5158|110.470790863|28.8495826721|10081|280.75|125.5|0|0|10088
15:46:04|221|1859|CBJ5158|110.482463837|28.8533592224|10081|280.75|125.5|0|0|10088
15:46:08|221|1859|CBJ5158|110.491733551|28.8559341431|10081|282.25|123.5|0|0|10088
15:46:12|221|1859|CBJ5158|110.506153107|28.8607406616|10081|282.25|124.0|0|0|10088
15:46:16|221|1859|CBJ5158|110.517654419|28.8652038574|10081|280.75|126.25|0|0|10088
15:46:20|221|1859|CBJ5158|110.529499054|28.8691520691|10081|280.25|126.0|0|0|10088
15:46:24|221|1859|CBJ5158|110.540828705|28.8732719421|10081|279.75|126.75|0|0|10088
15:46:28|221|1859|CBJ5158|110.551815033|28.8772201538|10081|279.75|127.25|0|0|10088
15:46:32|221|1859|CBJ5158|110.563831329|28.8816833496|10081|279.25|128.25|0|0|10088
15:46:36|221|1859|CBJ5158|110.575504303|28.8856315613|10081|279.25|127.75|0|0|10088
15:46:40|221|1859|CBJ5158|110.586833954|28.8899230957|10081|278.25|128.75|0|0|10088
15:46:44|221|1859|CBJ5158|110.597820282|28.8940429688|10081|278.25|129.75|0|0|10088
15:46:48|221|1859|CBJ5158|110.609664917|28.8983345032|10081|277.75|129.75|0|0|10088
15:46:52|221|1859|CBJ5158|110.620822906|28.9031410217|10081|276.25|131.25|0|0|10088
15:46:56|221|1859|CBJ5158|110.631637573|28.9072608948|10081|276.25|132.25|0|0|10088
15:47:00|221|1859|CBJ5158|110.643310547|28.911895752|10081|275.0|133.5|0|0|10088
15:47:04|221|1859|CBJ5158|110.654468536|28.9165306091|10081|274.0|135.5|0|0|10088
15:47:08|221|1859|CBJ5158|110.665283203|28.9208221436|10081|274.0|136.0|0|0|10088
15:47:12|221|1859|CBJ5158|110.6772995|28.9247703552|10081|275.5|133.5|0|0|10088
15:47:16|221|1859|CBJ5158|110.689144135|28.9285469055|10081|276.25|131.75|0|0|10088
15:47:20|221|1859|CBJ5158|110.700645447|28.9326667786|10081|275.75|132.25|0|0|10088
15:47:24|221|1859|CBJ5158|110.712146759|28.9367866516|10081|276.25|131.75|0|0|10088
15:47:28|221|1859|CBJ5158|110.723648071|28.9407348633|10081|276.25|131.75|0|0|10088
15:47:32|221|1859|CBJ5158|110.735321045|28.9450263977|10081|276.25|131.75|0|0|10088
15:47:36|221|1859|CBJ5158|110.746994019|28.9489746094|10081|276.75|130.75|0|0|10088
15:47:40|221|1859|CBJ5158|110.758152008|28.9527511597|10081|277.25|130.75|0|0|10088
15:47:44|221|1859|CBJ5158|110.770339966|28.9568710327|10081|277.25|130.25|0|0|10088
15:47:48|221|1859|CBJ5158|110.781841278|28.9609909058|10081|277.75|130.25|0|0|10088
15:47:52|221|1859|CBJ5158|110.793514252|28.9649391174|10081|277.75|129.75|0|0|10088
15:47:56|221|1859|CBJ5158|110.805187225|28.9687156677|10081|277.75|129.25|0|0|10088
15:48:00|221|1859|CBJ5158|110.818748474|28.9736938477|10081|277.75|129.75|0|0|10088
15:48:04|221|1859|CBJ5158|110.830249786|28.9778137207|10081|277.75|130.25|0|0|10088
15:48:08|221|1859|CBJ5158|110.841236115|28.981590271|10081|277.75|130.25|0|0|10088
15:48:12|221|1859|CBJ5158|110.85308075|28.9858818054|10081|277.75|130.25|0|0|10088
15:48:16|221|1859|CBJ5158|110.864753723|28.9900016785|10081|277.75|130.75|0|0|10088
15:48:20|221|1859|CBJ5158|110.877113342|28.9944648743|10081|277.25|131.25|0|0|10088
15:48:24|221|1859|CBJ5158|110.888614655|28.9987564087|10081|277.25|131.75|0|0|10088
15:48:28|221|1859|CBJ5158|110.900287628|29.0030479431|10081|277.25|131.75|0|0|10088
15:48:32|221|1859|CBJ5158|110.911273956|29.0068244934|10081|277.25|131.75|0|0|10088
15:48:36|221|1859|CBJ5158|110.923118591|29.0111160278|10081|277.75|132.25|0|0|10088
15:48:40|221|1859|CBJ5158|110.934791565|29.0154075623|10081|277.75|132.25|0|0|10088
15:48:44|221|1859|CBJ5158|110.9466362|29.0195274353|10081|277.75|132.75|0|0|10088
15:48:48|221|1859|CBJ5158|110.958652496|29.0241622925|10081|277.75|132.75|0|0|10088
15:48:52|221|1859|CBJ5158|110.97032547|29.0279388428|10081|277.75|132.25|0|0|10088
15:48:56|221|1859|CBJ5158|110.981826782|29.0317153931|10081|278.25|130.75|0|0|10088
15:49:00|221|1859|CBJ5158|110.993671417|29.0351486206|10081|279.75|127.75|0|0|10088
15:49:04|221|1859|CBJ5158|111.006031036|29.038066864|10081|282.5|121.0|0|0|10088
15:49:08|221|1859|CBJ5158|111.017360687|29.0421867371|10081|280.75|125.5|0|0|10088
15:49:12|221|1859|CBJ5158|111.028003693|29.0466499329|10081|278.75|129.75|0|0|10088
15:49:16|221|1859|CBJ5158|111.040706635|29.0500831604|10081|280.25|126.0|0|0|10088
15:49:20|221|1859|CBJ5158|111.052379608|29.0538597107|10081|280.75|125.5|0|0|10088
15:49:24|221|1859|CBJ5158|111.064567566|29.0571212769|10081|282.25|123.5|0|0|10088
15:49:28|221|1859|CBJ5158|111.074695587|29.0624427795|10081|278.75|129.75|0|0|10088
15:49:32|221|1859|CBJ5158|111.086711884|29.0669059753|10081|278.75|130.25|0|0|10088
15:49:36|221|1859|CBJ5158|111.09752655|29.0720558167|10081|275.75|134.0|0|0|10088
15:49:40|221|1859|CBJ5158|111.108169556|29.0773773193|10081|273.5|138.0|0|0|10088
15:49:44|221|1859|CBJ5158|111.120872498|29.0801239014|10081|277.25|131.75|0|0|10088
15:49:48|221|1859|CBJ5158|111.131858826|29.0847587585|10081|275.75|133.5|0|0|10088
15:49:52|221|1859|CBJ5158|111.143188477|29.0892219543|10081|275.5|134.5|0|0|10088
15:49:56|221|1859|CBJ5158|111.155376434|29.0924835205|10081|276.75|132.25|0|0|10088
15:50:00|221|1859|CBJ5158|111.166877747|29.0967750549|10081|276.75|132.75|0|0|10088
15:50:04|221|1859|CBJ5158|111.180095673|29.1026115417|10081|275.5|135.5|0|0|10088
15:50:08|221|1859|CBJ5158|111.190910339|29.1081047058|10081|273.0|139.75|0|0|10088
15:50:12|221|1859|CBJ5158|111.201725006|29.1093063354|10081|277.75|131.75|0|0|10088
15:50:16|221|1859|CBJ5158|111.214599609|29.1115379333|10081|282.25|124.0|0|0|10088
15:50:20|221|1859|CBJ5158|111.229190826|29.1156578064|10081|282.5|125.0|0|0|10088
15:50:24|221|1859|CBJ5158|111.238288879|29.1194343567|10081|280.75|127.75|0|0|10088
15:50:28|221|1859|CBJ5158|111.251506805|29.1252708435|10081|278.75|132.25|0|0|10088
15:50:32|221|1859|CBJ5158|111.263694763|29.1297340393|10081|278.25|132.25|0|0|10088
15:50:36|221|1859|CBJ5158|111.275196075|29.133682251|10081|278.25|131.75|0|0|10088
15:50:40|221|1859|CBJ5158|111.286525726|29.1383171082|10081|277.25|133.5|0|0|10088
15:50:44|221|1859|CBJ5158|111.297168732|29.142780304|10081|276.25|135.0|0|0|10088
15:50:48|221|1859|CBJ5158|111.310043335|29.1462135315|10081|278.25|131.75|0|0|10088
15:50:52|221|1859|CBJ5158|111.322402954|29.1491317749|10081|280.75|128.25|0|0|10088
15:50:56|221|1859|CBJ5158|111.333904266|29.1525650024|10081|281.25|128.25|0|0|10088
15:51:00|221|1859|CBJ5158|111.345920563|29.1570281982|10081|280.25|129.25|0|0|10088
15:51:04|221|1859|CBJ5158|111.357421875|29.1602897644|10081|281.75|127.75|0|0|10088
15:51:08|221|1859|CBJ5158|111.369609833|29.1647529602|10081|280.75|128.75|0|0|10088
15:51:12|221|1859|CBJ5158|111.380939484|29.1693878174|10081|279.25|130.75|0|0|10088
15:51:16|221|1859|CBJ5158|111.392612457|29.1731643677|10081|279.75|130.25|0|0|10088
15:51:20|221|1859|CBJ5158|111.40411377|29.1765975952|10081|280.75|128.75|0|0|10088
15:51:24|221|1859|CBJ5158|111.415615082|29.181060791|10081|279.75|130.75|0|0|10088
15:51:28|221|1859|CBJ5158|111.427974701|29.1848373413|10081|280.25|129.25|0|0|10088
15:51:32|221|1859|CBJ5158|111.439304352|29.1893005371|10081|279.25|130.75|0|0|10088
15:51:36|221|1859|CBJ5158|111.450977325|29.1934204102|10081|279.25|130.75|0|0|10088
15:51:40|221|1859|CBJ5158|111.463336945|29.1963386536|10081|281.25|127.75|0|0|10088
15:51:44|221|1859|CBJ5158|111.477584839|29.2009735107|10081|281.75|128.25|0|0|10088
15:51:48|221|1859|CBJ5158|111.486682892|29.204750061|10081|280.25|129.75|0|0|10088
15:51:52|221|1859|CBJ5158|111.49887085|29.2080116272|10081|281.75|127.75|0|0|10088
15:51:56|221|1859|CBJ5158|111.510372162|29.2114448547|10081|282.25|127.75|0|0|10088
15:52:00|221|1859|CBJ5158|111.522045135|29.2164230347|10081|280.25|130.25|0|0|10088
15:52:04|221|1859|CBJ5158|111.535949707|29.2214012146|10081|280.25|130.75|0|0|10088
15:52:08|221|1859|CBJ5158|111.548480988|29.2244911194|10081|282.25|128.25|0|0|10088
15:52:12|221|1859|CBJ5158|111.5599823|29.2289543152|10081|281.25|130.25|0|0|10088
15:52:16|221|1859|CBJ5158|111.570625305|29.2346191406|10081|277.25|136.0|0|0|10088
15:52:20|221|1859|CBJ5158|111.579380035|29.2385673523|10081|276.25|137.0|0|0|10088
15:52:24|221|1859|CBJ5158|111.59362793|29.2440605164|10081|276.25|136.5|0|0|10088
15:52:28|221|1859|CBJ5158|111.605472565|29.2478370667|10081|277.25|134.5|0|0|10088
15:52:32|221|1859|CBJ5158|111.616458893|29.2516136169|10081|277.25|134.5|0|0|10088
15:52:36|221|1859|CBJ5158|111.628646851|29.2552185059|10081|278.75|133.0|0|0|10088
15:52:40|221|1859|CBJ5158|111.639976501|29.2600250244|10081|277.25|136.0|0|0|10088
15:52:44|221|1859|CBJ5158|111.652164459|29.2644882202|10081|277.25|136.0|0|0|10088
15:52:48|221|1859|CBJ5158|111.662464142|29.2696380615|10081|275.5|139.5|0|0|10088
15:52:52|221|1859|CBJ5158|111.673965454|29.2742729187|10081|275.0|140.25|0|0|10088
15:52:56|221|1859|CBJ5158|111.685123444|29.2790794373|10081|274.0|141.75|0|0|10088
15:53:00|221|1859|CBJ5158|111.696453094|29.2837142944|10081|274.0|142.75|0|0|10088
15:53:04|221|1859|CBJ5158|111.708469391|29.2876625061|10081|275.0|140.75|0|0|10088
15:53:08|221|1859|CBJ5158|111.719970703|29.2921257019|10081|275.0|141.25|0|0|10088
15:53:12|221|1859|CBJ5158|111.730442047|29.2983055115|10081|271.5|147.0|0|0|10088
15:53:16|221|1859|CBJ5158|111.74074173|29.3051719666|10081|263.75|157.75|0|0|10088
15:53:20|221|1859|CBJ5158|111.752243042|29.3091201782|10081|268.25|150.5|0|0|10088
15:53:24|221|1859|CBJ5158|111.763057709|29.3140983582|10097|267.75|152.0|0|0|10088
15:53:28|221|1859|CBJ5158|111.77438736|29.3195915222|10097|265.75|153.25|0|0|10088
15:53:32|221|1859|CBJ5158|111.785373688|29.3245697021|10097|265.25|153.25|0|0|10088
15:53:36|221|1859|CBJ5158|111.792411804|29.3355560303|10097|235.75|185.75|0|0|10088
15:53:40|221|1859|CBJ5158|111.800823212|29.3413925171|10097|230.5|194.25|0|0|10088
15:53:44|221|1859|CBJ5158|111.81180954|29.3472290039|10097|236.25|187.25|0|0|10088
15:53:48|221|1859|CBJ5158|111.821079254|29.3539237976|10097|231.0|194.75|0|0|10088
15:53:52|221|1859|CBJ5158|111.832580566|29.3583869934|10097|242.0|180.5|0|0|10088
15:53:56|221|1859|CBJ5158|111.843223572|29.3642234802|10097|241.75|180.5|0|0|10088
15:54:00|221|1859|CBJ5158|111.853179932|29.3705749512|10097|239.25|182.75|0|0|10088
15:54:04|221|1859|CBJ5158|111.864337921|29.37915802|10097|235.0|189.5|0|0|10088
15:54:08|221|1859|CBJ5158|111.87292099|29.3829345703|10097|238.25|185.25|0|0|10088
15:54:12|221|1859|CBJ5158|111.883735657|29.3879127502|10097|241.25|181.25|0|0|10088
15:54:16|221|1859|CBJ5158|111.896095276|29.395980835|10097|239.25|183.75|0|0|10088
15:54:20|221|1859|CBJ5158|111.907253265|29.4007873535|10097|242.0|180.0|0|0|10088
15:54:24|221|1859|CBJ5158|111.919441223|29.4043922424|10097|247.5|172.25|0|0|10088
15:54:28|221|1859|CBJ5158|111.925621033|29.4116020203|10097|238.25|182.25|0|0|10088
15:54:32|221|1859|CBJ5158|111.937294006|29.4184684753|10097|238.25|182.25|0|0|10088
15:54:36|221|1859|CBJ5158|111.94776535|29.4244766235|10097|238.75|182.25|0|0|10088
15:54:40|221|1859|CBJ5158|111.957550049|29.4306564331|10097|237.25|184.25|0|0|10088
15:54:44|221|1859|CBJ5158|111.968193054|29.4364929199|10097|239.25|182.25|0|0|10088
15:54:48|221|1859|CBJ5158|111.979522705|29.4409561157|10097|244.0|176.0|0|0|10088
15:54:52|221|1859|CBJ5158|111.989994049|29.4464492798|10097|245.0|175.5|0|0|10088
15:54:56|221|1859|CBJ5158|112.00012207|29.4533157349|10097|240.75|180.5|0|0|10088
15:55:00|221|1859|CBJ5158|112.010250092|29.4594955444|10081|240.25|181.25|0|0|10088
15:55:04|221|1859|CBJ5158|112.019691467|29.4661903381|10081|237.25|184.25|0|0|10088
15:55:08|221|1859|CBJ5158|112.02999115|29.4721984863|10081|237.75|183.75|0|0|10088
15:55:12|221|1859|CBJ5158|112.03994751|29.4776916504|10081|238.25|183.25|0|0|10088
15:55:16|221|1859|CBJ5158|112.050247192|29.48387146|10081|238.25|183.75|0|0|10088
15:55:20|221|1859|CBJ5158|112.060375214|29.489364624|10081|239.25|182.75|0|0|10088
15:55:24|221|1859|CBJ5158|112.071533203|29.4945144653|10081|241.25|180.75|0|0|10088
15:55:28|221|1859|CBJ5158|112.082862854|29.4996643066|10081|243.0|178.0|0|0|10088
15:55:32|221|1859|CBJ5158|112.092132568|29.5060157776|10081|240.75|181.25|0|0|10088
15:55:36|221|1859|CBJ5158|112.101402283|29.5135688782|10081|237.25|185.75|0|0|10088
15:55:40|221|1859|CBJ5158|112.111873627|29.5192337036|10081|238.25|184.75|0|0|10088
15:55:44|221|1859|CBJ5158|112.123031616|29.5250701904|10081|239.25|182.75|0|0|10088
15:55:48|221|1859|CBJ5158|112.132644653|29.5315933228|10081|237.75|184.75|0|0|10088
15:55:52|221|1859|CBJ5158|112.142429352|29.5374298096|10081|237.75|184.75|0|0|10088
15:55:56|221|1859|CBJ5158|112.151699066|29.5442962646|10081|235.75|187.5|0|0|10088
15:56:00|221|1859|CBJ5158|112.16217041|29.5499610901|10081|236.75|186.75|0|0|10088
15:56:04|221|1859|CBJ5158|112.172813416|29.5557975769|10081|237.75|185.75|0|0|10088
15:56:08|221|1859|CBJ5158|112.184486389|29.5602607727|10081|241.75|180.5|0|0|10088
15:56:12|221|1859|CBJ5158|112.194271088|29.5662689209|10081|240.25|182.25|0|0|10088
15:56:16|221|1859|CBJ5158|112.205600739|29.5707321167|10081|243.5|178.5|0|0|10088
15:56:20|221|1859|CBJ5158|112.215900421|29.5770835876|10081|242.0|180.5|0|0|10088
15:56:24|221|1859|CBJ5158|112.228431702|29.5846366882|10081|241.25|181.75|0|0|10088
15:56:28|221|1859|CBJ5158|112.238903046|29.5903015137|10081|241.75|181.25|0|0|10088
15:56:32|221|1859|CBJ5158|112.24937439|29.5963096619|10081|241.75|181.25|0|0|10088
15:56:36|221|1859|CBJ5158|112.260360718|29.6012878418|10081|243.5|179.0|0|0|10088
15:56:40|221|1859|CBJ5158|112.271518707|29.6069526672|10081|243.5|178.0|0|0|10088
15:56:44|221|1859|CBJ5158|112.281990051|29.6115875244|10097|245.0|176.0|0|0|10088
15:56:48|221|1859|CBJ5158|112.292461395|29.6170806885|10097|245.0|176.5|0|0|10088
15:56:52|221|1859|CBJ5158|112.303962708|29.621887207|10097|247.0|173.75|0|0|10088
15:56:56|221|1859|CBJ5158|112.313747406|29.6284103394|10097|245.0|176.5|0|0|10088
15:57:00|221|1859|CBJ5158|112.324562073|29.6333885193|10097|246.0|175.0|0|0|10088
15:57:04|221|1859|CBJ5158|112.336235046|29.6376800537|10097|248.75|171.25|0|0|10088
15:57:08|221|1859|CBJ5158|112.347393036|29.6424865723|10097|250.25|169.75|0|0|10088
15:57:12|221|1859|CBJ5158|112.35786438|29.6488380432|10097|248.5|172.25|0|0|10088
15:57:16|221|1859|CBJ5158|112.368164062|29.65467453|10097|247.5|173.25|0|0|10088
15:57:20|221|1859|CBJ5158|112.377090454|29.6617126465|10097|244.0|178.5|0|0|10088
15:57:24|221|1859|CBJ5158|112.387733459|29.6672058105|10097|245.0|177.0|0|0|10088
15:57:28|221|1859|CBJ5158|112.398719788|29.6723556519|10097|246.0|175.5|0|0|10088
15:57:32|221|1859|CBJ5158|112.408504486|29.6787071228|10097|244.5|178.0|0|0|10088
15:57:36|221|1859|CBJ5158|112.418804169|29.6854019165|10097|243.0|180.0|0|0|10088
15:57:40|221|1859|CBJ5158|112.42893219|29.6910667419|10097|243.0|180.0|0|0|10088
15:57:44|221|1859|CBJ5158|112.439060211|29.6981048584|10097|240.75|182.25|0|0|10088
15:57:48|221|1859|CBJ5158|112.449531555|29.7039413452|10097|240.75|182.25|0|0|10088
15:57:52|221|1859|CBJ5158|112.460002899|29.709777832|10097|240.75|182.25|0|0|10088
15:57:58|221|1859|CBJ5158|112.460002899|29.709777832|10097|240.75|182.25|0|0|10088
