04:00:04|773|2639|CBJ5127|106.526699066|26.5345573425|9174|-168.25|-57.5|0|0|9174
04:00:08|773|2639|CBJ5127|106.520175934|26.5326690674|9174|-168.25|-57.5|0|0|9174
04:00:12|773|2639|CBJ5127|106.513309479|26.5307807922|9174|-168.25|-57.5|0|0|9174
04:00:16|773|2639|CBJ5127|106.506443024|26.5287208557|9174|-168.25|-57.5|0|0|9174
04:00:20|773|2639|CBJ5127|106.49974823|26.5266609192|9174|-167.75|-58.0|0|0|9174
04:00:24|773|2639|CBJ5127|106.492881775|26.5246009827|9174|-167.75|-58.0|0|0|9174
04:00:28|773|2639|CBJ5127|106.486186981|26.5227127075|9174|-168.25|-58.0|0|0|9174
04:00:32|773|2639|CBJ5127|106.479320526|26.520652771|9174|-167.75|-58.0|0|0|9174
04:00:36|773|2639|CBJ5127|106.472625732|26.5187644958|9174|-167.75|-58.0|0|0|9174
04:00:40|773|2639|CBJ5127|106.465759277|26.5168762207|9174|-167.75|-58.0|0|0|9174
04:00:44|773|2639|CBJ5127|106.458721161|26.5148162842|9174|-167.75|-58.0|0|0|9174
04:00:48|773|2639|CBJ5127|106.452198029|26.512928009|9174|-167.75|-58.0|0|0|9174
04:00:52|773|2639|CBJ5127|106.445503235|26.5108680725|9174|-167.75|-58.0|0|0|9174
04:00:56|773|2639|CBJ5127|106.438121796|26.508808136|9174|-167.75|-58.0|0|0|9174
04:01:00|773|2639|CBJ5127|106.431770325|26.5070915222|9174|-167.75|-57.5|0|0|9174
04:01:04|773|2639|CBJ5127|106.425075531|26.5052032471|9174|-167.75|-58.0|0|0|9174
04:01:08|773|2639|CBJ5127|106.41872406|26.5033149719|9174|-167.75|-57.5|0|0|9174
04:01:12|773|2639|CBJ5127|106.411514282|26.5012550354|9174|-167.75|-57.5|0|0|9174
04:01:16|773|2639|CBJ5127|106.404476166|26.4991950989|9174|-167.75|-57.5|0|0|9174
04:01:20|773|2639|CBJ5127|106.397609711|26.4973068237|9174|-167.75|-57.5|0|0|9174
04:01:24|773|2639|CBJ5127|106.392116547|26.4957618713|9174|-167.75|-57.5|0|0|9174
04:01:28|773|2639|CBJ5127|106.385421753|26.4940452576|9174|-167.75|-56.5|0|0|9174
04:01:32|773|2639|CBJ5127|106.378383636|26.4923286438|9174|-167.75|-56.0|0|0|9174
04:01:36|773|2639|CBJ5127|106.370658875|26.4900970459|9174|-167.75|-56.5|0|0|9174
04:01:40|773|2639|CBJ5127|106.363792419|26.4880371094|9174|-167.75|-56.5|0|0|9174
04:01:44|773|2639|CBJ5127|106.358299255|26.4866638184|9174|-167.75|-56.0|0|0|9174
04:01:48|773|2639|CBJ5127|106.351089478|26.4847755432|9174|-167.25|-56.0|0|0|9174
04:01:52|773|2639|CBJ5127|106.344738007|26.4830589294|9174|-166.75|-55.5|0|0|9174
04:01:56|773|2639|CBJ5127|106.337356567|26.4809989929|9174|-166.75|-56.0|0|0|9174
04:02:00|773|2639|CBJ5127|106.330490112|26.4791107178|9174|-166.75|-55.5|0|0|9174
04:02:04|773|2639|CBJ5127|106.324653625|26.4772224426|9174|-166.5|-56.0|0|0|9174
04:02:08|773|2639|CBJ5127|106.317615509|26.4744758606|9174|-165.5|-58.75|0|0|9174
04:02:12|773|2639|CBJ5127|106.311092377|26.4725875854|9174|-165.5|-58.25|0|0|9174
04:02:16|773|2639|CBJ5127|106.304397583|26.4705276489|9174|-166.0|-58.0|0|0|9174
04:02:20|773|2639|CBJ5127|106.298904419|26.4691543579|9174|-166.5|-57.0|0|0|9174
04:02:24|773|2639|CBJ5127|106.292037964|26.4670944214|9174|-166.0|-57.5|0|0|9174
04:02:28|773|2639|CBJ5127|106.284999847|26.4650344849|9174|-166.0|-58.0|0|0|9174
04:02:32|773|2639|CBJ5127|106.278476715|26.4631462097|9174|-166.5|-57.5|0|0|9174
04:02:36|773|2639|CBJ5127|106.270236969|26.4609146118|9174|-167.25|-57.0|0|0|9174
04:02:40|773|2639|CBJ5127|106.264743805|26.4593696594|9174|-167.25|-56.5|0|0|9174
04:02:44|773|2639|CBJ5127|106.257190704|26.4573097229|9174|-167.25|-56.0|0|0|9174
04:02:48|773|2639|CBJ5127|106.251525879|26.4557647705|9174|-167.25|-56.5|0|0|9174
04:02:52|773|2639|CBJ5127|106.243114471|26.4530181885|9174|-167.25|-57.5|0|0|9174
04:02:56|773|2639|CBJ5127|106.237621307|26.4513015747|9174|-167.25|-58.0|0|0|9174
04:03:00|773|2639|CBJ5127|106.230583191|26.4494132996|9174|-168.25|-58.0|0|0|9174
04:03:04|773|2639|CBJ5127|106.222171783|26.4470100403|9174|-169.25|-58.0|0|0|9174
04:03:08|773|2639|CBJ5127|106.215991974|26.4452934265|9174|-170.25|-57.5|0|0|9174
04:03:12|773|2639|CBJ5127|106.208095551|26.4430618286|9174|-170.75|-57.5|0|0|9174
04:03:16|773|2639|CBJ5127|106.202602386|26.4416885376|9174|-169.75|-57.0|0|0|9174
04:03:20|773|2639|CBJ5127|106.195907593|26.4398002625|9174|-169.75|-57.0|0|0|9174
04:03:24|773|2639|CBJ5127|106.187667847|26.4373970032|9174|-170.25|-57.0|0|0|9174
04:03:28|773|2639|CBJ5127|106.18062973|26.435508728|9174|-170.75|-57.0|0|0|9174
04:03:32|773|2639|CBJ5127|106.173763275|26.4336204529|9174|-170.75|-56.5|0|0|9174
04:03:36|773|2639|CBJ5127|106.168270111|26.4320755005|9174|-170.25|-56.5|0|0|9174
04:03:40|773|2639|CBJ5127|106.161403656|26.4301872253|9174|-170.25|-56.5|0|0|9174
04:03:44|773|2639|CBJ5127|106.153335571|26.4279556274|9174|-170.25|-56.5|0|0|9174
04:03:48|773|2639|CBJ5127|106.146469116|26.4258956909|9174|-170.25|-56.5|0|0|9174
04:03:52|773|2639|CBJ5127|106.139602661|26.4240074158|9174|-170.25|-56.5|0|0|9174
04:03:56|773|2639|CBJ5127|106.133079529|26.422290802|9174|-170.25|-56.5|0|0|9174
04:04:00|773|2639|CBJ5127|106.125869751|26.4202308655|9174|-169.75|-56.5|0|0|9174
04:04:04|773|2639|CBJ5127|106.12071991|26.4188575745|9174|-169.25|-56.0|0|0|9174
04:04:08|773|2639|CBJ5127|106.114368439|26.4173126221|9174|-168.25|-55.0|0|0|9174
04:04:12|773|2639|CBJ5127|106.106987|26.4152526855|9174|-167.75|-55.5|0|0|9174
04:04:16|773|2639|CBJ5127|106.100120544|26.4130210876|9174|-166.75|-56.0|0|0|9174
04:04:20|773|2639|CBJ5127|106.094799042|26.4116477966|9174|-166.0|-55.5|0|0|9174
04:04:24|773|2639|CBJ5127|106.087417603|26.4095878601|9174|-165.5|-55.5|0|0|9174
04:04:28|773|2639|CBJ5127|106.081237793|26.4080429077|9174|-165.0|-54.0|0|0|9174
04:04:32|773|2639|CBJ5127|106.074028015|26.4061546326|9174|-166.5|-54.0|0|0|9174
04:04:36|773|2639|CBJ5127|106.067848206|26.4046096802|9174|-165.5|-52.0|0|0|9174
04:04:40|773|2639|CBJ5127|106.061496735|26.4028930664|9174|-166.5|-53.0|0|0|9174
04:04:44|773|2639|CBJ5127|106.05463028|26.4008331299|9174|-166.75|-54.5|0|0|9174
04:04:48|773|2639|CBJ5127|106.047592163|26.3984298706|9174|-166.75|-56.0|0|0|9174
04:04:52|773|2639|CBJ5127|106.040039062|26.3961982727|9174|-167.25|-56.0|0|0|9174
04:04:56|773|2639|CBJ5127|106.033172607|26.3943099976|9174|-167.75|-56.0|0|0|9174
04:05:00|773|2639|CBJ5127|106.027164459|26.3925933838|9174|-168.75|-56.0|0|0|9174
04:05:04|773|2639|CBJ5127|106.020126343|26.3907051086|9174|-169.75|-56.0|0|0|9174
04:05:08|773|2639|CBJ5127|106.012573242|26.3886451721|9174|-171.25|-56.0|0|0|9174
04:05:12|773|2639|CBJ5127|106.004505157|26.3864135742|9174|-172.25|-56.5|0|0|9174
04:05:16|773|2639|CBJ5127|105.998153687|26.3846969604|9174|-171.75|-56.5|0|0|9174
04:05:20|773|2639|CBJ5127|105.992145538|26.3829803467|9174|-171.75|-56.0|0|0|9174
04:05:24|773|2639|CBJ5127|105.98493576|26.3809204102|9174|-171.75|-56.5|0|0|9174
04:05:28|773|2639|CBJ5127|105.978240967|26.3792037964|9174|-171.75|-56.5|0|0|9174
04:05:32|773|2639|CBJ5127|105.971374512|26.3773155212|9174|-171.75|-56.0|0|0|9174
04:05:36|773|2639|CBJ5127|105.963306427|26.3750839233|9174|-171.25|-56.0|0|0|8412
04:05:40|773|2639|CBJ5127|105.957813263|26.3733673096|9174|-171.25|-56.5|0|0|8412
04:05:44|773|2639|CBJ5127|105.949573517|26.3711357117|9174|-171.25|-56.0|0|0|8412
04:05:48|773|2639|CBJ5127|105.944080353|26.3695907593|9174|-170.75|-56.0|0|0|8412
04:05:52|773|2639|CBJ5127|105.936527252|26.3675308228|9152|-170.25|-56.0|-2|0|8412
04:05:56|773|2639|CBJ5127|105.929489136|26.3654708862|9136|-169.75|-56.0|-2|0|8412
04:06:00|773|2639|CBJ5127|105.922794342|26.3639259338|9114|-169.25|-55.0|-4|0|8412
04:06:04|773|2639|CBJ5127|105.915927887|26.3620376587|9091|-169.75|-55.0|-4|0|8412
04:06:08|773|2639|CBJ5127|105.910263062|26.3606643677|9075|-169.75|-54.5|-5|0|8412
04:06:12|773|2639|CBJ5127|105.902194977|26.3586044312|9053|-169.75|-53.5|-5|0|8412
04:06:16|773|2639|CBJ5127|105.896701813|26.3574028015|9030|-170.25|-52.5|-5|0|8412
04:06:20|773|2639|CBJ5127|105.888290405|26.3560295105|8999|-171.25|-49.75|-5|0|8412
04:06:24|773|2639|CBJ5127|105.88262558|26.3551712036|8984|-172.25|-46.25|-5|0|8412
04:06:28|773|2639|CBJ5127|105.875587463|26.3549995422|8961|-174.0|-35.75|-5|0|8412
04:06:32|773|2639|CBJ5127|105.867519379|26.3558578491|8946|-176.0|-16.5|-5|0|8412
04:06:36|773|2639|CBJ5127|105.861339569|26.3560295105|8923|-176.0|-10.25|-5|0|8412
04:06:40|773|2639|CBJ5127|105.854129791|26.3558578491|8915|-176.5|-7.25|-4|0|8412
04:06:44|773|2639|CBJ5127|105.845546722|26.3558578491|8900|-177.5|-3.5|-5|0|8412
04:06:48|773|2639|CBJ5127|105.839881897|26.3556861877|8870|-177.5|-3.75|-4|0|8412
04:06:52|773|2639|CBJ5127|105.832672119|26.3558578491|8862|-177.5|-2.5|-5|0|8412
04:06:56|773|2639|CBJ5127|105.825634003|26.3562011719|8832|-177.5|0.5|-5|0|8412
04:07:00|773|2639|CBJ5127|105.818424225|26.3563728333|8816|-178.0|2.0|-5|0|8412
04:07:04|773|2639|CBJ5127|105.809841156|26.3570594788|8793|-178.5|4.75|-5|0|8412
04:07:08|773|2639|CBJ5127|105.804004669|26.3574028015|8771|-178.5|5.25|-5|0|8412
04:07:12|773|2639|CBJ5127|105.796794891|26.3582611084|8763|-179.0|8.75|-5|0|8412
04:07:16|773|2639|CBJ5127|105.788555145|26.359462738|8748|-179.0|13.0|-5|0|8412
04:07:20|773|2639|CBJ5127|105.782546997|26.3604927063|8710|-179.0|16.0|-5|0|8412
04:07:24|773|2639|CBJ5127|105.775165558|26.3613510132|8710|-179.0|16.5|-5|0|8412
04:07:28|773|2639|CBJ5127|105.766410828|26.3625526428|8687|-179.5|18.75|-5|0|8412
04:07:32|773|2639|CBJ5127|105.760231018|26.3634109497|8672|-179.5|19.25|-4|0|8412
04:07:36|773|2639|CBJ5127|105.752334595|26.3646125793|8649|-179.0|20.75|-5|0|8412
04:07:40|773|2639|CBJ5127|105.746154785|26.3654708862|8626|-179.5|21.25|-5|0|8412
04:07:44|773|2639|CBJ5127|105.738945007|26.3665008545|8603|-180.0|22.25|-6|0|8412
04:07:48|773|2639|CBJ5127|105.731563568|26.3675308228|8588|-180.5|22.75|-5|0|8412
04:07:52|773|2639|CBJ5127|105.723323822|26.368560791|8565|-180.5|22.75|-5|0|8412
04:07:56|773|2639|CBJ5127|105.715427399|26.3695907593|8542|-181.25|22.75|-5|0|8412
04:08:00|773|2639|CBJ5127|105.708732605|26.3706207275|8519|-180.75|23.75|-5|0|8412
04:08:04|773|2639|CBJ5127|105.701522827|26.3716506958|8496|-180.75|24.0|-6|0|8412
04:08:08|773|2639|CBJ5127|105.694828033|26.3723373413|8473|-181.75|23.75|-5|0|8412
04:08:12|773|2639|CBJ5127|105.686759949|26.3730239868|8458|-181.75|22.25|-5|0|8412
04:08:16|773|2639|CBJ5127|105.679206848|26.3740539551|8443|-182.25|22.75|-5|0|8412
04:08:20|773|2639|CBJ5127|105.671653748|26.3750839233|8428|-183.25|23.25|-4|0|8412
04:08:24|773|2639|CBJ5127|105.664615631|26.3759422302|8420|-182.25|22.75|-3|0|8412
04:08:28|773|2639|CBJ5127|105.657062531|26.3768005371|8405|-182.25|22.75|-2|0|8412
04:08:32|773|2639|CBJ5127|105.649681091|26.3778305054|8405|-183.25|23.25|-2|0|8412
04:08:36|773|2639|CBJ5127|105.641956329|26.3788604736|8412|-184.25|23.75|0|0|8412
04:08:40|773|2639|CBJ5127|105.634403229|26.3798904419|8412|-192.0|25.5|0|0|8412
04:08:44|773|2639|CBJ5127|105.625133514|26.3810920715|8412|-192.5|25.0|0|0|8412
04:08:48|773|2639|CBJ5127|105.618610382|26.3819503784|8412|-193.5|25.5|0|0|8412
04:08:52|773|2639|CBJ5127|105.611228943|26.3833236694|8412|-191.0|27.0|0|0|8412
04:08:56|773|2639|CBJ5127|105.602817535|26.3843536377|8412|-192.0|26.0|0|0|8412
04:09:00|773|2639|CBJ5127|105.595779419|26.3845252991|8412|-192.5|23.25|0|0|8412
04:09:04|773|2639|CBJ5127|105.587539673|26.3855552673|8412|-192.5|23.25|0|0|8412
04:09:08|773|2639|CBJ5127|105.57964325|26.3865852356|8412|-191.5|23.25|0|0|8412
04:09:12|773|2639|CBJ5127|105.572605133|26.3874435425|8412|-192.5|24.0|0|0|8412
04:09:16|773|2639|CBJ5127|105.563850403|26.3888168335|8412|-192.0|25.5|0|0|8412
04:09:20|773|2639|CBJ5127|105.556468964|26.3898468018|8412|-191.5|25.0|0|0|8412
04:09:24|773|2639|CBJ5127|105.549259186|26.3903617859|8412|-190.0|22.75|0|0|8412
04:09:28|773|2639|CBJ5127|105.542049408|26.3913917542|8412|-189.5|23.75|0|0|8412
04:09:32|773|2639|CBJ5127|105.534152985|26.3925933838|8412|-190.0|25.0|0|0|8412
04:09:36|773|2639|CBJ5127|105.526771545|26.3937950134|8412|-189.0|26.0|0|0|8412
04:09:40|773|2639|CBJ5127|105.519733429|26.3948249817|8412|-190.5|26.0|0|0|8412
04:09:44|773|2639|CBJ5127|105.511665344|26.3956832886|8412|-191.5|25.0|0|0|8412
04:09:48|773|2639|CBJ5127|105.503940582|26.3960266113|8412|-191.5|22.25|0|0|8412
04:09:52|773|2639|CBJ5127|105.496559143|26.3968849182|8412|-191.0|22.25|0|0|8412
04:09:56|773|2639|CBJ5127|105.48746109|26.3979148865|8412|-191.5|22.25|0|0|8412
04:10:00|773|2639|CBJ5127|105.480766296|26.3987731934|8412|-192.5|22.25|0|0|8412
04:10:04|773|2639|CBJ5127|105.473041534|26.3996315002|8412|-193.5|22.25|0|0|8412
04:10:08|773|2639|CBJ5127|105.465145111|26.4004898071|8412|-194.0|22.25|0|0|8412
04:10:12|773|2639|CBJ5127|105.457077026|26.401348114|8412|-194.0|22.25|0|0|8412
04:10:16|773|2639|CBJ5127|105.449352264|26.4023780823|8412|-193.5|22.75|0|0|8412
04:10:20|773|2639|CBJ5127|105.442142487|26.4032363892|8412|-193.5|22.75|0|0|8412
04:10:24|773|2639|CBJ5127|105.434417725|26.4042663574|8412|-193.5|23.25|0|0|8412
04:10:28|773|2639|CBJ5127|105.424976349|26.4054679871|8412|-193.0|23.25|0|0|8412
04:10:32|773|2639|CBJ5127|105.41759491|26.4063262939|8412|-193.0|23.25|0|0|8412
04:10:36|773|2639|CBJ5127|105.409526825|26.4073562622|8412|-192.5|23.75|0|0|8412
04:10:40|773|2639|CBJ5127|105.404033661|26.4080429077|8412|-192.0|23.75|0|0|8412
04:10:44|773|2639|CBJ5127|105.394935608|26.4092445374|8412|-192.0|23.75|0|0|8412
04:10:48|773|2639|CBJ5127|105.388069153|26.4101028442|8412|-191.5|24.0|0|0|8412
04:10:52|773|2639|CBJ5127|105.380516052|26.4113044739|8412|-190.5|24.0|0|0|8412
04:10:56|773|2639|CBJ5127|105.373134613|26.4121627808|8412|-190.0|24.0|0|0|8412
04:11:00|773|2639|CBJ5127|105.366096497|26.413192749|8412|-190.0|24.5|0|0|8412
04:11:04|773|2639|CBJ5127|105.357513428|26.4142227173|8412|-190.0|24.5|0|0|8412
04:11:08|773|2639|CBJ5127|105.350646973|26.4150810242|8412|-189.5|24.5|0|0|8412
04:11:12|773|2639|CBJ5127|105.343265533|26.4159393311|8412|-190.5|24.0|0|0|8412
04:11:16|773|2639|CBJ5127|105.335712433|26.4167976379|8412|-190.0|24.0|0|0|8412
04:11:20|773|2639|CBJ5127|105.32781601|26.4178276062|8412|-189.5|23.75|0|0|8412
04:11:24|773|2639|CBJ5127|105.320777893|26.4186859131|8412|-189.5|24.0|0|0|8412
04:11:28|773|2639|CBJ5127|105.313224792|26.4197158813|8412|-189.5|24.0|0|0|8412
04:11:32|773|2639|CBJ5127|105.305671692|26.4207458496|8412|-189.5|24.0|0|0|8412
04:11:36|773|2639|CBJ5127|105.298118591|26.4216041565|8412|-189.0|24.0|0|0|8412
04:11:40|773|2639|CBJ5127|105.290565491|26.4226341248|8412|-189.0|24.5|0|0|8412
04:11:44|773|2639|CBJ5127|105.283184052|26.423664093|8412|-189.0|24.5|0|0|8412
04:11:48|773|2639|CBJ5127|105.275630951|26.4245223999|8412|-189.0|24.5|0|0|8412
04:11:52|773|2639|CBJ5127|105.26807785|26.4255523682|8412|-189.0|24.0|0|0|8412
04:11:56|773|2639|CBJ5127|105.26052475|26.4265823364|8412|-189.0|24.5|0|0|8412
04:12:00|773|2639|CBJ5127|105.253314972|26.4274406433|8412|-189.0|24.0|0|0|8412
04:12:04|773|2639|CBJ5127|105.245761871|26.4282989502|8412|-189.0|24.0|0|0|8412
04:12:08|773|2639|CBJ5127|105.238037109|26.4293289185|8412|-188.5|24.0|0|0|8412
04:12:12|773|2639|CBJ5127|105.23065567|26.4301872253|8412|-188.5|24.0|0|0|8412
04:12:16|773|2639|CBJ5127|105.22310257|26.4310455322|8412|-189.0|24.0|0|0|8412
04:12:20|773|2639|CBJ5127|105.214347839|26.4322471619|8412|-189.0|24.0|0|0|8412
04:12:24|773|2639|CBJ5127|105.207138062|26.4331054688|8412|-189.0|24.0|0|0|8412
04:12:28|773|2639|CBJ5127|105.200271606|26.4339637756|8412|-189.0|24.0|0|0|8412
04:12:32|773|2639|CBJ5127|105.191688538|26.4348220825|8412|-190.0|23.75|0|0|8412
04:12:36|773|2639|CBJ5127|105.183963776|26.4356803894|8412|-190.0|23.75|0|0|8412
04:12:40|773|2639|CBJ5127|105.17572403|26.4367103577|8412|-190.0|23.75|0|0|8412
04:12:44|773|2639|CBJ5127|105.169029236|26.4373970032|8412|-190.5|23.75|0|0|8412
04:12:48|773|2639|CBJ5127|105.160617828|26.4384269714|8412|-190.5|23.75|0|0|8412
04:12:52|773|2639|CBJ5127|105.153408051|26.4392852783|8412|-190.5|23.75|0|0|8412
04:12:56|773|2639|CBJ5127|105.146026611|26.4401435852|8412|-190.5|23.25|0|0|8412
04:13:00|773|2639|CBJ5127|105.137958527|26.4410018921|8412|-190.5|23.25|0|0|8412
04:13:04|773|2639|CBJ5127|105.130405426|26.441860199|8412|-190.5|23.25|0|0|8412
04:13:08|773|2639|CBJ5127|105.122852325|26.4428901672|8412|-190.5|23.25|0|0|8412
04:13:12|773|2639|CBJ5127|105.115127563|26.4437484741|8412|-190.5|23.25|0|0|8412
04:13:16|773|2639|CBJ5127|105.107574463|26.4447784424|8412|-190.5|23.75|0|0|8412
04:13:20|773|2639|CBJ5127|105.100021362|26.4456367493|8412|-190.0|23.75|0|0|8412
04:13:24|773|2639|CBJ5127|105.093326569|26.4464950562|8412|-190.0|23.75|0|0|8412
04:13:28|773|2639|CBJ5127|105.084400177|26.4475250244|8412|-190.0|23.25|0|0|8412
04:13:32|773|2639|CBJ5127|105.076675415|26.4483833313|8412|-190.0|23.25|0|0|8412
04:13:36|773|2639|CBJ5127|105.069293976|26.4492416382|8412|-190.0|23.25|0|0|8412
04:13:40|773|2639|CBJ5127|105.061740875|26.4500999451|8412|-190.0|23.25|0|0|8412
04:13:44|773|2639|CBJ5127|105.054187775|26.450958252|8412|-190.0|22.75|0|0|8412
04:13:48|773|2639|CBJ5127|105.046634674|26.4514732361|8412|-189.5|20.75|0|0|8412
04:13:52|773|2639|CBJ5127|105.039081573|26.4513015747|8412|-190.0|13.0|0|0|8412
04:13:56|773|2639|CBJ5127|105.032901764|26.4490699768|8412|-188.0|-27.5|0|0|8412
04:14:00|773|2639|CBJ5127|105.025520325|26.4475250244|8412|-185.25|-41.0|0|0|8412
04:14:04|773|2639|CBJ5127|105.018138885|26.4463233948|8412|-184.25|-44.0|0|0|8412
04:14:08|773|2639|CBJ5127|105.010929108|26.4449501038|8412|-183.25|-45.25|0|0|8412
04:14:12|773|2639|CBJ5127|105.003547668|26.44323349|8412|-182.25|-48.75|0|0|8412
04:14:16|773|2639|CBJ5127|104.996509552|26.4413452148|8412|-180.5|-53.0|0|0|8412
04:14:20|773|2639|CBJ5127|104.989471436|26.4391136169|8412|-178.0|-59.75|0|0|8412
04:14:24|773|2639|CBJ5127|104.982433319|26.4365386963|8412|-176.5|-65.0|0|0|8412
04:14:28|773|2639|CBJ5127|104.975223541|26.434135437|8412|-176.5|-67.5|0|0|8412
04:14:32|773|2639|CBJ5127|104.966812134|26.431388855|8412|-177.0|-67.0|0|0|8412
04:14:36|773|2639|CBJ5127|104.960460663|26.4293289185|8412|-177.0|-67.0|0|0|8412
04:14:40|773|2639|CBJ5127|104.953422546|26.4269256592|8412|-176.5|-67.0|0|0|8412
04:14:44|773|2639|CBJ5127|104.946212769|26.4246940613|8412|-177.0|-66.5|0|0|8412
04:14:48|773|2639|CBJ5127|104.938831329|26.4221191406|8412|-176.5|-66.5|0|0|8412
04:14:52|773|2639|CBJ5127|104.931964874|26.4200592041|8412|-177.0|-65.5|0|0|8412
04:14:56|773|2639|CBJ5127|104.924583435|26.4174842834|8412|-176.5|-67.0|0|0|8412
04:15:00|773|2639|CBJ5127|104.917888641|26.4150810242|8412|-176.5|-68.0|0|0|8412
04:15:04|773|2639|CBJ5127|104.910850525|26.4126777649|8412|-177.0|-68.0|0|0|8412
04:15:08|773|2639|CBJ5127|104.903469086|26.4102745056|8412|-177.0|-67.5|0|0|8412
04:15:12|773|2639|CBJ5127|104.896259308|26.4080429077|8412|-177.5|-67.5|0|0|8412
04:15:16|773|2639|CBJ5127|104.88904953|26.4056396484|8412|-177.5|-67.5|0|0|8412
04:15:20|773|2639|CBJ5127|104.882183075|26.4032363892|8412|-177.0|-68.0|0|0|8412
04:15:24|773|2639|CBJ5127|104.874973297|26.4008331299|8412|-177.5|-67.5|0|0|8412
04:15:28|773|2639|CBJ5127|104.867420197|26.3984298706|8412|-177.5|-67.5|0|0|8412
04:15:32|773|2639|CBJ5127|104.86038208|26.3960266113|8412|-177.5|-67.5|0|0|8412
04:15:36|773|2639|CBJ5127|104.853343964|26.3934516907|8412|-177.0|-68.0|0|0|8412
04:15:40|773|2639|CBJ5127|104.846820831|26.3912200928|8412|-176.5|-68.5|0|0|8412
04:15:44|773|2639|CBJ5127|104.839096069|26.3886451721|8412|-177.0|-68.0|0|0|8412
04:15:48|773|2639|CBJ5127|104.832057953|26.3860702515|8412|-177.0|-68.5|0|0|8412
04:15:52|773|2639|CBJ5127|104.825019836|26.3834953308|8412|-176.5|-69.0|0|0|8412
04:15:56|773|2639|CBJ5127|104.81798172|26.3810920715|8412|-176.5|-69.0|0|0|8412
04:16:00|773|2639|CBJ5127|104.810943604|26.3786888123|8412|-176.5|-69.0|0|0|8412
04:16:04|773|2639|CBJ5127|104.803905487|26.3761138916|8412|-176.5|-69.5|0|0|8412
04:16:08|773|2639|CBJ5127|104.796867371|26.3735389709|8412|-176.0|-69.5|0|0|8412
04:16:12|773|2639|CBJ5127|104.7905159|26.371307373|8412|-176.0|-69.5|0|0|8412
04:16:16|773|2639|CBJ5127|104.782791138|26.3687324524|8412|-176.5|-69.5|0|0|8412
04:16:20|773|2639|CBJ5127|104.77558136|26.3663291931|8412|-176.5|-69.5|0|0|8412
04:16:24|773|2639|CBJ5127|104.768543243|26.3639259338|8412|-176.5|-69.5|0|0|8412
04:16:28|773|2639|CBJ5127|104.761161804|26.3615226746|8412|-176.5|-68.5|0|0|8412
04:16:32|773|2639|CBJ5127|104.754123688|26.3591194153|8412|-176.5|-68.5|0|0|8412
04:16:36|773|2639|CBJ5127|104.747085571|26.356716156|8412|-177.0|-68.5|0|0|8412
04:16:40|773|2639|CBJ5127|104.740047455|26.3543128967|8412|-177.0|-68.0|0|0|5791
04:16:44|773|2639|CBJ5127|104.732666016|26.3520812988|8412|-177.0|-68.0|0|0|5791
04:16:48|773|2639|CBJ5127|104.725799561|26.3496780396|8412|-177.0|-67.5|0|0|6004
04:16:52|773|2639|CBJ5127|104.717903137|26.3471031189|8412|-177.0|-68.0|0|0|6004
04:16:56|773|2639|CBJ5127|104.710693359|26.3446998596|8397|-177.5|-68.0|-2|0|6004
04:17:00|773|2639|CBJ5127|104.703483582|26.342124939|8382|-177.5|-68.0|-2|0|6004
04:17:04|773|2639|CBJ5127|104.697303772|26.3400650024|8367|-177.5|-68.0|-4|0|6004
04:17:08|773|2639|CBJ5127|104.689235687|26.3373184204|8344|-177.5|-68.0|-4|0|6004
04:17:12|773|2639|CBJ5127|104.682197571|26.3349151611|8321|-177.5|-68.0|-5|0|6004
04:17:16|773|2639|CBJ5127|104.675331116|26.3326835632|8298|-177.5|-68.0|-5|0|6004
04:17:20|773|2639|CBJ5127|104.668292999|26.330280304|8275|-177.5|-68.0|-5|0|6004
04:17:24|773|2639|CBJ5127|104.660568237|26.3273620605|8260|-177.0|-69.0|-5|0|6004
04:17:28|773|2639|CBJ5127|104.654388428|26.3247871399|8237|-176.0|-70.5|-5|0|6004
04:17:32|773|2639|CBJ5127|104.647693634|26.3218688965|8214|-175.5|-72.25|-5|0|6004
04:17:36|773|2639|CBJ5127|104.640655518|26.3189506531|8199|-175.0|-73.75|-5|0|6004
04:17:40|773|2639|CBJ5127|104.634132385|26.3160324097|8176|-174.0|-76.25|-5|0|6004
04:17:44|773|2639|CBJ5127|104.626750946|26.3124275208|8153|-172.25|-80.0|-5|0|6004
04:17:48|773|2639|CBJ5127|104.621086121|26.3091659546|8138|-169.25|-85.25|-5|0|6004
04:17:52|773|2639|CBJ5127|104.614562988|26.3055610657|8123|-167.25|-89.25|-5|0|6004
04:17:56|773|2639|CBJ5127|104.607524872|26.3022994995|8100|-167.75|-87.75|-5|0|6004
04:18:00|773|2639|CBJ5127|104.600658417|26.2992095947|8085|-167.75|-87.75|-5|0|6004
04:18:04|773|2639|CBJ5127|104.59482193|26.2962913513|8062|-167.75|-88.25|-5|0|6004
04:18:08|773|2639|CBJ5127|104.588127136|26.2932014465|8039|-167.75|-88.25|-5|0|6004
04:18:12|773|2639|CBJ5127|104.580230713|26.2895965576|8016|-167.75|-87.25|-5|0|6004
04:18:16|773|2639|CBJ5127|104.573879242|26.2866783142|8001|-167.75|-87.25|-5|0|6004
04:18:20|773|2639|CBJ5127|104.567184448|26.2835884094|7978|-167.75|-86.75|-5|0|6004
04:18:24|773|2639|CBJ5127|104.560489655|26.2804985046|7955|-167.25|-87.25|-5|0|6004
04:18:28|773|2639|CBJ5127|104.553794861|26.2774085999|7932|-167.75|-86.75|-5|0|6004
04:18:32|773|2639|CBJ5127|104.547615051|26.2746620178|7910|-167.75|-86.25|-5|0|6004
04:18:36|773|2639|CBJ5127|104.539718628|26.2712287903|7887|-168.25|-85.75|-5|0|6004
04:18:40|773|2639|CBJ5127|104.533023834|26.2681388855|7871|-168.25|-85.75|-5|0|6004
04:18:44|773|2639|CBJ5127|104.526672363|26.2652206421|7849|-168.25|-86.25|-5|0|6004
04:18:48|773|2639|CBJ5127|104.519805908|26.2621307373|7826|-168.25|-86.25|-5|0|6004
04:18:52|773|2639|CBJ5127|104.512939453|26.2590408325|7803|-168.25|-86.25|-5|0|6004
04:18:56|773|2639|CBJ5127|104.506244659|26.2559509277|7788|-168.25|-86.75|-5|0|6004
04:19:00|773|2639|CBJ5127|104.499549866|26.2526893616|7765|-168.25|-86.75|-5|0|6004
04:19:04|773|2639|CBJ5127|104.492855072|26.2495994568|7742|-168.25|-87.25|-5|0|6004
04:19:08|773|2639|CBJ5127|104.485988617|26.2463378906|7719|-168.25|-87.25|-5|0|6004
04:19:12|773|2639|CBJ5127|104.479122162|26.2432479858|7696|-168.75|-87.25|-5|0|6004
04:19:16|773|2639|CBJ5127|104.472255707|26.2399864197|7673|-168.75|-87.75|-5|0|6004
04:19:20|773|2639|CBJ5127|104.465560913|26.2367248535|7658|-168.75|-88.25|-5|0|6004
04:19:24|773|2639|CBJ5127|104.458694458|26.2334632874|7635|-168.75|-88.75|-5|0|6004
04:19:28|773|2639|CBJ5127|104.451656342|26.2303733826|7612|-169.25|-88.25|-5|0|6004
04:19:32|773|2639|CBJ5127|104.444789886|26.2272834778|7590|-169.75|-88.75|-5|0|6004
04:19:36|773|2639|CBJ5127|104.437923431|26.2238502502|7567|-169.75|-89.25|-5|0|6004
04:19:40|773|2639|CBJ5127|104.431056976|26.2207603455|7551|-169.75|-89.25|-5|0|6004
04:19:44|773|2639|CBJ5127|104.424190521|26.2176704407|7529|-169.75|-88.75|-5|0|6004
04:19:48|773|2639|CBJ5127|104.417495728|26.2145805359|7513|-169.75|-88.75|-5|0|6004
04:19:52|773|2639|CBJ5127|104.410629272|26.2114906311|7490|-169.75|-88.25|-5|0|6004
04:19:56|773|2639|CBJ5127|104.403934479|26.2082290649|7468|-169.75|-88.25|-5|0|6004
04:20:00|773|2639|CBJ5127|104.397068024|26.2053108215|7445|-169.75|-87.75|-5|0|6004
04:20:04|773|2639|CBJ5127|104.390201569|26.2020492554|7422|-169.75|-87.75|-5|0|6004
04:20:08|773|2639|CBJ5127|104.383506775|26.1989593506|7399|-169.75|-87.75|-5|0|6004
04:20:12|773|2639|CBJ5127|104.377670288|26.1962127686|7384|-169.75|-87.75|-5|0|6004
04:20:16|773|2639|CBJ5127|104.369945526|26.192779541|7361|-169.75|-87.75|-5|0|6004
04:20:20|773|2639|CBJ5127|104.362735748|26.1893463135|7346|-169.75|-87.75|-5|0|6004
04:20:24|773|2639|CBJ5127|104.355869293|26.1862564087|7323|-169.75|-87.75|-5|0|6004
04:20:28|773|2639|CBJ5127|104.349517822|26.1831665039|7300|-169.75|-87.75|-5|0|6004
04:20:32|773|2639|CBJ5127|104.342651367|26.1800765991|7285|-169.75|-88.25|-5|0|6004
04:20:36|773|2639|CBJ5127|104.335613251|26.1766433716|7262|-169.75|-88.25|-5|0|6004
04:20:40|773|2639|CBJ5127|104.329776764|26.1740684509|7239|-169.75|-87.75|-5|0|6004
04:20:44|773|2639|CBJ5127|104.322223663|26.170463562|7216|-170.25|-88.25|-5|0|6004
04:20:48|773|2639|CBJ5127|104.315185547|26.1673736572|7193|-170.25|-88.25|-5|0|6004
04:20:52|773|2639|CBJ5127|104.308319092|26.1641120911|7178|-170.25|-88.25|-5|0|6004
04:20:56|773|2639|CBJ5127|104.301109314|26.1610221863|7155|-170.75|-88.25|-5|0|6004
04:21:00|773|2639|CBJ5127|104.294242859|26.1577606201|7132|-170.75|-88.25|-5|0|6004
04:21:04|773|2639|CBJ5127|104.287548065|26.1546707153|7117|-170.75|-88.75|-5|0|6004
04:21:08|773|2639|CBJ5127|104.280338287|26.1512374878|7094|-171.25|-88.75|-5|0|6004
04:21:12|773|2639|CBJ5127|104.273815155|26.1483192444|7071|-171.25|-88.75|-6|0|6004
04:21:16|773|2639|CBJ5127|104.266605377|26.1448860168|7049|-171.25|-88.75|-5|0|6004
04:21:20|773|2639|CBJ5127|104.259738922|26.1417961121|7033|-171.25|-88.25|-5|0|6004
04:21:24|773|2639|CBJ5127|104.25321579|26.1388778687|7018|-171.25|-88.75|-5|0|6004
04:21:28|773|2639|CBJ5127|104.246349335|26.1356163025|6995|-171.25|-88.25|-5|0|6004
04:21:32|773|2639|CBJ5127|104.23948288|26.1323547363|6972|-171.25|-88.75|-5|0|6004
04:21:36|773|2639|CBJ5127|104.232616425|26.1294364929|6949|-171.25|-88.25|-5|0|6004
04:21:40|773|2639|CBJ5127|104.225921631|26.1261749268|6934|-171.25|-88.25|-5|0|6004
04:21:44|773|2639|CBJ5127|104.219055176|26.123085022|6911|-171.25|-87.75|-5|0|6004
04:21:48|773|2639|CBJ5127|104.212360382|26.1199951172|6888|-170.75|-87.75|-5|0|6004
04:21:52|773|2639|CBJ5127|104.205493927|26.116733551|6873|-170.75|-88.25|-5|0|6004
04:21:56|773|2639|CBJ5127|104.198799133|26.1136436462|6850|-170.75|-87.75|-5|0|6004
04:22:00|773|2639|CBJ5127|104.191932678|26.1105537415|6828|-170.75|-87.75|-5|0|0
04:22:04|773|2639|CBJ5127|104.185409546|26.107635498|6812|-170.75|-87.25|-5|0|0
04:22:08|773|2639|CBJ5127|104.177856445|26.1042022705|6789|-170.75|-87.25|-5|0|0
04:22:12|773|2639|CBJ5127|104.171333313|26.1012840271|6774|-171.25|-86.75|-5|0|0
04:22:16|773|2639|CBJ5127|104.164123535|26.0981941223|6751|-171.25|-86.25|-5|0|0
04:22:20|773|2639|CBJ5127|104.15725708|26.0951042175|6728|-170.75|-86.25|-5|0|0
04:22:24|773|2639|CBJ5127|104.150733948|26.0918426514|6706|-170.75|-86.75|-5|0|0
04:22:28|773|2639|CBJ5127|104.144897461|26.0892677307|6683|-170.75|-86.75|-5|0|0
04:22:32|773|2639|CBJ5127|104.13734436|26.0854911804|6668|-169.75|-87.25|-5|0|0
04:22:36|773|2639|CBJ5127|104.130649567|26.0824012756|6645|-169.25|-87.75|-5|0|0
04:22:40|773|2639|CBJ5127|104.124126434|26.0791397095|6629|-168.75|-87.25|-5|0|0
04:22:44|773|2639|CBJ5127|104.117431641|26.0762214661|6607|-168.75|-86.75|-5|0|0
04:22:48|773|2639|CBJ5127|104.110908508|26.0729598999|6591|-167.75|-86.75|-5|0|0
04:22:52|773|2639|CBJ5127|104.104213715|26.0700416565|6568|-167.75|-86.25|-5|0|0
04:22:56|773|2639|CBJ5127|104.098033905|26.0671234131|6553|-167.75|-86.25|-5|0|0
04:23:00|773|2639|CBJ5127|104.092025757|26.0642051697|6530|-167.75|-86.75|-5|0|0
04:23:04|773|2639|CBJ5127|104.085330963|26.0609436035|6507|-167.25|-87.25|-5|0|0
04:23:08|773|2639|CBJ5127|104.078636169|26.0580253601|6492|-167.75|-86.25|-5|0|0
04:23:12|773|2639|CBJ5127|104.071941376|26.0551071167|6469|-167.75|-85.75|-5|0|0
04:23:16|773|2639|CBJ5127|104.065074921|26.0521888733|6447|-167.75|-85.0|-5|0|0
04:23:20|773|2639|CBJ5127|104.058380127|26.0490989685|6424|-167.25|-85.25|-5|0|0
04:23:24|773|2639|CBJ5127|104.052028656|26.0460090637|6408|-167.25|-85.75|-5|0|0
04:23:28|773|2639|CBJ5127|104.045505524|26.0425758362|6386|-166.5|-86.25|-5|0|0
04:23:32|773|2639|CBJ5127|104.038639069|26.0396575928|6363|-166.75|-85.75|-5|0|0
04:23:36|773|2639|CBJ5127|104.032115936|26.036567688|6340|-166.75|-85.25|-5|0|0
04:23:40|773|2639|CBJ5127|104.025421143|26.0334777832|6325|-166.5|-85.25|-5|0|0
04:23:44|773|2639|CBJ5127|104.01889801|26.0303878784|6302|-166.0|-85.75|-6|0|0
04:23:48|773|2639|CBJ5127|104.012203217|26.0272979736|6279|-166.0|-85.25|-6|0|0
04:23:52|773|2639|CBJ5127|104.005680084|26.0242080688|6256|-166.0|-85.25|-6|0|0
04:23:56|773|2639|CBJ5127|103.998985291|26.0211181641|6241|-166.0|-85.0|-5|0|0
04:24:00|773|2639|CBJ5127|103.992462158|26.0180282593|6218|-165.5|-85.25|-5|0|0
04:24:04|773|2639|CBJ5127|103.985595703|26.0147666931|6203|-165.5|-85.25|-5|0|0
04:24:08|773|2639|CBJ5127|103.979244232|26.0118484497|6187|-165.5|-85.25|-5|0|0
04:24:12|773|2639|CBJ5127|103.972892761|26.0091018677|6165|-166.0|-85.0|-5|0|0
04:24:16|773|2639|CBJ5127|103.965854645|26.0058403015|6149|-166.0|-84.5|-5|0|0
04:24:20|773|2639|CBJ5127|103.959159851|26.0027503967|6126|-166.0|-85.0|-5|0|0
04:24:24|773|2639|CBJ5127|103.953323364|26.0000038147|6104|-165.5|-85.0|-5|0|0
04:24:28|773|2639|CBJ5127|103.945941925|25.9969139099|6088|-166.0|-84.0|-5|0|0
04:24:32|773|2639|CBJ5127|103.939418793|25.9939956665|6058|-166.0|-83.5|-6|0|0
04:24:36|773|2639|CBJ5127|103.933582306|25.9912490845|6035|-165.5|-83.5|-5|0|0
04:24:40|773|2639|CBJ5127|103.926372528|25.9878158569|6027|-165.0|-83.5|-5|0|0
04:24:43|773|2639|CBJ5127|103.920192719|25.9852409363|6020|-165.0|-82.5|-4|0|0
04:24:48|773|2639|CBJ5127|103.914012909|25.9824943542|6012|-164.5|-82.0|-3|0|0
04:24:52|773|2639|CBJ5127|103.906974792|25.9792327881|6005|-164.0|-82.0|-3|0|0
04:24:56|773|2639|CBJ5127|103.901309967|25.9759712219|6005|-161.5|-83.0|-2|0|0
04:25:00|773|2639|CBJ5127|103.895988464|25.9733963013|6005|-159.75|-81.5|0|0|0
04:25:04|773|2639|CBJ5127|103.890666962|25.9704780579|5997|-157.75|-82.5|-1|0|0
04:25:08|773|2639|CBJ5127|103.883972168|25.9670448303|6005|-156.75|-82.5|0|0|0
04:25:12|773|2639|CBJ5127|103.877620697|25.9634399414|6005|-156.75|-84.5|0|0|0
04:25:16|773|2639|CBJ5127|103.871612549|25.9600067139|6005|-156.75|-86.75|0|0|0
04:25:20|773|2639|CBJ5127|103.867149353|25.9567451477|6005|-154.25|-89.75|0|0|0
04:25:23|773|2639|CBJ5127|103.861656189|25.9533119202|6005|-152.5|-91.25|0|0|0
04:25:28|773|2639|CBJ5127|103.854618073|25.9488487244|6005|-152.0|-94.5|0|0|0
04:25:32|773|2639|CBJ5127|103.848609924|25.9449005127|6005|-151.0|-95.5|0|0|0
04:25:36|773|2639|CBJ5127|103.842773438|25.9412956238|6005|-150.0|-96.5|0|0|0
04:25:40|773|2639|CBJ5127|103.837108612|25.9375190735|6005|-149.0|-98.5|0|0|0
04:25:43|773|2639|CBJ5127|103.831272125|25.9339141846|6005|-148.5|-98.75|0|0|0
04:25:48|773|2639|CBJ5127|103.825778961|25.930480957|6005|-149.0|-98.5|0|0|0
04:25:52|773|2639|CBJ5127|103.819770813|25.9268760681|6005|-148.5|-98.75|0|0|0
04:25:56|773|2639|CBJ5127|103.813934326|25.9230995178|6005|-148.0|-99.25|0|0|0
04:26:00|773|2639|CBJ5127|103.808097839|25.9193229675|5974|-147.5|-99.75|-3|0|0
04:26:04|773|2639|CBJ5127|103.802604675|25.9157180786|5959|-147.0|-100.25|-3|0|0
04:26:07|773|2639|CBJ5127|103.796768188|25.9122848511|5936|-147.0|-99.75|-4|0|0
04:26:12|773|2639|CBJ5127|103.790931702|25.9086799622|5913|-147.0|-99.25|-4|0|0
04:26:16|773|2639|CBJ5127|103.785610199|25.9052467346|5898|-146.5|-100.25|-4|0|0
04:26:20|773|2639|CBJ5127|103.779602051|25.9012985229|5883|-145.75|-100.25|-4|0|0
04:26:24|773|2639|CBJ5127|103.773937225|25.8980369568|5867|-145.75|-98.75|-4|0|0
04:26:28|773|2639|CBJ5127|103.767929077|25.8944320679|5852|-145.75|-98.0|-4|0|0
04:26:32|773|2639|CBJ5127|103.763122559|25.8913421631|5845|-144.75|-98.0|-4|0|0
04:26:36|773|2639|CBJ5127|103.757972717|25.8879089355|5829|-143.25|-98.0|-4|0|0
04:26:40|773|2639|CBJ5127|103.752994537|25.8848190308|5814|-140.75|-95.5|-4|0|0
04:26:44|773|2639|CBJ5127|103.748016357|25.8815574646|5799|-137.5|-94.0|-3|0|0
04:26:48|773|2639|CBJ5127|103.743038177|25.8781242371|5784|-135.5|-93.5|-4|0|0
04:26:52|773|2639|CBJ5127|103.738059998|25.8746910095|5776|-134.0|-94.0|-4|0|0
04:26:56|773|2639|CBJ5127|103.733253479|25.8707427979|5753|-132.75|-95.5|-4|0|0
04:27:00|773|2639|CBJ5127|103.728790283|25.864906311|5723|-120.0|-110.0|-5|0|0
04:27:04|773|2639|CBJ5127|103.727760315|25.8599281311|5707|-93.5|-129.25|-5|0|0
04:27:08|773|2639|CBJ5127|103.724842072|25.8546066284|5677|-84.5|-135.0|-6|0|0
04:27:12|773|2639|CBJ5127|103.720207214|25.8492851257|5646|-90.25|-130.25|-7|0|0
04:27:16|773|2639|CBJ5127|103.716087341|25.8449935913|5608|-95.5|-126.0|-8|0|0
04:27:20|773|2639|CBJ5127|103.712482452|25.8401870728|5563|-93.0|-128.75|-9|0|0
04:27:24|773|2639|CBJ5127|103.708705902|25.8358955383|5525|-96.0|-127.25|-9|0|0
04:27:28|773|2639|CBJ5127|103.705787659|25.8309173584|5486|-88.25|-132.25|-9|0|0
04:27:32|773|2639|CBJ5127|103.701324463|25.8262825012|5456|-94.0|-128.25|-8|0|0
04:27:36|773|2639|CBJ5127|103.697547913|25.821647644|5433|-93.5|-127.75|-7|0|0
04:27:40|773|2639|CBJ5127|103.693599701|25.8173561096|5410|-95.5|-126.75|-7|0|0
04:27:44|773|2639|CBJ5127|103.690166473|25.8125495911|5395|-94.5|-128.25|-7|0|0
04:27:48|773|2639|CBJ5127|103.686389923|25.8080863953|5364|-95.0|-127.25|-7|0|0
04:27:52|773|2639|CBJ5127|103.683300018|25.804309845|5334|-94.5|-127.75|-7|0|0
04:27:55|773|2639|CBJ5127|103.679351807|25.7989883423|5311|-93.5|-128.25|-7|0|0
04:28:00|773|2639|CBJ5127|103.675918579|25.7940101624|5288|-92.5|-129.25|-7|0|0
04:28:04|773|2639|CBJ5127|103.671798706|25.7897186279|5258|-94.0|-127.75|-7|0|0
04:28:07|773|2639|CBJ5127|103.66853714|25.7849121094|5235|-92.5|-128.75|-6|0|0
04:28:12|773|2639|CBJ5127|103.665103912|25.780620575|5204|-92.5|-128.75|-7|0|0
04:28:16|773|2639|CBJ5127|103.661327362|25.775642395|5159|-92.0|-128.75|-7|0|0
04:28:20|773|2639|CBJ5127|103.657894135|25.7711791992|5128|-91.75|-128.25|-7|0|0
04:28:24|773|2639|CBJ5127|103.653945923|25.7662010193|5105|-91.75|-127.75|-7|0|0
04:28:28|773|2639|CBJ5127|103.650512695|25.7620811462|5083|-91.75|-127.75|-8|0|0
04:28:32|773|2639|CBJ5127|103.646907806|25.7579612732|5044|-92.0|-126.75|-8|0|0
04:28:36|773|2639|CBJ5127|103.643817902|25.7536697388|5022|-91.25|-126.75|-8|0|0
04:28:40|773|2639|CBJ5127|103.640041351|25.749206543|4983|-91.75|-126.75|-7|0|0
04:28:44|773|2639|CBJ5127|103.635578156|25.744228363|4945|-91.75|-124.0|-7|0|0
04:28:48|773|2639|CBJ5127|103.632488251|25.7406234741|4938|-91.75|-124.0|-7|0|0
04:28:52|773|2639|CBJ5127|103.629055023|25.7363319397|4892|-91.25|-124.0|-8|0|0
04:28:55|773|2639|CBJ5127|103.625965118|25.7316970825|4877|-89.75|-124.5|-8|0|0
04:29:00|773|2639|CBJ5127|103.622703552|25.7272338867|4831|-88.75|-124.0|-8|0|0
04:29:04|773|2639|CBJ5127|103.619441986|25.7227706909|4793|-88.25|-124.0|-9|0|0
04:29:08|773|2639|CBJ5127|103.615837097|25.7186508179|4755|-89.25|-123.0|-10|0|0
04:29:12|773|2639|CBJ5127|103.61240387|25.7143592834|4717|-88.25|-122.5|-10|0|0
04:29:16|773|2639|CBJ5127|103.608798981|25.7098960876|4656|-88.75|-121.5|-10|0|0
04:29:20|773|2639|CBJ5127|103.60502243|25.7050895691|4633|-88.75|-122.0|-10|0|0
04:29:24|773|2639|CBJ5127|103.60124588|25.7007980347|4595|-89.25|-121.5|-10|0|0
04:29:28|773|2639|CBJ5127|103.597984314|25.6965065002|4557|-89.25|-122.5|-9|0|0
04:29:32|773|2639|CBJ5127|103.594722748|25.6925582886|4519|-89.25|-122.0|-9|0|0
04:29:36|773|2639|CBJ5127|103.590774536|25.6875801086|4496|-89.25|-122.5|-8|0|0
04:29:40|773|2639|CBJ5127|103.587169647|25.6831169128|4465|-89.25|-122.5|-8|0|0
04:29:44|773|2639|CBJ5127|103.58373642|25.6788253784|4442|-89.25|-122.0|-7|0|0
04:29:48|773|2639|CBJ5127|103.580303192|25.6743621826|4412|-88.75|-122.0|-7|0|0
04:29:52|773|2639|CBJ5127|103.576526642|25.6695556641|4397|-88.75|-122.0|-6|0|0
04:29:55|773|2639|CBJ5127|103.573093414|25.6652641296|4382|-88.75|-121.5|-5|0|0
04:30:00|773|2639|CBJ5127|103.569831848|25.6614875793|4382|-88.75|-121.0|-3|0|0
04:30:04|773|2639|CBJ5127|103.566570282|25.6571960449|4382|-88.75|-121.0|-2|0|0
04:30:08|773|2639|CBJ5127|103.562793732|25.6525611877|4389|-88.75|-121.5|0|0|0
04:30:12|773|2639|CBJ5127|103.559360504|25.6480979919|4389|-88.25|-121.0|0|0|0
04:30:16|773|2639|CBJ5127|103.555583954|25.6438064575|4389|-89.25|-121.0|0|0|0
04:30:20|773|2639|CBJ5127|103.551979065|25.6393432617|4389|-89.25|-121.5|0|0|0
04:30:24|773|2639|CBJ5127|103.548545837|25.6348800659|4389|-88.75|-121.5|0|0|0
04:30:28|773|2639|CBJ5127|103.544940948|25.6304168701|4389|-89.25|-121.5|0|0|0
04:30:32|773|2639|CBJ5127|103.54133606|25.6259536743|4389|-89.25|-121.5|0|0|0
04:30:36|773|2639|CBJ5127|103.538246155|25.622177124|4389|-88.75|-121.5|0|0|0
04:30:40|773|2639|CBJ5127|103.534812927|25.6175422668|4389|-88.75|-122.0|0|0|0
04:30:44|773|2639|CBJ5127|103.531036377|25.6127357483|4389|-88.75|-122.5|0|0|0
04:30:48|773|2639|CBJ5127|103.527088165|25.6079292297|4389|-89.25|-122.5|0|0|0
04:30:52|773|2639|CBJ5127|103.524169922|25.6043243408|4389|-89.25|-122.5|0|0|0
04:30:56|773|2639|CBJ5127|103.519878387|25.5988311768|4389|-89.25|-123.0|0|0|0
04:31:00|773|2639|CBJ5127|103.51644516|25.5941963196|4389|-88.75|-123.5|0|0|0
04:31:04|773|2639|CBJ5127|103.512840271|25.5897331238|4389|-89.25|-123.0|0|0|0
04:31:08|773|2639|CBJ5127|103.509578705|25.5856132507|4389|-88.75|-123.0|0|0|0
04:31:12|773|2639|CBJ5127|103.506145477|25.5813217163|4374|-89.25|-122.5|-2|0|0
04:31:16|773|2639|CBJ5127|103.503055573|25.5773735046|4359|-88.75|-123.0|-2|0|0
04:31:20|773|2639|CBJ5127|103.499622345|25.5732536316|4336|-88.75|-122.5|-4|0|0
04:31:24|773|2639|CBJ5127|103.496017456|25.568447113|4305|-88.75|-123.0|-5|0|0
04:31:28|773|2639|CBJ5127|103.492584229|25.5639839172|4252|-88.25|-122.5|-8|0|0
04:31:32|773|2639|CBJ5127|103.489151001|25.5595207214|4221|-88.25|-122.5|-9|0|0
04:31:36|773|2639|CBJ5127|103.485546112|25.555229187|4191|-88.25|-122.0|-8|0|0
04:31:40|773|2639|CBJ5127|103.482284546|25.551109314|4168|-88.25|-122.0|-7|0|0
04:31:44|773|2639|CBJ5127|103.478851318|25.5468177795|4138|-88.25|-122.0|-7|0|0
04:31:48|773|2639|CBJ5127|103.475246429|25.542011261|4107|-87.75|-122.0|-7|0|0
04:31:52|773|2639|CBJ5127|103.471813202|25.5378913879|4084|-87.75|-121.0|-7|0|0
04:31:56|773|2639|CBJ5127|103.468379974|25.5335998535|4054|-87.75|-121.0|-7|0|0
04:31:59|773|2639|CBJ5127|103.464946747|25.5291366577|4023|-87.25|-121.0|-7|0|0
04:32:04|773|2639|CBJ5127|103.461685181|25.525188446|3985|-87.25|-120.0|-7|0|0
04:32:08|773|2639|CBJ5127|103.458080292|25.5207252502|3962|-87.25|-120.0|-7|0|0
04:32:11|773|2639|CBJ5127|103.454647064|25.5164337158|3947|-86.75|-119.5|-6|0|0
04:32:16|773|2639|CBJ5127|103.450698853|25.51197052|3909|-87.25|-118.25|-7|0|0
04:32:20|773|2639|CBJ5127|103.447952271|25.5088806152|3856|-87.25|-117.75|-9|0|0
04:32:24|773|2639|CBJ5127|103.44417572|25.5040740967|3825|-87.25|-117.75|-9|0|0
04:32:28|773|2639|CBJ5127|103.440570831|25.4999542236|3802|-87.75|-117.25|-8|0|0
04:32:32|773|2639|CBJ5127|103.436794281|25.496006012|3787|-88.75|-116.25|-6|0|0
04:32:36|773|2639|CBJ5127|103.433189392|25.4922294617|3772|-89.25|-115.25|-5|0|0
04:32:40|773|2639|CBJ5127|103.429584503|25.4877662659|3764|-89.25|-115.25|-4|0|0
04:32:43|773|2639|CBJ5127|103.425979614|25.4836463928|3757|-89.25|-115.25|-4|0|0
04:32:48|773|2639|CBJ5127|103.422374725|25.4796981812|3749|-89.25|-114.75|-3|0|0
04:32:52|773|2639|CBJ5127|103.418941498|25.4755783081|3741|-89.25|-114.75|-2|0|0
04:32:55|773|2639|CBJ5127|103.41550827|25.4714584351|3726|-88.75|-114.25|-3|0|0
04:33:00|773|2639|CBJ5127|103.412246704|25.4675102234|3719|-88.25|-114.25|-3|0|0
04:33:04|773|2639|CBJ5127|103.408470154|25.4635620117|3711|-88.25|-112.75|-2|0|0
04:33:07|773|2639|CBJ5127|103.405380249|25.4597854614|3711|-86.75|-111.0|-2|0|0
04:33:12|773|2639|CBJ5127|103.402290344|25.4560089111|3696|-86.25|-111.0|-2|0|0
04:33:16|773|2639|CBJ5127|103.399200439|25.4524040222|3688|-85.0|-109.0|-2|0|0
04:33:20|773|2639|CBJ5127|103.396110535|25.4487991333|3688|-83.0|-106.5|-2|0|0
04:33:24|773|2639|CBJ5127|103.393535614|25.4455375671|3688|-80.5|-103.75|0|0|0
04:33:28|773|2639|CBJ5127|103.390102386|25.4414176941|3665|-80.0|-103.75|-2|0|0
04:33:32|773|2639|CBJ5127|103.387184143|25.4379844666|3658|-80.0|-102.75|-2|0|0
04:33:36|773|2639|CBJ5127|103.383922577|25.4343795776|3650|-79.0|-101.75|-2|0|0
04:33:39|773|2639|CBJ5127|103.381004333|25.4309463501|3627|-78.25|-100.25|-3|0|0
04:33:44|773|2639|CBJ5127|103.377914429|25.4271697998|3604|-78.25|-101.25|-4|0|0
04:33:48|773|2639|CBJ5127|103.374996185|25.4235649109|3581|-77.75|-100.75|-5|0|0
04:33:52|773|2639|CBJ5127|103.372077942|25.4201316833|3559|-76.75|-99.25|-6|0|0
04:33:56|773|2639|CBJ5127|103.368988037|25.4165267944|3536|-76.75|-99.25|-5|0|0
04:34:00|773|2639|CBJ5127|103.365898132|25.4127502441|3520|-76.75|-99.25|-5|0|0
04:34:03|773|2639|CBJ5127|103.362979889|25.4091453552|3505|-76.25|-99.25|-4|0|0
04:34:08|773|2639|CBJ5127|103.360404968|25.4058837891|3498|-75.75|-98.75|-3|0|0
04:34:12|773|2639|CBJ5127|103.357658386|25.4024505615|3498|-74.75|-98.5|-2|0|0
04:34:16|773|2639|CBJ5127|103.355083466|25.3995323181|3482|-74.75|-98.0|-3|0|0
04:34:20|773|2639|CBJ5127|103.351993561|25.3955841064|3467|-73.75|-97.5|-3|0|0
04:34:24|773|2639|CBJ5127|103.349590302|25.3924942017|3452|-73.25|-97.0|-3|0|0
04:34:28|773|2639|CBJ5127|103.346843719|25.3890609741|3444|-72.75|-96.0|-3|0|0
04:34:32|773|2639|CBJ5127|103.344097137|25.385799408|3437|-71.75|-95.5|-3|0|0
04:34:36|773|2639|CBJ5127|103.341350555|25.3825378418|3414|-71.5|-94.5|-3|0|0
04:34:40|773|2639|CBJ5127|103.338603973|25.3792762756|3406|-71.0|-93.5|-3|0|0
04:34:44|773|2639|CBJ5127|103.335857391|25.3763580322|3391|-70.5|-90.75|-4|0|0
04:34:48|773|2639|CBJ5127|103.333110809|25.3737831116|3376|-69.5|-87.25|-4|0|0
04:34:52|773|2639|CBJ5127|103.330364227|25.3718948364|3360|-70.0|-78.25|-4|0|0
04:34:56|773|2639|CBJ5127|103.323841095|25.3729248047|3330|-97.0|-36.25|-5|0|0
04:35:00|773|2639|CBJ5127|103.318862915|25.3737831116|3299|-103.75|-7.25|-6|0|0
04:35:04|773|2639|CBJ5127|103.314743042|25.3737831116|3269|-103.25|4.75|-7|0|0
04:35:08|773|2639|CBJ5127|103.31079483|25.3737831116|3254|-102.25|11.5|-6|0|0
04:35:12|773|2639|CBJ5127|103.306846619|25.3737831116|3231|-101.75|12.0|-6|0|0
04:35:16|773|2639|CBJ5127|103.303070068|25.3734397888|3223|-100.75|9.25|-4|0|0
04:35:19|773|2639|CBJ5127|103.298950195|25.3729248047|3200|-100.75|2.5|-4|0|0
04:35:24|773|2639|CBJ5127|103.295345306|25.3725814819|3178|-100.25|-0.5|-5|0|0
04:35:28|773|2639|CBJ5127|103.290538788|25.3720664978|3162|-100.25|-3.0|-5|0|0
04:35:32|773|2639|CBJ5127|103.286762238|25.3724098206|3139|-100.75|0.0|-5|0|0
04:35:36|773|2639|CBJ5127|103.282642365|25.3725814819|3109|-101.75|0.5|-6|0|0
04:35:40|773|2639|CBJ5127|103.278007507|25.3724098206|3086|-101.75|-0.5|-6|0|0
04:35:44|773|2639|CBJ5127|103.273715973|25.3718948364|3071|-102.25|-3.0|-5|0|0
04:35:48|773|2639|CBJ5127|103.270111084|25.3720664978|3056|-102.75|-2.0|-5|0|0
04:35:52|773|2639|CBJ5127|103.265476227|25.371723175|3025|-102.75|-2.5|-5|0|0
04:35:56|773|2639|CBJ5127|103.261871338|25.371723175|2995|-102.75|-2.0|-6|0|0
04:36:00|773|2639|CBJ5127|103.257751465|25.3718948364|2964|-102.75|-1.5|-7|0|0
04:36:04|773|2639|CBJ5127|103.253631592|25.3718948364|2934|-102.75|-1.5|-8|0|0
04:36:08|773|2639|CBJ5127|103.249168396|25.371723175|2896|-103.25|-1.0|-8|0|0
04:36:12|773|2639|CBJ5127|103.245391846|25.371723175|2880|-103.25|-1.0|-6|0|0
04:36:16|773|2639|CBJ5127|103.241100311|25.371723175|2873|-103.25|-1.0|-5|0|0
04:36:20|773|2639|CBJ5127|103.236637115|25.371723175|2865|-103.75|-1.0|-4|0|0
04:36:24|773|2639|CBJ5127|103.232688904|25.371723175|2858|-103.75|-1.0|-3|0|0
04:36:28|773|2639|CBJ5127|103.228397369|25.371723175|2858|-104.25|-1.0|-2|0|0
04:36:32|773|2639|CBJ5127|103.224105835|25.3715515137|2865|-104.75|-1.0|0|0|0
04:36:36|773|2639|CBJ5127|103.219814301|25.3712081909|2865|-104.75|-2.5|0|0|0
04:36:40|773|2639|CBJ5127|103.215522766|25.370349884|2865|-104.75|-8.25|0|0|0
04:36:44|773|2639|CBJ5127|103.211917877|25.3693199158|2865|-104.75|-17.25|0|0|0
04:36:48|773|2639|CBJ5127|103.208656311|25.3653717041|2865|-93.5|-50.75|0|0|0
04:36:52|773|2639|CBJ5127|103.205566406|25.3627967834|2865|-85.25|-64.25|0|0|0
04:36:56|773|2639|CBJ5127|103.201961517|25.3602218628|2865|-82.0|-69.0|0|0|0
04:37:00|773|2639|CBJ5127|103.19852829|25.3578186035|2865|-81.5|-70.5|0|0|0
04:37:04|773|2639|CBJ5127|103.194923401|25.355758667|2865|-83.5|-68.0|0|0|0
04:37:08|773|2639|CBJ5127|103.191318512|25.3535270691|2865|-84.5|-65.0|0|0|0
04:37:12|773|2639|CBJ5127|103.188056946|25.3516387939|2865|-85.75|-63.25|0|0|0
04:37:16|773|2639|CBJ5127|103.184452057|25.3495788574|2865|-86.25|-62.25|0|0|0
04:37:20|773|2639|CBJ5127|103.181018829|25.3475189209|2865|-86.75|-60.75|0|0|0
04:37:24|773|2639|CBJ5127|103.177585602|25.3454589844|2865|-86.75|-60.25|0|0|0
04:37:28|773|2639|CBJ5127|103.173465729|25.3428840637|2865|-87.25|-59.75|0|0|0
04:37:32|773|2639|CBJ5127|103.170890808|25.3413391113|2865|-87.25|-59.25|0|0|0
04:37:35|773|2639|CBJ5127|103.167457581|25.3391075134|2865|-86.75|-59.25|0|0|0
04:37:40|773|2639|CBJ5127|103.163337708|25.3365325928|2865|-86.75|-59.25|0|0|0
04:37:44|773|2639|CBJ5127|103.160762787|25.334815979|2865|-86.25|-59.25|0|0|0
04:37:48|773|2639|CBJ5127|103.156642914|25.3324127197|2865|-86.75|-59.25|0|0|0
04:37:52|773|2639|CBJ5127|103.153381348|25.3301811218|2865|-86.25|-59.25|0|0|0
04:37:56|773|2639|CBJ5127|103.14994812|25.3279495239|2865|-86.25|-59.25|0|0|0
04:38:00|773|2639|CBJ5127|103.146514893|25.3258895874|2865|-86.25|-58.75|0|0|0
04:38:04|773|2639|CBJ5127|103.143081665|25.3236579895|2865|-86.25|-58.75|0|0|0
04:38:08|773|2639|CBJ5127|103.139648438|25.321598053|2865|-86.25|-58.75|0|0|0
04:38:12|773|2639|CBJ5127|103.136386871|25.3195381165|2865|-86.25|-58.75|0|0|0
04:38:16|773|2639|CBJ5127|103.132953644|25.3174781799|2865|-86.25|-58.75|0|0|0
04:38:20|773|2639|CBJ5127|103.129520416|25.315246582|2865|-86.25|-58.75|0|0|0
04:38:24|773|2639|CBJ5127|103.126430511|25.3131866455|2865|-85.75|-58.75|0|0|0
04:38:28|773|2639|CBJ5127|103.123168945|25.3109550476|2865|-85.75|-59.25|0|0|0
04:38:32|773|2639|CBJ5127|103.120079041|25.3085517883|2865|-85.25|-60.25|0|0|0
04:38:36|773|2639|CBJ5127|103.117160797|25.3061485291|2865|-84.5|-61.25|0|0|0
04:38:40|773|2639|CBJ5127|103.114070892|25.3032302856|2865|-82.0|-64.25|0|0|0
04:38:43|773|2639|CBJ5127|103.111667633|25.3001403809|2865|-78.5|-68.5|0|0|0
04:38:48|773|2639|CBJ5127|103.109607697|25.2967071533|2865|-71.75|-75.25|0|0|0
04:38:52|773|2639|CBJ5127|103.10754776|25.2932739258|2865|-67.0|-79.5|0|0|0
04:38:56|773|2639|CBJ5127|103.105316162|25.2903556824|2865|-66.5|-80.5|0|0|0
04:39:00|773|2639|CBJ5127|103.10256958|25.2872657776|2865|-66.0|-81.0|0|0|0
04:39:04|773|2639|CBJ5127|103.100166321|25.2841758728|2865|-64.75|-82.0|0|0|0
04:39:07|773|2639|CBJ5127|103.0975914|25.2812576294|2865|-64.75|-82.5|0|0|0
04:39:12|773|2639|CBJ5127|103.095016479|25.2779960632|2865|-64.75|-83.0|0|0|0
04:39:16|773|2639|CBJ5127|103.092441559|25.2750778198|2865|-64.75|-83.0|0|0|0
04:39:20|773|2639|CBJ5127|103.089866638|25.2721595764|2865|-65.5|-83.5|0|0|0
04:39:24|773|2639|CBJ5127|103.087120056|25.2688980103|2865|-65.5|-84.0|0|0|0
04:39:28|773|2639|CBJ5127|103.084373474|25.2656364441|2865|-65.5|-84.0|0|0|0
04:39:32|773|2639|CBJ5127|103.081798553|25.2625465393|2865|-65.5|-84.5|0|0|0
04:39:36|773|2639|CBJ5127|103.079051971|25.2594566345|2865|-66.0|-84.5|0|0|0
04:39:40|773|2639|CBJ5127|103.076477051|25.2563667297|2865|-66.0|-84.5|0|0|0
04:39:44|773|2639|CBJ5127|103.073730469|25.253276825|2865|-66.0|-84.5|0|0|0
04:39:48|773|2639|CBJ5127|103.070983887|25.2501869202|2865|-66.5|-84.0|0|0|0
04:39:52|773|2639|CBJ5127|103.068237305|25.2470970154|2865|-67.0|-84.0|0|0|0
04:39:56|773|2639|CBJ5127|103.065662384|25.244178772|2865|-67.0|-83.5|0|0|0
04:40:00|773|2639|CBJ5127|103.062915802|25.2412605286|2865|-67.0|-83.5|0|0|0
04:40:04|773|2639|CBJ5127|103.060340881|25.2383422852|2865|-66.5|-82.5|0|0|0
04:40:08|773|2639|CBJ5127|103.057937622|25.2357673645|2865|-66.0|-81.5|0|0|0
04:40:12|773|2639|CBJ5127|103.055534363|25.2330207825|2865|-66.0|-81.0|0|0|0
04:40:15|773|2639|CBJ5127|103.052959442|25.2301025391|2842|-66.0|-81.0|-3|0|0
04:40:20|773|2639|CBJ5127|103.050899506|25.2276992798|2819|-65.0|-80.5|-4|0|0
04:40:24|773|2639|CBJ5127|103.048496246|25.2249526978|2804|-64.75|-80.0|-4|0|0
04:40:28|773|2639|CBJ5127|103.046092987|25.2222061157|2781|-64.75|-79.5|-5|0|0
04:40:32|773|2639|CBJ5127|103.043689728|25.2194595337|2766|-64.25|-79.0|-4|0|0
04:40:35|773|2639|CBJ5127|103.041286469|25.2167129517|2743|-63.75|-78.5|-5|0|0
04:40:40|773|2639|CBJ5127|103.039226532|25.2146530151|2720|-63.25|-77.75|-5|0|0
04:40:44|773|2639|CBJ5127|103.036994934|25.2120780945|2705|-62.25|-76.75|-5|0|0
04:40:47|773|2639|CBJ5127|103.034591675|25.2091598511|2682|-61.25|-76.25|-5|0|0
04:40:52|773|2639|CBJ5127|103.032016754|25.206413269|2659|-60.75|-75.25|-5|0|0
04:40:56|773|2639|CBJ5127|103.03030014|25.2045249939|2644|-59.25|-73.25|-5|0|0
04:40:59|773|2639|CBJ5127|103.028411865|25.2024650574|2621|-58.0|-71.75|-5|0|0
04:41:04|773|2639|CBJ5127|103.02652359|25.2002334595|2598|-56.0|-69.5|-5|0|0
04:41:08|773|2639|CBJ5127|103.024806976|25.1983451843|2583|-53.5|-66.0|-5|0|0
04:41:12|773|2639|CBJ5127|103.022918701|25.1962852478|2568|-52.0|-64.25|-5|0|0
04:41:15|773|2639|CBJ5127|103.021202087|25.1942253113|2553|-50.75|-62.25|-4|0|0
04:41:20|773|2639|CBJ5127|103.019313812|25.1921653748|2537|-49.25|-60.25|-4|0|0
04:41:24|773|2639|CBJ5127|103.017597198|25.1901054382|2522|-47.75|-58.75|-4|0|0
04:41:28|773|2639|CBJ5127|103.015880585|25.1880455017|2507|-47.25|-58.75|-4|0|0
04:41:32|773|2639|CBJ5127|103.014163971|25.1859855652|2492|-46.75|-58.25|-4|0|0
04:41:36|773|2639|CBJ5127|103.012275696|25.1837539673|2469|-46.25|-57.5|-4|0|0
04:41:40|773|2639|CBJ5127|103.010559082|25.1816940308|2461|-46.25|-57.5|-4|0|0
04:41:44|773|2639|CBJ5127|103.008670807|25.1796340942|2446|-46.25|-57.5|-4|0|0
04:41:48|773|2639|CBJ5127|103.006954193|25.1775741577|2423|-46.25|-58.0|-3|0|0
04:41:52|773|2639|CBJ5127|103.005065918|25.1755142212|2416|-46.25|-57.5|-4|0|0
04:41:56|773|2639|CBJ5127|103.003177643|25.1734542847|2400|-46.25|-57.5|-4|0|0
04:42:00|773|2639|CBJ5127|103.001461029|25.1713943481|2385|-46.25|-58.0|-4|0|0
04:42:04|773|2639|CBJ5127|102.999572754|25.1691627502|2370|-46.25|-58.0|-4|0|0
04:42:08|773|2639|CBJ5127|102.997684479|25.1671028137|2355|-46.25|-57.5|-4|0|0
04:42:12|773|2639|CBJ5127|102.995967865|25.1648712158|2347|-46.25|-57.5|-3|0|0
04:42:16|773|2639|CBJ5127|102.99407959|25.1628112793|2316|-45.75|-57.5|-4|0|0
04:42:20|773|2639|CBJ5127|102.992362976|25.1609230042|2309|-45.75|-57.5|-3|0|0
04:42:24|773|2639|CBJ5127|102.990474701|25.1586914062|2286|-46.25|-57.5|-4|0|0
04:42:28|773|2639|CBJ5127|102.988586426|25.1564598083|2271|-46.25|-57.5|-4|0|0
04:42:32|773|2639|CBJ5127|102.986869812|25.1545715332|2256|-46.25|-58.0|-4|0|0
04:42:36|773|2639|CBJ5127|102.984981537|25.1523399353|2248|-46.25|-58.0|-4|0|0
04:42:40|773|2639|CBJ5127|102.983093262|25.1501083374|2225|-46.25|-58.0|-4|0|0
04:42:43|773|2639|CBJ5127|102.981204987|25.1480484009|2217|-46.25|-58.0|-4|0|0
04:42:48|773|2639|CBJ5127|102.979316711|25.1459884644|2195|-46.75|-58.25|-4|0|0
04:42:52|773|2639|CBJ5127|102.977428436|25.1437568665|2179|-46.75|-58.25|-4|0|0
04:42:56|773|2639|CBJ5127|102.975540161|25.1415252686|2164|-46.75|-58.25|-4|0|0
04:43:00|773|2639|CBJ5127|102.973823547|25.139465332|2156|-47.25|-58.25|-4|0|0
04:43:04|773|2639|CBJ5127|102.971935272|25.1374053955|2134|-47.25|-58.25|-4|0|0
04:43:08|773|2639|CBJ5127|102.970046997|25.135345459|2118|-47.25|-58.25|-4|0|0
04:43:11|773|2639|CBJ5127|102.968158722|25.1332855225|2103|-47.25|-58.25|-4|0|0
04:43:16|773|2639|CBJ5127|102.966270447|25.1310539246|2096|-47.25|-58.0|-3|0|0
04:43:20|773|2639|CBJ5127|102.964382172|25.128993988|2073|-47.25|-58.0|-4|0|0
04:43:24|773|2639|CBJ5127|102.962665558|25.1269340515|2065|-47.25|-58.0|-3|0|0
04:43:28|773|2639|CBJ5127|102.960948944|25.124874115|2050|-46.75|-58.0|-4|0|0
04:43:31|773|2639|CBJ5127|102.959060669|25.1228141785|2035|-46.75|-58.0|-4|0|0
04:43:36|773|2639|CBJ5127|102.957172394|25.1209259033|2019|-46.75|-57.5|-4|0|0
04:43:40|773|2639|CBJ5127|102.95545578|25.1188659668|2004|-46.75|-57.0|-4|0|0
04:43:43|773|2639|CBJ5127|102.953739166|25.1169776917|1989|-46.75|-57.0|-4|0|0
04:43:48|773|2639|CBJ5127|102.951850891|25.1149177551|1974|-46.25|-56.5|-4|0|0
04:43:52|773|2639|CBJ5127|102.950134277|25.11302948|1974|-46.25|-56.0|-3|0|0
04:43:55|773|2639|CBJ5127|102.948417664|25.1113128662|1966|-45.25|-54.0|-2|0|0
04:44:00|773|2639|CBJ5127|102.947044373|25.1099395752|1981|-43.0|-51.0|0|0|0
04:44:04|773|2639|CBJ5127|102.945842743|25.1085662842|1981|-40.0|-47.75|0|0|0
04:44:08|773|2639|CBJ5127|102.945156097|25.1078796387|1981|-34.25|-41.0|0|0|0
04:44:12|773|2639|CBJ5127|102.944469452|25.1071929932|1981|-29.5|-35.25|0|0|0
04:44:16|773|2639|CBJ5127|102.943782806|25.1063346863|1981|-27.0|-32.25|0|0|0
04:44:20|773|2639|CBJ5127|102.943267822|25.1056480408|1981|-22.75|-27.5|0|0|0
04:44:24|773|2639|CBJ5127|102.942409515|25.1046180725|1981|-22.75|-27.5|0|0|0
04:44:28|773|2639|CBJ5127|102.941379547|25.1035881042|1981|-22.75|-27.5|0|0|0
04:44:32|773|2639|CBJ5127|102.946529388|25.1156044006|1981|-11.5|-2.5|0|0|0
04:44:36|773|668|CBJ5127|102.946529388|25.1156044006|1981|-6.75|-1.5|0|0|0
