12:00:04|1010|2235|CBJ5187|106.879291534|26.0370826721|10394|-155.25|130.75|0|0|10393
12:00:08|1010|2235|CBJ5187|106.872425079|26.0422325134|10394|-154.75|129.75|0|0|10393
12:00:12|1010|2235|CBJ5187|106.868133545|26.0461807251|10394|-153.25|130.75|0|0|10393
12:00:16|1010|2235|CBJ5187|106.862125397|26.0515022278|10394|-152.0|133.0|0|0|10393
12:00:20|1010|2235|CBJ5187|106.856632233|26.0569953918|10394|-145.25|140.75|0|0|10393
12:00:24|1010|2235|CBJ5187|106.850624084|26.0640335083|10394|-133.5|153.25|0|0|10393
12:00:28|1010|2235|CBJ5187|106.846675873|26.0686683655|10394|-130.75|158.25|0|0|10393
12:00:32|1010|2235|CBJ5187|106.84135437|26.074848175|10394|-128.25|162.0|0|0|10393
12:00:36|1010|2235|CBJ5187|106.835517883|26.0822296143|10394|-125.0|166.75|0|0|10393
12:00:40|1010|2235|CBJ5187|106.83139801|26.0875511169|10394|-123.0|169.25|0|0|10393
12:00:44|1010|2235|CBJ5187|106.826591492|26.0942459106|10394|-119.5|173.25|0|0|10393
12:00:48|1010|2235|CBJ5187|106.822128296|26.1009407043|10394|-115.75|177.0|0|0|10393
12:00:52|1010|2235|CBJ5187|106.818008423|26.107635498|10394|-111.5|181.25|0|0|10393
12:00:56|1010|2235|CBJ5187|106.814060211|26.1143302917|10394|-107.0|185.25|0|0|10393
12:01:00|1010|2235|CBJ5187|106.810112|26.1215400696|10394|-100.75|190.0|0|0|10393
12:01:04|1010|2235|CBJ5187|106.806163788|26.1290931702|10394|-96.0|193.5|0|0|10393
12:01:08|1010|2235|CBJ5187|106.803073883|26.1361312866|10394|-89.25|198.75|0|0|10393
12:01:12|1010|2235|CBJ5187|106.799640656|26.1438560486|10394|-87.25|200.75|0|0|10393
12:01:16|1010|2235|CBJ5187|106.796550751|26.1512374878|10394|-83.5|203.0|0|0|10393
12:01:20|1010|2235|CBJ5187|106.793632507|26.1582756042|10394|-83.0|203.0|0|0|10393
12:01:24|1010|2235|CBJ5187|106.789855957|26.1675453186|10394|-82.0|203.5|0|0|10393
12:01:28|1010|2235|CBJ5187|106.787624359|26.1733818054|10394|-79.5|205.0|0|0|10393
12:01:32|1010|2235|CBJ5187|106.785049438|26.1812782288|10394|-75.75|207.0|0|0|10393
12:01:36|1010|2235|CBJ5187|106.783332825|26.1895179749|10394|-67.5|211.25|0|0|10393
12:01:40|1010|2235|CBJ5187|106.781959534|26.1979293823|10394|-57.5|215.5|0|0|10393
12:01:44|1010|2235|CBJ5187|106.780929565|26.2065124512|10394|-48.75|220.0|0|0|10393
12:01:48|1010|2235|CBJ5187|106.780071259|26.2149238586|10394|-39.0|223.25|0|0|10393
12:01:52|1010|2235|CBJ5187|106.779384613|26.2236785889|10394|-31.25|226.75|0|0|10393
12:01:56|1010|2235|CBJ5187|106.778697968|26.2322616577|10394|-26.5|228.5|0|0|10393
12:02:00|1010|2235|CBJ5187|106.778354645|26.2410163879|10394|-20.25|231.0|0|0|10393
12:02:04|1010|2235|CBJ5187|106.778354645|26.2499427795|10394|-13.5|233.5|0|0|10393
12:02:08|1010|2235|CBJ5187|106.778697968|26.2592124939|10394|-6.25|235.0|0|0|10393
12:02:12|1010|2235|CBJ5187|106.779556274|26.2686538696|10394|1.0|236.75|0|0|10393
12:02:16|1010|2235|CBJ5187|106.780071259|26.2777519226|10394|4.25|238.75|0|0|10393
12:02:20|1010|2235|CBJ5187|106.780586243|26.2866783142|10394|6.25|240.25|0|0|10393
12:02:24|1010|2235|CBJ5187|106.781272888|26.2956047058|10394|7.75|241.25|0|0|10393
12:02:28|1010|2235|CBJ5187|106.781959534|26.3047027588|10394|8.75|242.0|0|0|10393
12:02:32|1010|2235|CBJ5187|106.782474518|26.3136291504|10394|7.75|242.5|0|0|10393
12:02:36|1010|2235|CBJ5187|106.782989502|26.3223838806|10394|8.25|243.0|0|0|10393
12:02:40|1010|2235|CBJ5187|106.783676147|26.3314819336|10394|8.25|243.5|0|0|10393
12:02:44|1010|2235|CBJ5187|106.784191132|26.3404083252|10394|7.75|244.0|0|0|10393
12:02:48|1010|2235|CBJ5187|106.784706116|26.3491630554|10394|7.75|244.5|0|0|10393
12:02:52|1010|2235|CBJ5187|106.7852211|26.3579177856|10394|7.75|244.5|0|0|10393
12:02:56|1010|2235|CBJ5187|106.785907745|26.3668441772|10394|7.75|244.5|0|0|10393
12:03:00|1010|2235|CBJ5187|106.786422729|26.3755989075|10394|7.75|244.5|0|0|10393
12:03:04|1010|2235|CBJ5187|106.786937714|26.3845252991|10394|7.75|244.5|0|0|10393
12:03:08|1010|2235|CBJ5187|106.787452698|26.3932800293|10394|7.75|244.5|0|0|10393
12:03:12|1010|2235|CBJ5187|106.787967682|26.4020347595|10394|7.75|244.0|0|0|10393
12:03:16|1010|2235|CBJ5187|106.788482666|26.4107894897|10394|7.75|244.0|0|0|10393
12:03:20|1010|2235|CBJ5187|106.78899765|26.41954422|10394|7.75|244.5|0|0|10393
12:03:24|1010|2235|CBJ5187|106.789512634|26.4284706116|10394|7.75|244.5|0|0|10393
12:03:28|1010|2235|CBJ5187|106.790027618|26.4372253418|10394|7.75|244.5|0|0|10393
12:03:32|1010|2235|CBJ5187|106.790542603|26.445980072|10394|7.75|244.5|0|0|10393
12:03:36|1010|2235|CBJ5187|106.791057587|26.4547348022|10394|7.75|244.0|0|0|10393
12:03:40|1010|2235|CBJ5187|106.791572571|26.4634895325|10394|7.75|244.0|0|0|10393
12:03:44|1010|2235|CBJ5187|106.792087555|26.4720726013|10394|7.75|243.5|0|0|10393
12:03:48|1010|2235|CBJ5187|106.792602539|26.4808273315|10394|7.25|243.5|0|0|10393
12:03:52|1010|2235|CBJ5187|106.793289185|26.4894104004|10394|7.75|243.0|0|0|10393
12:03:56|1010|2235|CBJ5187|106.793804169|26.4981651306|10394|7.75|243.5|0|0|10393
12:04:00|1010|2235|CBJ5187|106.794319153|26.5070915222|10394|7.75|244.0|0|0|10393
12:04:04|1010|2235|CBJ5187|106.794834137|26.5161895752|10394|7.25|244.5|0|0|10393
12:04:08|1010|2235|CBJ5187|106.795520782|26.524772644|10394|7.75|246.0|0|0|10393
12:04:12|1010|2235|CBJ5187|106.796035767|26.5336990356|10394|8.25|246.0|0|0|10393
12:04:16|1010|2235|CBJ5187|106.796550751|26.5422821045|10394|8.25|245.0|0|0|10393
12:04:20|1010|2235|CBJ5187|106.796894073|26.5512084961|10394|6.25|245.0|0|0|10393
12:04:24|1010|2235|CBJ5187|106.796722412|26.5597915649|10394|3.75|245.0|0|0|10393
12:04:28|1010|2235|CBJ5187|106.795520782|26.5690612793|10394|-8.25|246.0|0|0|10393
12:04:32|1010|2235|CBJ5187|106.794662476|26.5776443481|10394|-15.0|244.5|0|0|10393
12:04:36|1010|2235|CBJ5187|106.794662476|26.5851974487|10394|-15.0|238.75|0|0|10393
12:04:40|1010|2235|CBJ5187|106.792945862|26.5948104858|10394|-24.0|241.75|0|0|10393
12:04:44|1010|2235|CBJ5187|106.791572571|26.6039085388|10394|-26.0|244.5|0|0|10393
12:04:48|1010|2235|CBJ5187|106.791057587|26.6128349304|10394|-25.0|243.5|0|0|10393
12:04:52|1010|2235|CBJ5187|106.790542603|26.6209030151|10394|-23.75|243.0|0|0|10393
12:04:56|1010|2235|CBJ5187|106.789340973|26.6305160522|10394|-24.5|245.5|0|0|10393
12:05:00|1010|2235|CBJ5187|106.788825989|26.6394424438|10394|-23.75|245.5|0|0|10393
12:05:04|1010|2235|CBJ5187|106.788139343|26.6483688354|10394|-23.25|246.0|0|0|10393
12:05:08|1010|2235|CBJ5187|106.787796021|26.6567802429|10394|-21.75|244.5|0|0|10393
12:05:12|1010|2235|CBJ5187|106.787109375|26.6674232483|10394|-21.75|244.5|0|0|10393
12:05:16|1010|2235|CBJ5187|106.786937714|26.6739463806|10394|-21.25|244.0|0|0|10393
12:05:20|1010|2235|CBJ5187|106.786422729|26.6837310791|10394|-20.25|242.0|0|0|10393
12:05:24|1010|2235|CBJ5187|106.786079407|26.6904258728|10394|-20.25|241.25|0|0|10393
12:05:28|1010|2235|CBJ5187|106.785049438|26.7003822327|10394|-22.25|241.25|0|0|10393
12:05:32|1010|2235|CBJ5187|106.783676147|26.7093086243|10394|-24.0|242.0|0|0|10393
12:05:36|1010|2235|CBJ5187|106.782474518|26.7180633545|10394|-27.5|241.75|0|0|10393
12:05:40|1010|2235|CBJ5187|106.780757904|26.7263031006|10394|-34.25|238.25|0|0|10393
12:05:44|1010|2235|CBJ5187|106.777324677|26.7335128784|10394|-65.5|227.75|0|0|10393
12:05:48|1010|2235|CBJ5187|106.774749756|26.7412376404|10394|-73.75|224.75|0|0|10393
12:05:52|1010|2235|CBJ5187|106.772346497|26.7489624023|10394|-75.75|222.25|0|0|10393
12:05:56|1010|2235|CBJ5187|106.769771576|26.7568588257|10394|-76.25|220.5|0|0|10393
12:06:00|1010|2235|CBJ5187|106.767024994|26.764755249|10394|-79.0|219.0|0|0|10393
12:06:04|1010|2235|CBJ5187|106.763935089|26.772480011|10394|-81.5|217.5|0|0|10393
12:06:08|1010|2235|CBJ5187|106.761360168|26.7807197571|10394|-76.25|219.5|0|0|10393
12:06:12|1010|2235|CBJ5187|106.75775528|26.7879295349|10394|-85.75|214.5|0|0|10393
12:06:16|1010|2235|CBJ5187|106.754665375|26.7958259583|10394|-84.0|215.5|0|0|10393
12:06:20|1010|2235|CBJ5187|106.751060486|26.8032073975|10394|-87.25|213.25|0|0|10393
12:06:24|1010|2235|CBJ5187|106.74659729|26.8097305298|10394|-97.0|206.5|0|0|10393
12:06:28|1010|2235|CBJ5187|106.742649078|26.8164253235|10394|-101.25|202.0|0|0|10393
12:06:32|1010|2235|CBJ5187|106.738700867|26.8226051331|10394|-106.5|194.75|0|0|10393
12:06:36|1010|2235|CBJ5187|106.734409332|26.828956604|10394|-111.5|189.5|0|0|10393
12:06:40|1010|2235|CBJ5187|106.730804443|26.8354797363|10394|-105.5|192.0|0|0|10393
12:06:44|1010|2235|CBJ5187|106.726169586|26.8397712708|10394|-117.75|175.5|0|0|10393
12:06:48|1010|2235|CBJ5187|106.722393036|26.8466377258|10394|-108.5|180.75|0|0|10393
12:06:52|1010|2235|CBJ5187|106.715526581|26.8509292603|10394|-145.25|147.0|0|0|10393
12:06:56|1010|2235|CBJ5187|106.711235046|26.8583106995|10394|-127.25|165.0|0|0|10393
12:07:00|1010|2235|CBJ5187|106.706428528|26.8643188477|10394|-126.25|165.0|0|0|10393
12:07:04|1010|2235|CBJ5187|106.701450348|26.8704986572|10394|-128.25|164.0|0|0|10393
12:07:08|1010|2235|CBJ5187|106.697502136|26.8758201599|10394|-124.5|166.75|0|0|10393
12:07:12|1010|2235|CBJ5187|106.690807343|26.8811416626|10394|-132.75|154.75|0|0|10393
12:07:16|1010|2235|CBJ5187|106.683769226|26.8847465515|10394|-154.75|129.25|0|0|10393
12:07:20|1010|2235|CBJ5187|106.679477692|26.8897247314|10394|-141.75|143.25|0|0|10393
12:07:24|1010|2235|CBJ5187|106.673812866|26.8955612183|10394|-139.5|145.75|0|0|10393
12:07:28|1010|2235|CBJ5187|106.668491364|26.9010543823|10394|-138.0|146.5|0|0|10393
12:07:32|1010|2235|CBJ5187|106.663513184|26.9060325623|10394|-137.5|146.5|0|0|10393
12:07:36|1010|2235|CBJ5187|106.658363342|26.9115257263|10394|-136.5|147.0|0|0|10393
12:07:40|1010|2235|CBJ5187|106.65304184|26.916847229|10394|-136.5|147.0|0|0|10393
12:07:44|1010|2235|CBJ5187|106.647720337|26.9223403931|10394|-136.0|147.5|0|0|10393
12:07:48|1010|2235|CBJ5187|106.64188385|26.9283485413|10394|-135.5|147.0|0|0|10393
12:07:52|1010|2235|CBJ5187|106.637763977|26.9326400757|10394|-135.5|147.0|0|0|10393
12:07:56|1010|2235|CBJ5187|106.632270813|26.9381332397|10394|-135.0|147.0|0|0|10393
12:08:00|1010|2235|CBJ5187|106.626777649|26.9439697266|10394|-135.0|146.5|0|0|10393
12:08:04|1010|2235|CBJ5187|106.621627808|26.9491195679|10394|-134.5|147.0|0|0|10393
12:08:08|1010|2235|CBJ5187|106.616477966|26.9546127319|10394|-133.5|147.0|0|0|10393
12:08:12|1010|2235|CBJ5187|106.611328125|26.960105896|10394|-133.0|147.5|0|0|10393
12:08:16|1010|2235|CBJ5187|106.605834961|26.9659423828|10394|-133.0|148.0|0|0|10393
12:08:20|1010|2235|CBJ5187|106.600856781|26.9714355469|10394|-132.25|148.5|0|0|10393
12:08:24|1010|2235|CBJ5187|106.595878601|26.9765853882|10394|-132.25|148.5|0|0|10393
12:08:28|1010|2235|CBJ5187|106.59072876|26.9822502136|10394|-132.25|149.0|0|0|10393
12:08:32|1010|2235|CBJ5187|106.586093903|26.9870567322|10394|-132.25|149.0|0|0|10393
12:08:36|1010|2235|CBJ5187|106.579742432|26.9934082031|10394|-133.5|148.0|0|0|10393
12:08:40|1010|2235|CBJ5187|106.574420929|26.9987297058|10394|-134.0|148.0|0|0|10393
12:08:44|1010|2235|CBJ5187|106.570129395|27.003364563|10394|-133.5|148.0|0|0|10393
12:08:48|1010|2235|CBJ5187|106.564807892|27.0086860657|10394|-134.0|148.0|0|0|10393
12:08:52|1010|2235|CBJ5187|106.559314728|27.0141792297|10394|-134.5|148.0|0|0|10393
12:08:56|1010|2235|CBJ5187|106.55330658|27.0201873779|10394|-135.0|147.5|0|0|10393
12:09:00|1010|2235|CBJ5187|106.5483284|27.0251655579|10394|-135.0|147.0|0|0|10393
12:09:04|1010|2235|CBJ5187|106.543178558|27.0303153992|10394|-135.5|147.0|0|0|10393
12:09:08|1010|2235|CBJ5187|106.537857056|27.0356369019|10394|-135.5|147.0|0|0|10393
12:09:12|1010|2235|CBJ5187|106.531848907|27.04164505|10394|-136.0|146.5|0|0|10393
12:09:16|1010|2235|CBJ5187|106.525840759|27.0469665527|10394|-137.0|145.25|0|0|10393
12:09:20|1010|2235|CBJ5187|106.520175934|27.0526313782|10394|-137.5|145.75|0|0|10393
12:09:24|1010|2235|CBJ5187|106.515712738|27.0572662354|10394|-137.5|146.25|0|0|10393
12:09:28|1010|2235|CBJ5187|106.510391235|27.062587738|10394|-137.0|145.75|0|0|10393
12:09:32|1010|2235|CBJ5187|106.505241394|27.0677375793|10394|-136.5|145.75|0|0|10393
12:09:36|1010|2235|CBJ5187|106.49974823|27.0732307434|10394|-136.5|145.75|0|0|10393
12:09:40|1010|2235|CBJ5187|106.494426727|27.0785522461|10394|-136.5|146.25|0|0|10393
12:09:44|1010|2235|CBJ5187|106.489105225|27.0840454102|10394|-136.0|146.25|0|0|10393
12:09:48|1010|2235|CBJ5187|106.483955383|27.0891952515|10394|-135.5|146.25|0|0|10393
12:09:52|1010|2235|CBJ5187|106.477603912|27.0957183838|10394|-135.5|146.25|0|0|10393
12:09:56|1010|2235|CBJ5187|106.472969055|27.1005249023|10394|-135.0|146.5|0|0|10393
12:10:00|1010|2235|CBJ5187|106.467819214|27.105846405|10394|-135.0|146.5|0|0|10393
12:10:04|1010|2235|CBJ5187|106.462841034|27.110824585|10394|-135.0|146.5|0|0|10393
12:10:08|1010|2235|CBJ5187|106.45734787|27.116317749|10394|-134.5|146.25|0|0|10393
12:10:12|1010|2235|CBJ5187|106.451854706|27.1219825745|10394|-134.5|146.25|0|0|10393
12:10:16|1010|2235|CBJ5187|106.446533203|27.1273040771|10394|-134.5|146.25|0|0|10393
12:10:20|1010|2235|CBJ5187|106.441555023|27.1324539185|10394|-134.5|146.25|0|0|10393
12:10:24|1010|2235|CBJ5187|106.435890198|27.1382904053|10394|-134.5|146.25|0|0|10393
12:10:28|1010|2235|CBJ5187|106.430225372|27.1437835693|10394|-134.5|146.25|0|0|10393
12:10:32|1010|2235|CBJ5187|106.425247192|27.1489334106|10394|-134.5|146.25|0|0|10393
12:10:36|1010|2235|CBJ5187|106.420097351|27.1542549133|10394|-134.5|146.25|0|0|10393
12:10:40|1010|2235|CBJ5187|106.414604187|27.1597480774|10394|-134.0|146.25|0|0|10393
12:10:44|1010|2235|CBJ5187|106.409111023|27.1654129028|10394|-134.0|146.25|0|0|10393
12:10:48|1010|2235|CBJ5187|106.404647827|27.1698760986|10394|-134.0|146.25|0|0|10393
12:10:52|1010|2235|CBJ5187|106.399841309|27.1748542786|10394|-134.0|146.25|0|0|10393
12:10:56|1010|2235|CBJ5187|106.393146515|27.1815490723|10394|-134.0|146.25|0|0|10393
12:11:00|1010|2235|CBJ5187|106.389026642|27.1856689453|10394|-134.0|145.75|0|0|10393
12:11:04|1010|2235|CBJ5187|106.383705139|27.190990448|10394|-134.0|145.75|0|0|10393
12:11:08|1010|2235|CBJ5187|106.378898621|27.1961402893|10394|-133.5|145.75|0|0|10393
12:11:12|1010|2235|CBJ5187|106.373577118|27.2012901306|10394|-133.5|145.75|0|0|10393
12:11:16|1010|2235|CBJ5187|106.367225647|27.2079849243|10394|-133.5|145.75|0|0|10393
12:11:20|1010|2235|CBJ5187|106.363277435|27.211933136|10394|-133.0|145.75|0|0|10393
12:11:24|1010|2235|CBJ5187|106.357955933|27.2174263|10394|-133.0|145.75|0|0|10393
12:11:28|1010|2235|CBJ5187|106.352977753|27.2225761414|10394|-132.75|145.75|0|0|10393
12:11:32|1010|2235|CBJ5187|106.346969604|27.2287559509|10394|-132.75|145.75|0|0|10393
12:11:36|1010|2235|CBJ5187|106.342334747|27.2333908081|10394|-132.75|145.75|0|0|10393
12:11:40|1010|2235|CBJ5187|106.337184906|27.2388839722|10394|-132.75|146.25|0|0|10393
12:11:44|1010|2235|CBJ5187|106.332035065|27.2442054749|10394|-132.75|146.25|0|0|10393
12:11:48|1010|2235|CBJ5187|106.326713562|27.2495269775|10394|-133.0|145.75|0|0|10393
12:11:52|1010|2235|CBJ5187|106.321392059|27.2548484802|10394|-133.0|145.75|0|0|10393
12:11:56|1010|2235|CBJ5187|106.316070557|27.2601699829|10394|-133.0|145.75|0|0|10393
12:12:00|1010|2235|CBJ5187|106.310062408|27.2663497925|10394|-133.5|145.75|0|0|10393
12:12:04|1010|2235|CBJ5187|106.30525589|27.2709846497|10394|-133.5|146.25|0|0|10393
12:12:08|1010|2235|CBJ5187|106.299934387|27.2763061523|10394|-134.0|146.25|0|0|10393
12:12:12|1010|2235|CBJ5187|106.294612885|27.2817993164|10394|-134.0|146.25|0|0|10393
12:12:16|1010|2235|CBJ5187|106.289291382|27.2872924805|10394|-134.0|146.25|0|0|10393
12:12:20|1010|2235|CBJ5187|106.283283234|27.2933006287|10394|-134.0|146.5|0|0|10393
12:12:24|1010|2235|CBJ5187|106.278648376|27.2979354858|10394|-134.0|146.5|0|0|10393
12:12:28|1010|2235|CBJ5187|106.27281189|27.3037719727|10394|-134.5|146.5|0|0|10393
12:12:32|1010|2235|CBJ5187|106.26783371|27.308921814|10394|-134.5|146.5|0|0|10393
12:12:36|1010|2235|CBJ5187|106.262512207|27.3142433167|10394|-134.5|147.0|0|0|10393
12:12:40|1010|2235|CBJ5187|106.256504059|27.3204231262|10394|-134.5|147.0|0|0|10393
12:12:44|1010|2235|CBJ5187|106.25169754|27.3252296448|10394|-134.5|147.0|0|0|10393
12:12:48|1010|2235|CBJ5187|106.246376038|27.3305511475|10394|-134.5|147.0|0|0|10393
12:12:52|1010|2235|CBJ5187|106.241054535|27.3360443115|10394|-135.0|147.0|0|0|10393
12:12:56|1010|2235|CBJ5187|106.235561371|27.3413658142|10394|-135.0|147.0|0|0|10393
12:13:00|1010|2235|CBJ5187|106.230239868|27.3468589783|10394|-135.0|147.0|0|0|10393
12:13:04|1010|2235|CBJ5187|106.224746704|27.352180481|10394|-135.0|147.0|0|0|10393
12:13:08|1010|2235|CBJ5187|106.219425201|27.357673645|10394|-135.5|147.5|0|0|10393
12:13:12|1010|2235|CBJ5187|106.214103699|27.3631668091|10394|-135.0|147.5|0|0|10393
12:13:16|1010|2235|CBJ5187|106.208782196|27.3686599731|10394|-135.0|147.5|0|0|10393
12:13:20|1010|2235|CBJ5187|106.203460693|27.3739814758|10394|-135.0|147.5|0|0|10393
12:13:24|1010|2235|CBJ5187|106.198139191|27.3794746399|10394|-135.0|147.5|0|0|10393
12:13:28|1010|2235|CBJ5187|106.192817688|27.3847961426|10394|-135.0|147.5|0|0|10393
12:13:32|1010|2235|CBJ5187|106.18680954|27.3908042908|10394|-135.5|148.0|0|0|10393
12:13:36|1010|2235|CBJ5187|106.180973053|27.3966407776|10394|-135.5|148.0|0|0|10393
12:13:40|1010|2235|CBJ5187|106.176509857|27.4011039734|10394|-135.5|148.0|0|0|10393
12:13:44|1010|2235|CBJ5187|106.17067337|27.4071121216|10394|-135.5|148.0|0|0|10393
12:13:48|1010|2235|CBJ5187|106.164665222|27.4131202698|10394|-135.5|148.0|0|0|10393
12:13:52|1010|2235|CBJ5187|106.159172058|27.4186134338|10394|-135.5|148.0|0|0|10393
12:13:56|1010|2235|CBJ5187|106.155052185|27.4229049683|10394|-135.5|148.0|0|0|10393
12:14:00|1010|2235|CBJ5187|106.148529053|27.4294281006|10394|-135.5|148.0|0|0|10393
12:14:04|1010|2235|CBJ5187|106.143550873|27.4345779419|10394|-135.5|148.0|0|0|10393
12:14:08|1010|2235|CBJ5187|106.138401031|27.4395561218|10394|-135.5|148.0|0|0|10393
12:14:12|1010|2235|CBJ5187|106.132907867|27.4453926086|10394|-135.5|148.0|0|0|10393
12:14:16|1010|2235|CBJ5187|106.127243042|27.4508857727|10394|-135.5|148.0|0|0|10393
12:14:20|1010|2235|CBJ5187|106.121749878|27.4565505981|10394|-135.5|148.0|0|0|10393
12:14:24|1010|2235|CBJ5187|106.117286682|27.4610137939|10394|-135.5|148.0|0|0|10393
12:14:28|1010|2235|CBJ5187|106.111621857|27.4666786194|10394|-135.5|147.5|0|0|10393
12:14:32|1010|2235|CBJ5187|106.106300354|27.4721717834|10394|-135.5|147.5|0|0|10393
12:14:36|1010|2235|CBJ5187|106.101150513|27.4773216248|10394|-135.5|148.0|0|0|10393
12:14:40|1010|2235|CBJ5187|106.096000671|27.4824714661|10394|-135.5|147.5|0|0|10393
12:14:44|1010|2235|CBJ5187|106.090507507|27.4881362915|10394|-135.5|147.5|0|0|10393
12:14:48|1010|2235|CBJ5187|106.085186005|27.4932861328|10394|-135.5|147.5|0|0|10393
12:14:52|1010|2235|CBJ5187|106.079349518|27.499294281|10394|-135.5|147.5|0|0|10393
12:14:56|1010|2235|CBJ5187|106.073856354|27.5049591064|10394|-135.5|147.5|0|0|10393
12:15:00|1010|2235|CBJ5187|106.068534851|27.5101089478|10394|-135.0|147.5|0|0|10393
12:15:04|1010|2235|CBJ5187|106.06338501|27.5154304504|10394|-135.0|147.5|0|0|10393
12:15:08|1010|2235|CBJ5187|106.057891846|27.5210952759|10394|-135.0|147.5|0|0|10393
12:15:12|1010|2235|CBJ5187|106.052398682|27.5264167786|10394|-135.0|147.5|0|0|10393
12:15:16|1010|2235|CBJ5187|106.046905518|27.532081604|10394|-135.0|147.5|0|0|10393
12:15:20|1010|2235|CBJ5187|106.041755676|27.5374031067|10394|-135.0|147.5|0|0|10393
12:15:24|1010|2235|CBJ5187|106.036090851|27.5430679321|10394|-134.5|147.5|0|0|10393
12:15:28|1010|2235|CBJ5187|106.030769348|27.5485610962|10394|-134.5|147.5|0|0|10393
12:15:32|1010|2235|CBJ5187|106.026821136|27.5526809692|10394|-134.0|148.0|0|0|10393
12:15:36|1010|2235|CBJ5187|106.020812988|27.5588607788|10394|-134.0|148.0|0|0|10393
12:15:40|1010|2235|CBJ5187|106.015663147|27.5643539429|10394|-133.5|148.5|0|0|10393
12:15:44|1010|2235|CBJ5187|106.010513306|27.5698471069|10394|-133.0|149.0|0|0|10393
12:15:48|1010|2235|CBJ5187|106.00484848|27.5758552551|10394|-132.75|149.0|0|0|10393
12:15:52|1010|2235|CBJ5187|106.000213623|27.5806617737|10394|-132.75|149.5|0|0|10393
12:15:56|1010|2235|CBJ5187|105.995407104|27.585811615|10394|-132.75|149.5|0|0|10393
12:16:00|1010|2235|CBJ5187|105.990085602|27.5914764404|10394|-132.25|150.0|0|0|10393
12:16:04|1010|2235|CBJ5187|105.984764099|27.5969696045|10394|-132.25|150.0|0|0|10393
12:16:08|1010|2235|CBJ5187|105.979614258|27.6024627686|10394|-132.25|150.0|0|0|10393
12:16:12|1010|2235|CBJ5187|105.97360611|27.6088142395|10394|-132.25|149.5|0|0|10393
12:16:16|1010|2235|CBJ5187|105.968456268|27.6139640808|10394|-132.25|149.5|0|0|10393
12:16:20|1010|2235|CBJ5187|105.963306427|27.6194572449|10394|-132.25|149.5|0|0|10393
12:16:24|1010|2235|CBJ5187|105.958499908|27.6242637634|10394|-132.25|149.5|0|0|10393
12:16:28|1010|2235|CBJ5187|105.953350067|27.6297569275|10394|-132.25|149.5|0|0|10393
12:16:32|1010|2235|CBJ5187|105.947856903|27.6354217529|10394|-132.25|149.0|0|0|10393
12:16:36|1010|2235|CBJ5187|105.942363739|27.6412582397|10394|-132.25|149.0|0|0|10393
12:16:40|1010|2235|CBJ5187|105.937042236|27.6465797424|10394|-132.25|149.0|0|0|10393
12:16:44|1010|2235|CBJ5187|105.931720734|27.6522445679|10394|-132.25|149.0|0|0|10393
12:16:48|1010|2235|CBJ5187|105.92622757|27.6577377319|10394|-132.25|148.5|0|0|10393
12:16:52|1010|2235|CBJ5187|105.922451019|27.661857605|10394|-132.25|148.5|0|0|10393
12:16:56|1010|2235|CBJ5187|105.916957855|27.6675224304|10394|-132.25|148.5|0|0|10393
12:17:00|1010|2235|CBJ5187|105.910606384|27.6738739014|10394|-132.25|148.5|0|0|10393
12:17:04|1010|2235|CBJ5187|105.905284882|27.6793670654|10394|-131.75|148.5|0|0|10393
12:17:08|1010|2235|CBJ5187|105.90013504|27.6848602295|10394|-132.25|148.5|0|0|10393
12:17:12|1010|2235|CBJ5187|105.894985199|27.6901817322|10394|-131.75|148.0|0|0|10393
12:17:16|1010|2235|CBJ5187|105.889663696|27.6955032349|10394|-131.75|148.0|0|0|10393
12:17:20|1010|2235|CBJ5187|105.885543823|27.6999664307|10394|-131.75|148.0|0|0|10393
12:17:24|1010|2235|CBJ5187|105.880222321|27.7052879333|10394|-131.75|148.0|0|0|10393
12:17:28|1010|2235|CBJ5187|105.874214172|27.7114677429|10394|-131.75|148.0|0|0|10393
12:17:32|1010|2235|CBJ5187|105.869750977|27.7161026001|10394|-131.75|148.0|0|0|10393
12:17:36|1010|2235|CBJ5187|105.864086151|27.7221107483|10394|-131.75|148.0|0|0|10393
12:17:40|1010|2235|CBJ5187|105.858764648|27.727432251|10394|-131.75|148.0|0|0|10393
12:17:44|1010|2235|CBJ5187|105.853786469|27.7325820923|10394|-131.75|148.0|0|0|10393
12:17:48|1010|2235|CBJ5187|105.848808289|27.737903595|10394|-131.75|148.0|0|0|10393
12:17:52|1010|2235|CBJ5187|105.843315125|27.743396759|10394|-131.75|148.0|0|0|10393
12:17:56|1010|2235|CBJ5187|105.838165283|27.7488899231|10394|-131.75|148.0|0|0|10393
12:18:00|1010|2235|CBJ5187|105.833015442|27.7542114258|10394|-131.75|148.0|0|0|10393
12:18:04|1010|2235|CBJ5187|105.827865601|27.7595329285|10394|-132.25|148.0|0|0|10393
12:18:08|1010|2235|CBJ5187|105.822372437|27.7650260925|10394|-132.25|148.0|0|0|10393
12:18:12|1010|2235|CBJ5187|105.817050934|27.7705192566|10394|-132.25|148.0|0|0|10393
12:18:16|1010|2235|CBJ5187|105.811214447|27.7763557434|10394|-132.75|147.5|0|0|10393
12:18:20|1010|2235|CBJ5187|105.805892944|27.7818489075|10394|-132.75|147.5|0|0|10393
12:18:24|1010|2235|CBJ5187|105.801429749|27.7861404419|10394|-132.75|147.5|0|0|10393
12:18:28|1010|2235|CBJ5187|105.795936584|27.7918052673|10394|-132.75|147.0|0|0|10393
12:18:32|1010|2235|CBJ5187|105.790615082|27.79712677|10394|-132.75|147.0|0|0|10393
12:18:36|1010|2235|CBJ5187|105.785293579|27.8026199341|10394|-132.75|147.0|0|0|10393
12:18:40|1010|2235|CBJ5187|105.779285431|27.8087997437|10394|-132.75|147.0|0|0|10393
12:18:44|1010|2235|CBJ5187|105.774993896|27.8130912781|10394|-132.75|147.0|0|0|10393
12:18:48|1010|2235|CBJ5187|105.769672394|27.8184127808|10394|-132.75|147.0|0|0|10393
12:18:52|1010|2235|CBJ5187|105.763835907|27.8242492676|10394|-132.25|146.5|0|0|10393
12:18:56|1010|2235|CBJ5187|105.758857727|27.8293991089|10394|-132.25|146.5|0|0|10393
12:19:00|1010|2235|CBJ5187|105.753536224|27.8348922729|10394|-132.25|146.5|0|0|10393
12:19:04|1010|2235|CBJ5187|105.748558044|27.8400421143|10394|-132.25|146.5|0|0|10393
12:19:08|1010|2235|CBJ5187|105.743236542|27.8453636169|10394|-132.25|146.5|0|0|10393
12:19:12|1010|2235|CBJ5187|105.737915039|27.8506851196|10394|-132.25|146.5|0|0|10393
12:19:16|1010|2235|CBJ5187|105.731735229|27.8570365906|10394|-132.25|146.5|0|0|10393
12:19:20|1010|2235|CBJ5187|105.727443695|27.861328125|10394|-132.25|146.5|0|0|10393
12:19:24|1010|2235|CBJ5187|105.721435547|27.8675079346|10394|-131.75|146.25|0|0|10393
12:19:28|1010|2235|CBJ5187|105.716114044|27.8728294373|10394|-131.75|145.75|0|0|10393
12:19:32|1010|2235|CBJ5187|105.711135864|27.8779792786|10394|-131.75|145.75|0|0|10393
12:19:36|1010|2235|CBJ5187|105.705986023|27.8833007812|10394|-131.25|145.25|0|0|10393
12:19:40|1010|2235|CBJ5187|105.701522827|27.8875923157|10394|-131.25|145.25|0|0|10393
12:19:44|1010|2235|CBJ5187|105.695514679|27.8937721252|10394|-131.25|145.25|0|0|10393
12:19:48|1010|2235|CBJ5187|105.691223145|27.8980636597|10394|-131.25|145.25|0|0|10393
12:19:52|1010|2235|CBJ5187|105.685214996|27.9042434692|10394|-130.75|144.75|0|0|10393
12:19:56|1010|2235|CBJ5187|105.680923462|27.908706665|10394|-130.75|144.75|0|0|10393
12:20:00|1010|2235|CBJ5187|105.675773621|27.9138565063|10394|-130.75|144.75|0|0|10393
12:20:04|1010|2235|CBJ5187|105.669765472|27.9200363159|10394|-130.25|144.75|0|0|10393
12:20:08|1010|2235|CBJ5187|105.664787292|27.9250144958|10394|-130.25|144.75|0|0|10393
12:20:12|1010|2235|CBJ5187|105.660667419|27.9293060303|10394|-130.25|144.25|0|0|10393
12:20:16|1010|2235|CBJ5187|105.655174255|27.9347991943|10394|-129.75|144.25|0|0|10393
12:20:20|1010|2235|CBJ5187|105.649337769|27.9406356812|10394|-129.75|144.25|0|0|10393
12:20:24|1010|2235|CBJ5187|105.64453125|27.9454421997|10394|-129.75|144.25|0|0|10393
12:20:28|1010|2235|CBJ5187|105.639209747|27.9509353638|10394|-129.75|143.75|0|0|10393
12:20:32|1010|2235|CBJ5187|105.634231567|27.9560852051|10394|-129.75|143.75|0|0|10393
12:20:36|1010|2235|CBJ5187|105.628738403|27.9614067078|10394|-129.75|143.75|0|0|10393
12:20:40|1010|2235|CBJ5187|105.623416901|27.9668998718|10394|-129.75|143.75|0|0|10393
12:20:44|1010|2235|CBJ5187|105.618095398|27.9723930359|10394|-129.75|143.75|0|0|10393
12:20:48|1010|2235|CBJ5187|105.613803864|27.9766845703|10394|-129.75|143.75|0|0|10393
12:20:52|1010|2235|CBJ5187|105.608310699|27.9821777344|10394|-129.75|143.75|0|0|10393
12:20:56|1010|2235|CBJ5187|105.603160858|27.9873275757|10394|-129.75|143.75|0|0|10393
12:21:00|1010|2235|CBJ5187|105.597496033|27.9931640625|10394|-129.75|143.75|0|0|10393
12:21:04|1010|2235|CBJ5187|105.593032837|27.9977989197|10394|-129.75|143.75|0|0|10393
12:21:08|1010|2235|CBJ5187|105.587882996|28.002948761|10394|-129.25|143.75|0|0|10393
12:21:12|1010|2235|CBJ5187|105.582561493|28.0082702637|10394|-129.75|143.75|0|0|10393
12:21:16|1010|2235|CBJ5187|105.576725006|28.0141067505|10394|-129.25|143.75|0|0|10393
12:21:20|1010|2235|CBJ5187|105.571918488|28.0190849304|10394|-129.25|143.75|0|0|10393
12:21:24|1010|2235|CBJ5187|105.567455292|28.0235481262|10394|-129.25|143.75|0|0|10393
12:21:28|1010|2235|CBJ5187|105.56230545|28.0288696289|10394|-129.75|143.75|0|0|10393
12:21:32|1010|2235|CBJ5187|105.556812286|28.034362793|10394|-129.75|143.75|0|0|10393
12:21:36|1010|2235|CBJ5187|105.551490784|28.0396842957|10394|-129.75|143.75|0|0|10393
12:21:40|1010|2235|CBJ5187|105.546512604|28.044834137|10394|-129.25|143.75|0|0|10393
12:21:44|1010|2235|CBJ5187|105.541191101|28.0501556396|10394|-129.25|143.75|0|0|10393
12:21:48|1010|2235|CBJ5187|105.535526276|28.0558204651|10394|-129.75|143.75|0|0|10393
12:21:52|1010|2235|CBJ5187|105.530376434|28.0609703064|10394|-129.75|143.75|0|0|10393
12:21:56|1010|2235|CBJ5187|105.525226593|28.0661201477|10394|-129.75|143.25|0|0|10393
12:22:00|1010|2235|CBJ5187|105.520763397|28.0707550049|10394|-129.75|143.75|0|0|10393
12:22:04|1010|2235|CBJ5187|105.515613556|28.0760765076|10394|-129.25|143.75|0|0|10393
12:22:08|1010|2235|CBJ5187|105.510463715|28.0812263489|10394|-129.25|143.75|0|0|10393
12:22:12|1010|2235|CBJ5187|105.504627228|28.0870628357|10394|-129.25|143.75|0|0|10393
12:22:16|1010|2235|CBJ5187|105.499649048|28.0920410156|10394|-129.75|143.75|0|0|10393
12:22:20|1010|2235|CBJ5187|105.494499207|28.0973625183|10394|-129.75|143.75|0|0|10393
12:22:24|1010|2235|CBJ5187|105.489349365|28.1025123596|10394|-129.75|143.75|0|0|10393
12:22:28|1010|2235|CBJ5187|105.484199524|28.1076622009|10394|-129.75|143.75|0|0|10393
12:22:32|1010|2235|CBJ5187|105.479049683|28.1128120422|10394|-129.75|143.75|0|0|10393
12:22:36|1010|2235|CBJ5187|105.473899841|28.1179618835|10394|-129.75|143.75|0|0|10393
12:22:40|1010|2235|CBJ5187|105.467891693|28.1239700317|10394|-129.75|143.75|0|0|10393
12:22:44|1010|2235|CBJ5187|105.463428497|28.1284332275|10394|-129.75|143.75|0|0|10393
12:22:48|1010|2235|CBJ5187|105.458106995|28.1337547302|10394|-129.75|143.25|0|0|10393
12:22:52|1010|2235|CBJ5187|105.452785492|28.1392478943|10394|-130.25|143.25|0|0|10393
12:22:56|1010|2235|CBJ5187|105.447120667|28.1447410583|10394|-130.25|143.25|0|0|10393
12:23:00|1010|2235|CBJ5187|105.442142487|28.1498908997|10394|-129.75|143.75|0|0|10393
12:23:04|1010|2235|CBJ5187|105.436992645|28.1548690796|10394|-130.25|143.75|0|0|10393
12:23:08|1010|2235|CBJ5187|105.432014465|28.1598472595|10394|-130.25|143.75|0|0|10393
12:23:12|1010|2235|CBJ5187|105.426692963|28.1653404236|10394|-130.25|143.75|0|0|10393
12:23:16|1010|2235|CBJ5187|105.421199799|28.1706619263|10394|-130.75|143.25|0|0|10393
12:23:20|1010|2235|CBJ5187|105.415878296|28.1756401062|10394|-131.75|142.25|0|0|10393
12:23:24|1010|2235|CBJ5187|105.409183502|28.1811332703|10394|-138.0|135.5|0|0|10393
12:23:28|1010|2235|CBJ5187|105.403175354|28.1855964661|10394|-142.75|129.75|0|0|10393
12:23:32|1010|2235|CBJ5187|105.398712158|28.189201355|10394|-144.25|126.25|0|0|10393
12:23:36|1010|2235|CBJ5187|105.392532349|28.1940078735|10394|-145.75|124.5|0|0|10393
12:23:40|1010|2235|CBJ5187|105.386695862|28.198299408|10394|-146.25|123.0|0|0|10393
12:23:44|1010|2235|CBJ5187|105.380859375|28.2029342651|10394|-146.25|122.5|0|0|10393
12:23:48|1010|2235|CBJ5187|105.375366211|28.2072257996|10394|-144.75|122.5|0|0|10393
12:23:52|1010|2235|CBJ5187|105.368671417|28.2127189636|10394|-142.75|123.5|0|0|10393
12:23:56|1010|2235|CBJ5187|105.364551544|28.2159805298|10394|-142.25|123.0|0|0|10393
12:24:00|1010|2235|CBJ5187|105.358886719|28.220615387|10394|-141.25|123.5|0|0|10393
12:24:04|1010|2235|CBJ5187|105.353221893|28.2250785828|10394|-140.75|123.5|0|0|10393
12:24:08|1010|2235|CBJ5187|105.346698761|28.2304000854|10394|-140.75|123.5|0|0|10393
12:24:12|1010|2235|CBJ5187|105.342063904|28.2340049744|10394|-140.25|123.5|0|0|10393
12:24:16|1010|2235|CBJ5187|105.336055756|28.2388114929|10394|-140.25|123.5|0|0|10393
12:24:20|1010|2235|CBJ5187|105.33039093|28.2432746887|10394|-140.25|123.5|0|0|10393
12:24:24|1010|2235|CBJ5187|105.324897766|28.2477378845|10394|-140.25|123.5|0|0|10393
12:24:28|1010|2235|CBJ5187|105.318374634|28.2528877258|10394|-140.25|123.5|0|0|10393
12:24:32|1010|2235|CBJ5187|105.312709808|28.257522583|10394|-140.75|123.5|0|0|10393
12:24:36|1010|2235|CBJ5187|105.307044983|28.2619857788|10394|-140.75|123.5|0|0|10393
12:24:40|1010|2235|CBJ5187|105.301380157|28.2664489746|10394|-140.75|123.5|0|0|10393
12:24:44|1010|2235|CBJ5187|105.295543671|28.2710838318|10394|-140.75|123.5|0|0|10393
12:24:48|1010|2235|CBJ5187|105.289878845|28.2755470276|10394|-140.75|123.5|0|0|10393
12:24:52|1010|2235|CBJ5187|105.28421402|28.2800102234|10394|-140.75|123.5|0|0|10393
12:24:56|1010|2235|CBJ5187|105.279407501|28.2839584351|10394|-140.75|123.5|0|0|10393
12:25:00|1010|2235|CBJ5187|105.273571014|28.2884216309|10394|-140.75|123.5|0|0|10393
12:25:04|1010|2235|CBJ5187|105.267047882|28.2935714722|10394|-140.75|123.5|0|0|10393
12:25:08|1010|2235|CBJ5187|105.262584686|28.2971763611|10394|-140.75|123.5|0|0|10393
12:25:12|1010|2235|CBJ5187|105.256748199|28.3019828796|10394|-140.75|124.0|0|0|10393
12:25:16|1010|2235|CBJ5187|105.250911713|28.3064460754|10394|-140.75|124.0|0|0|10393
12:25:20|1010|2235|CBJ5187|105.244903564|28.311252594|10394|-141.25|124.0|0|0|10393
12:25:24|1010|2235|CBJ5187|105.238552094|28.3164024353|10394|-141.25|124.0|0|0|10393
12:25:28|1010|2235|CBJ5187|105.232715607|28.3210372925|10394|-141.25|124.0|0|0|10393
12:25:32|1010|2235|CBJ5187|105.227222443|28.3253288269|10394|-141.25|124.0|0|0|10393
12:25:36|1010|2235|CBJ5187|105.221385956|28.3301353455|10394|-141.25|124.0|0|0|10393
12:25:40|1010|2235|CBJ5187|105.215549469|28.3345985413|10394|-141.25|124.0|0|0|10393
12:25:44|1010|2235|CBJ5187|105.210056305|28.3390617371|10394|-141.25|124.5|0|0|10393
12:25:48|1010|2235|CBJ5187|105.204048157|28.3436965942|10394|-141.25|124.5|0|0|10393
12:25:52|1010|2235|CBJ5187|105.19821167|28.3483314514|10394|-141.75|124.5|0|0|10393
12:25:56|1010|2235|CBJ5187|105.193061829|28.3524513245|10394|-141.75|124.5|0|0|10393
12:26:00|1010|2235|CBJ5187|105.187740326|28.3565711975|10394|-141.75|124.5|0|0|10393
12:26:04|1010|2235|CBJ5187|105.181732178|28.3613777161|10394|-141.75|124.5|0|0|10393
12:26:08|1010|2235|CBJ5187|105.175209045|28.3666992188|10394|-141.75|124.5|0|0|10393
12:26:12|1010|2235|CBJ5187|105.16954422|28.3711624146|10394|-141.75|124.5|0|0|10393
12:26:16|1010|2235|CBJ5187|105.163879395|28.3756256104|10394|-141.75|124.5|0|0|10393
12:26:20|1010|2235|CBJ5187|105.157871246|28.3804321289|10394|-141.75|124.5|0|0|10393
12:26:24|1010|2235|CBJ5187|105.153408051|28.3838653564|10394|-141.75|124.5|0|0|10393
12:26:28|1010|2235|CBJ5187|105.147571564|28.3885002136|10394|-141.75|124.5|0|0|10393
12:26:32|1010|2235|CBJ5187|105.1420784|28.3931350708|10394|-141.25|125.0|0|0|10393
12:26:36|1010|2235|CBJ5187|105.135383606|28.3984565735|10394|-141.25|125.0|0|0|10393
12:26:40|1010|2235|CBJ5187|105.130577087|28.4030914307|10394|-137.5|129.75|0|0|10393
12:26:44|1010|2235|CBJ5187|105.126113892|28.408241272|10394|-127.25|139.75|0|0|10393
12:26:48|1010|2235|CBJ5187|105.120792389|28.4145927429|10394|-120.0|148.0|0|0|10393
12:26:52|1010|2235|CBJ5187|105.116500854|28.420085907|10394|-113.25|154.25|0|0|10393
12:26:56|1010|2235|CBJ5187|105.111865997|28.4260940552|10394|-109.5|160.0|0|0|10393
12:27:00|1010|2235|CBJ5187|105.107574463|28.4324455261|10394|-103.75|166.0|0|0|10393
12:27:04|1010|2235|CBJ5187|105.103626251|28.4384536743|10394|-101.25|169.75|0|0|10393
12:27:08|1010|2235|CBJ5187|105.09967804|28.4449768066|10394|-96.0|175.0|0|0|10393
12:27:12|1010|2235|CBJ5187|105.095729828|28.4523582458|10394|-90.75|180.0|0|0|10393
12:27:16|1010|2235|CBJ5187|105.092639923|28.4585380554|10394|-84.0|185.75|0|0|10393
12:27:20|1010|2235|CBJ5187|105.088348389|28.4662628174|10394|-87.75|185.75|0|0|10393
12:27:24|1010|2235|CBJ5187|105.084915161|28.4727859497|10394|-88.25|187.25|0|0|10393
12:27:28|1010|2235|CBJ5187|105.081310272|28.4799957275|10394|-85.25|190.0|0|0|10393
12:27:32|1010|2235|CBJ5187|105.077362061|28.4873771667|10394|-88.75|189.0|0|0|10393
12:27:36|1010|2235|CBJ5187|105.07358551|28.4940719604|10394|-89.75|188.5|0|0|10393
12:27:40|1010|2235|CBJ5187|105.06980896|28.5012817383|10394|-89.75|190.0|0|0|10393
12:27:44|1010|2235|CBJ5187|105.066547394|28.507976532|10394|-89.25|191.0|0|0|10393
12:27:48|1010|2235|CBJ5187|105.062942505|28.5148429871|10394|-89.25|191.0|0|0|10393
12:27:52|1010|2235|CBJ5187|105.059509277|28.5215377808|10394|-89.25|191.0|0|0|10393
12:27:56|1010|2235|CBJ5187|105.055732727|28.5285758972|10394|-89.75|191.0|0|0|10393
12:28:00|1010|2235|CBJ5187|105.051956177|28.535785675|10394|-90.25|191.0|0|0|10393
12:28:04|1010|2235|CBJ5187|105.048179626|28.5428237915|10394|-90.75|191.0|0|0|8534
12:28:08|1010|2235|CBJ5187|105.044574738|28.5500335693|10394|-90.75|191.0|0|0|8412
12:28:12|1010|2235|CBJ5187|105.04114151|28.5563850403|10394|-90.75|191.0|0|0|8412
12:28:16|1010|2235|CBJ5187|105.03736496|28.5634231567|10394|-91.25|190.5|0|0|8412
12:28:20|1010|2235|CBJ5187|105.033760071|28.5702896118|10363|-90.75|190.5|-2|0|8412
12:28:24|1010|2235|CBJ5187|105.030155182|28.5769844055|10340|-91.25|190.5|-4|0|8412
12:28:28|1010|2235|CBJ5187|105.026378632|28.5841941833|10302|-91.25|190.5|-7|0|8412
12:28:32|1010|2235|CBJ5187|105.022602081|28.5914039612|10249|-91.25|190.5|-9|0|8412
12:28:36|1010|2235|CBJ5187|105.018825531|28.5982704163|10211|-91.25|190.5|-9|0|8412
12:28:40|1010|2235|CBJ5187|105.015220642|28.6051368713|10165|-91.25|190.5|-10|0|8412
12:28:44|1010|2235|CBJ5187|105.011615753|28.611831665|10127|-91.25|190.5|-10|0|8412
12:28:48|1010|2235|CBJ5187|105.008010864|28.6188697815|10089|-91.25|190.5|-10|0|8412
12:28:52|1010|2235|CBJ5187|105.004234314|28.6259078979|10043|-91.25|190.0|-10|0|8412
12:28:56|1010|2235|CBJ5187|105.000801086|28.6324310303|10005|-91.25|190.0|-10|0|8412
12:29:00|1010|2235|CBJ5187|104.997024536|28.6394691467|9967|-91.25|190.0|-10|0|8412
12:29:04|1010|2235|CBJ5187|104.993419647|28.6463356018|9929|-91.25|190.0|-10|0|8412
12:29:08|1010|2235|CBJ5187|104.989643097|28.6532020569|9883|-91.25|190.0|-10|0|8412
12:29:12|1010|2235|CBJ5187|104.986209869|28.6597251892|9845|-91.25|190.0|-10|0|8412
12:29:16|1010|2235|CBJ5187|104.98260498|28.6665916443|9807|-91.25|190.0|-10|0|8412
12:29:20|1010|2235|CBJ5187|104.979000092|28.6731147766|9769|-91.25|190.0|-10|0|8412
12:29:24|1010|2235|CBJ5187|104.975395203|28.6803245544|9723|-91.25|190.0|-10|0|8412
12:29:28|1010|2235|CBJ5187|104.971618652|28.6871910095|9685|-91.25|190.0|-10|0|8412
12:29:32|1010|2235|CBJ5187|104.967842102|28.6944007874|9639|-91.25|190.0|-10|0|8412
12:29:36|1010|2235|CBJ5187|104.964065552|28.7014389038|9594|-90.75|189.5|-11|0|8412
12:29:40|1010|2235|CBJ5187|104.960460663|28.7083053589|9555|-90.75|189.5|-10|0|8412
12:29:44|1010|2235|CBJ5187|104.956855774|28.715171814|9517|-90.75|189.5|-10|0|8412
12:29:48|1010|2235|CBJ5187|104.953422546|28.7216949463|9472|-90.75|189.5|-10|0|8412
12:29:52|1010|2235|CBJ5187|104.949817657|28.7285614014|9434|-90.75|189.0|-10|0|8412
12:29:56|1010|2235|CBJ5187|104.946041107|28.7354278564|9395|-90.25|189.0|-10|0|8412
12:30:00|1010|2235|CBJ5187|104.94260788|28.7419509888|9357|-90.25|189.0|-10|0|8412
12:30:04|1010|2235|CBJ5187|104.939002991|28.7488174438|9312|-90.25|188.5|-10|0|8412
12:30:08|1010|2235|CBJ5187|104.935741425|28.7549972534|9266|-90.25|188.5|-10|0|8412
12:30:12|1010|2235|CBJ5187|104.932136536|28.7618637085|9228|-89.75|188.5|-10|0|8412
12:30:16|1010|2235|CBJ5187|104.928359985|28.7690734863|9190|-89.75|188.0|-10|0|8412
12:30:20|1010|2235|CBJ5187|104.924755096|28.77576828|9152|-89.75|188.0|-10|0|8412
12:30:24|1010|2235|CBJ5187|104.920978546|28.7828063965|9114|-89.75|187.5|-10|0|8412
12:30:28|1010|2235|CBJ5187|104.917373657|28.7895011902|9068|-89.75|187.25|-10|0|8412
12:30:32|1010|2235|CBJ5187|104.91394043|28.7960243225|9030|-89.75|187.25|-10|0|8412
12:30:36|1010|2235|CBJ5187|104.910335541|28.8027191162|8984|-89.75|186.75|-10|0|8412
12:30:40|1010|2235|CBJ5187|104.906387329|28.809928894|8938|-89.75|186.75|-11|0|8412
12:30:44|1010|2235|CBJ5187|104.903640747|28.8152503967|8908|-89.75|186.75|-11|0|4267
12:30:48|1010|2235|CBJ5187|104.899692535|28.8226318359|8854|-89.75|186.75|-11|0|4206
12:30:52|1010|2235|CBJ5187|104.896259308|28.8289833069|8816|-89.75|186.75|-10|0|4206
12:30:56|1010|2235|CBJ5187|104.892139435|28.8368797302|8778|-89.25|186.75|-10|0|4206
12:31:00|1010|2235|CBJ5187|104.888877869|28.8428878784|8740|-89.25|186.75|-10|0|4206
12:31:04|1010|2235|CBJ5187|104.885444641|28.8495826721|8702|-89.25|186.75|-9|0|4206
12:31:08|1010|2235|CBJ5187|104.881839752|28.8564491272|8664|-89.25|186.75|-10|0|4206
12:31:12|1010|2235|CBJ5187|104.878234863|28.8629722595|8626|-89.25|186.75|-10|0|4206
12:31:16|1010|2235|CBJ5187|104.874801636|28.8694953918|8580|-89.25|186.25|-10|0|4206
12:31:20|1010|2235|CBJ5187|104.870853424|28.8768768311|8542|-89.25|186.25|-10|0|4206
12:31:24|1010|2235|CBJ5187|104.867420197|28.8835716248|8504|-88.75|186.25|-10|0|4206
12:31:28|1010|2235|CBJ5187|104.863986969|28.8900947571|8458|-88.75|186.25|-10|0|4206
12:31:32|1010|2235|CBJ5187|104.860725403|28.8959312439|8420|-88.75|185.75|-10|0|4206
12:31:36|1010|2235|CBJ5187|104.857120514|28.9029693604|8374|-88.75|185.75|-10|0|4206
12:31:40|1010|2235|CBJ5187|104.853687286|28.9093208313|8336|-88.75|185.75|-10|0|4206
12:31:44|1010|2235|CBJ5187|104.849739075|28.9167022705|8298|-88.75|185.25|-10|0|4206
12:31:48|1010|2235|CBJ5187|104.846305847|28.9228820801|8275|-88.75|185.25|-10|0|4206
12:31:52|1010|2235|CBJ5187|104.842357635|28.9304351807|8222|-88.75|185.25|-9|0|4206
12:31:56|1010|2235|CBJ5187|104.838752747|28.9371299744|8184|-88.75|185.25|-10|0|4206
12:32:00|1010|2235|CBJ5187|104.835147858|28.9438247681|8138|-88.75|185.25|-10|0|4206
12:32:04|1010|2235|CBJ5187|104.832229614|28.9491462708|8115|-88.75|184.75|-11|0|4206
12:32:08|1010|2235|CBJ5187|104.828624725|28.9561843872|8070|-88.75|184.75|-10|0|4206
12:32:12|1010|2235|CBJ5187|104.824848175|28.9628791809|8024|-88.75|184.75|-10|0|4206
12:32:16|1010|2235|CBJ5187|104.820899963|28.9704322815|7986|-88.75|184.75|-10|0|4206
12:32:20|1010|2235|CBJ5187|104.817295074|28.9771270752|7948|-88.75|184.75|-11|0|4206
12:32:24|1010|2235|CBJ5187|104.814033508|28.9833068848|7902|-88.75|184.75|-10|0|4206
12:32:28|1010|2235|CBJ5187|104.810256958|28.9900016785|7864|-88.75|184.75|-10|0|4206
12:32:32|1010|2235|CBJ5187|104.80682373|28.9968681335|7826|-88.75|184.75|-10|0|4206
12:32:36|1010|2235|CBJ5187|104.802875519|29.00390625|7788|-89.25|184.75|-10|0|4206
12:32:40|1010|2235|CBJ5187|104.799442291|29.0104293823|7734|-89.25|185.25|-10|0|4206
12:32:44|1010|2235|CBJ5187|104.795665741|29.0172958374|7696|-89.25|185.25|-10|0|4206
12:32:48|1010|2235|CBJ5187|104.792232513|29.0236473083|7650|-89.25|185.25|-10|0|4206
12:32:52|1010|2235|CBJ5187|104.788627625|29.0303421021|7605|-89.25|185.25|-10|0|4206
12:32:56|1010|2235|CBJ5187|104.784851074|29.0370368958|7567|-89.75|185.25|-10|0|4206
12:33:00|1010|2235|CBJ5187|104.781246185|29.0439033508|7529|-89.75|185.25|-10|0|4206
12:33:04|1010|2235|CBJ5187|104.777469635|29.0511131287|7490|-89.75|185.75|-10|0|4206
12:33:08|1010|2235|CBJ5187|104.773864746|29.0579795837|7445|-89.25|186.25|-10|0|4206
12:33:12|1010|2235|CBJ5187|104.770431519|29.0645027161|7399|-89.25|186.25|-11|0|4206
12:33:16|1010|2235|CBJ5187|104.766654968|29.0713691711|7361|-89.25|186.75|-10|0|4206
12:33:20|1010|2235|CBJ5187|104.762878418|29.078578949|7330|-89.25|187.25|-10|0|4206
12:33:24|1010|2235|CBJ5187|104.759273529|29.0854454041|7292|-89.25|187.25|-10|0|4206
12:33:28|1010|2235|CBJ5187|104.75566864|29.0921401978|7254|-89.25|187.25|-10|0|4206
12:33:32|1010|2235|CBJ5187|104.752407074|29.0984916687|7216|-89.25|186.75|-10|0|4206
12:33:36|1010|2235|CBJ5187|104.748973846|29.1046714783|7178|-89.25|186.75|-10|0|4206
12:33:40|1010|2235|CBJ5187|104.745197296|29.1115379333|7140|-89.25|186.75|-10|0|4206
12:33:44|1010|2235|CBJ5187|104.741592407|29.1185760498|7094|-89.25|186.25|-10|0|4206
12:33:48|1010|2235|CBJ5187|104.73815918|29.1249275208|7056|-89.25|186.25|-10|0|4206
12:33:52|1010|2235|CBJ5187|104.734210968|29.1321372986|7018|-88.75|185.75|-10|0|4206
12:33:56|1010|2235|CBJ5187|104.730949402|29.1381454468|6972|-88.75|184.75|-10|0|4206
12:34:00|1010|2235|CBJ5187|104.727687836|29.1443252563|6934|-88.25|184.75|-10|0|4206
12:34:04|1010|2235|CBJ5187|104.723739624|29.1517066956|6888|-88.25|184.25|-10|0|4206
12:34:08|1010|2235|CBJ5187|104.720134735|29.1584014893|6850|-88.25|183.75|-10|0|4206
12:34:12|1010|2235|CBJ5187|104.717216492|29.1638946533|6805|-87.75|183.25|-10|0|4206
12:34:16|1010|2235|CBJ5187|104.71326828|29.1712760925|6774|-87.75|183.25|-11|0|4206
12:34:20|1010|2235|CBJ5187|104.709663391|29.1779708862|6728|-87.75|182.75|-11|0|4206
12:34:24|1010|2235|CBJ5187|104.706401825|29.1841506958|6690|-87.75|182.75|-11|0|4206
12:34:28|1010|2235|CBJ5187|104.702796936|29.1906738281|6645|-87.75|182.75|-11|0|4206
12:34:32|1010|2235|CBJ5187|104.699192047|29.1971969604|6607|-87.75|182.25|-10|0|4206
12:34:36|1010|2235|CBJ5187|104.69575882|29.2038917542|6561|-87.75|182.25|-10|0|4206
12:34:40|1010|2235|CBJ5187|104.692153931|29.2104148865|6523|-87.25|182.25|-10|0|4206
12:34:44|1010|2235|CBJ5187|104.688549042|29.2174530029|6485|-87.25|182.25|-10|0|4206
12:34:48|1010|2235|CBJ5187|104.684944153|29.2239761353|6454|-87.25|182.25|-9|0|4206
12:34:52|1010|2235|CBJ5187|104.681682587|29.2301559448|6416|-87.25|181.75|-9|0|4206
12:34:56|1010|2235|CBJ5187|104.678077698|29.2368507385|6393|-87.25|181.75|-8|0|4206
12:35:00|1010|2235|CBJ5187|104.67464447|29.2432022095|6370|-87.25|181.75|-7|0|4206
12:35:04|1010|2235|CBJ5187|104.671382904|29.2492103577|6347|-86.75|181.25|-6|0|4206
12:35:08|1010|2235|CBJ5187|104.668121338|29.2553901672|6332|-86.75|180.75|-5|0|4206
12:35:12|1010|2235|CBJ5187|104.664516449|29.2620849609|6317|-86.25|180.75|-5|0|4206
12:35:16|1010|2235|CBJ5187|104.661083221|29.2684364319|6294|-86.25|180.5|-5|0|4206
12:35:20|1010|2235|CBJ5187|104.657649994|29.2749595642|6279|-86.25|180.5|-5|0|4206
12:35:24|1010|2235|CBJ5187|104.654216766|29.2814826965|6256|-85.75|180.5|-5|0|4206
12:35:28|1010|2235|CBJ5187|104.650611877|29.2878341675|6233|-85.75|180.0|-5|0|4206
12:35:32|1010|2235|CBJ5187|104.647350311|29.2941856384|6210|-85.75|180.0|-5|0|4206
12:35:36|1010|2235|CBJ5187|104.643573761|29.3012237549|6187|-85.75|179.5|-5|0|4206
12:35:40|1010|2235|CBJ5187|104.639968872|29.3077468872|6165|-85.75|179.5|-5|0|4206
12:35:44|1010|2235|CBJ5187|104.636363983|29.3144416809|6142|-85.75|179.5|-5|0|4206
12:35:48|1010|2235|CBJ5187|104.632759094|29.321308136|6126|-85.75|179.5|-5|0|4206
12:35:52|1010|2235|CBJ5187|104.629497528|29.3273162842|6104|-85.75|179.5|-5|0|4206
12:35:56|1010|2235|CBJ5187|104.625892639|29.3336677551|6081|-85.75|179.5|-5|0|4206
12:36:00|1010|2235|CBJ5187|104.622459412|29.3400192261|6073|-85.75|179.5|-5|0|4206
12:36:04|1010|2235|CBJ5187|104.618854523|29.3470573425|6050|-85.75|179.5|-5|0|4206
12:36:08|1010|2235|CBJ5187|104.615077972|29.3537521362|6027|-85.75|179.5|-5|0|3566
12:36:12|1010|2235|CBJ5187|104.611644745|29.3601036072|6012|-85.75|179.5|-5|0|3596
12:36:16|1010|2235|CBJ5187|104.60855484|29.3657684326|5989|-85.75|179.0|-5|0|3596
12:36:20|1010|2235|CBJ5187|104.605121613|29.3722915649|5966|-85.75|179.0|-5|0|3596
12:36:24|1010|2235|CBJ5187|104.601345062|29.3793296814|5944|-85.75|179.5|-6|0|3596
12:36:28|1010|2235|CBJ5187|104.597911835|29.3856811523|5913|-85.75|179.0|-6|0|3596
12:36:32|1010|2235|CBJ5187|104.594478607|29.3922042847|5883|-85.75|179.0|-7|0|3596
12:36:36|1010|2235|CBJ5187|104.591560364|29.3975257874|5852|-85.75|179.0|-8|0|3596
12:36:40|1010|2235|CBJ5187|104.587440491|29.4050788879|5814|-85.75|179.0|-8|0|3596
12:36:44|1010|2235|CBJ5187|104.584007263|29.4116020203|5791|-85.75|179.0|-7|0|3596
12:36:48|1010|2235|CBJ5187|104.580917358|29.4174385071|5761|-85.25|179.0|-7|0|3596
12:36:52|1010|2235|CBJ5187|104.577312469|29.4241333008|5730|-85.25|179.0|-7|0|3596
12:36:56|1010|2235|CBJ5187|104.573707581|29.4308280945|5700|-85.75|179.0|-8|0|3596
12:37:00|1010|2235|CBJ5187|104.570102692|29.4375228882|5669|-85.25|179.0|-8|0|3596
12:37:04|1010|2235|CBJ5187|104.566669464|29.4437026978|5639|-85.75|179.0|-8|0|3596
12:37:08|1010|2235|CBJ5187|104.563064575|29.4503974915|5608|-85.75|179.0|-8|0|3596
12:37:12|1010|2235|CBJ5187|104.55997467|29.4560623169|5570|-85.75|179.0|-8|0|3596
12:37:16|1010|2235|CBJ5187|104.556026459|29.4632720947|5540|-85.75|179.0|-8|0|3596
12:37:20|1010|2235|CBJ5187|104.552593231|29.4697952271|5509|-85.75|179.0|-8|0|3596
12:37:24|1010|2235|CBJ5187|104.549160004|29.476146698|5479|-85.75|178.5|-8|0|3596
12:37:28|1010|2235|CBJ5187|104.545726776|29.4824981689|5448|-85.75|178.5|-8|0|3596
12:37:32|1010|2235|CBJ5187|104.542121887|29.4890213013|5418|-85.75|179.0|-8|0|3596
12:37:36|1010|2235|CBJ5187|104.538345337|29.4960594177|5380|-85.75|179.0|-8|0|3596
12:37:40|1010|2235|CBJ5187|104.535255432|29.5017242432|5357|-85.75|178.5|-8|0|3596
12:37:44|1010|2235|CBJ5187|104.531650543|29.5085906982|5326|-85.75|178.5|-8|0|3596
12:37:48|1010|2235|CBJ5187|104.528045654|29.5151138306|5296|-85.25|178.5|-8|0|3596
12:37:52|1010|2235|CBJ5187|104.52495575|29.520778656|5273|-85.25|178.5|-8|0|3596
12:37:56|1010|2235|CBJ5187|104.521694183|29.5269584656|5243|-85.25|178.5|-7|0|3596
12:38:00|1010|2235|CBJ5187|104.518260956|29.5333099365|5212|-85.25|178.0|-7|0|3596
12:38:04|1010|2235|CBJ5187|104.514827728|29.5396614075|5182|-85.25|178.0|-7|0|3596
12:38:08|1010|2235|CBJ5187|104.511394501|29.5460128784|5151|-85.0|178.0|-8|0|3596
12:38:12|1010|2235|CBJ5187|104.507961273|29.5523643494|5121|-85.0|177.5|-8|0|3596
12:38:16|1010|2235|CBJ5187|104.504528046|29.5587158203|5090|-85.0|177.5|-8|0|3596
12:38:20|1010|2235|CBJ5187|104.500579834|29.5657539368|5060|-85.0|177.5|-8|0|3596
12:38:24|1010|2235|CBJ5187|104.497146606|29.5722770691|5029|-85.0|177.0|-8|0|3596
12:38:28|1010|2235|CBJ5187|104.494228363|29.5777702332|4999|-85.0|177.0|-8|0|3596
12:38:32|1010|2235|CBJ5187|104.490280151|29.5848083496|4968|-85.0|176.5|-8|0|3596
12:38:36|1010|2235|CBJ5187|104.486846924|29.5911598206|4938|-85.0|176.5|-8|0|3596
12:38:40|1010|2235|CBJ5187|104.483413696|29.5973396301|4907|-85.0|176.0|-8|0|3596
12:38:44|1010|2235|CBJ5187|104.479808807|29.6040344238|4869|-85.0|175.5|-7|0|3596
12:38:48|1010|2235|CBJ5187|104.476890564|29.6095275879|4846|-84.5|175.0|-8|0|3596
12:38:52|1010|2235|CBJ5187|104.473457336|29.6157073975|4816|-84.5|174.5|-8|0|3596
12:38:56|1010|2235|CBJ5187|104.470367432|29.6212005615|4785|-83.5|173.25|-8|0|3596
12:39:00|1010|2235|CBJ5187|104.466934204|29.6275520325|4755|-82.5|170.75|-8|0|3596
12:39:04|1010|2235|CBJ5187|104.464015961|29.6333885193|4724|-81.5|169.75|-8|0|3596
12:39:08|1010|2235|CBJ5187|104.460411072|29.6399116516|4686|-81.0|169.25|-7|0|3596
12:39:12|1010|2235|CBJ5187|104.457492828|29.6454048157|4671|-80.5|168.75|-7|0|3596
12:39:16|1010|2235|CBJ5187|104.454231262|29.6512413025|4641|-80.5|168.25|-7|0|3596
12:39:20|1010|2235|CBJ5187|104.450798035|29.6577644348|4610|-80.5|168.25|-8|0|3596
12:39:24|1010|2235|CBJ5187|104.447536469|29.663772583|4572|-80.5|168.25|-8|0|3596
12:39:28|1010|2235|CBJ5187|104.443759918|29.6708106995|4542|-80.5|168.75|-8|0|3596
12:39:32|1010|2235|CBJ5187|104.440841675|29.6759605408|4511|-80.5|168.75|-8|0|3596
12:39:36|1010|2235|CBJ5187|104.437236786|29.6828269958|4473|-80.5|168.75|-8|0|3596
12:39:40|1010|2235|CBJ5187|104.434318542|29.6881484985|4450|-81.0|168.75|-8|0|3596
12:39:44|1010|2235|CBJ5187|104.430885315|29.6943283081|4420|-81.0|168.75|-8|0|3596
12:39:48|1010|2235|CBJ5187|104.427623749|29.7003364563|4389|-81.0|168.75|-8|0|3596
12:39:52|1010|2235|CBJ5187|104.423847198|29.7073745728|4359|-81.0|168.75|-8|0|3596
12:39:56|1010|2235|CBJ5187|104.420757294|29.7132110596|4328|-81.0|169.25|-8|0|3596
12:40:00|1010|2235|CBJ5187|104.417152405|29.7197341919|4298|-81.0|169.25|-8|0|3596
12:40:04|1010|2235|CBJ5187|104.4140625|29.7253990173|4267|-81.0|169.25|-8|0|3596
12:40:08|1010|2235|CBJ5187|104.410972595|29.7308921814|4237|-81.0|169.25|-8|0|3596
12:40:12|1010|2235|CBJ5187|104.407711029|29.737071991|4206|-81.0|169.25|-7|0|3596
12:40:16|1010|2235|CBJ5187|104.403762817|29.7441101074|4176|-81.0|169.25|-7|0|3596
12:40:20|1010|2235|CBJ5187|104.400501251|29.750289917|4145|-81.0|169.25|-8|0|3596
12:40:24|1010|2235|CBJ5187|104.397411346|29.7561264038|4107|-81.0|169.25|-8|0|3596
12:40:28|1010|2235|CBJ5187|104.393978119|29.7624778748|4084|-81.0|169.25|-8|0|3596
12:40:32|1010|2235|CBJ5187|104.390544891|29.7686576843|4061|-81.0|169.25|-7|0|3596
12:40:36|1010|2235|CBJ5187|104.387111664|29.7750091553|4039|-81.0|169.25|-6|0|2712
12:40:40|1010|2235|CBJ5187|104.38419342|29.7805023193|4023|-81.0|169.25|-5|0|2712
12:40:44|1010|2235|CBJ5187|104.380931854|29.7865104675|4016|-81.0|169.25|-4|0|2712
12:40:48|1010|2235|CBJ5187|104.377498627|29.7926902771|4008|-81.0|168.75|-3|0|2712
12:40:52|1010|2235|CBJ5187|104.374065399|29.799041748|3993|-80.5|168.75|-3|0|2712
12:40:56|1010|2235|CBJ5187|104.370975494|29.8045349121|3978|-80.5|167.75|-4|0|2712
12:41:00|1010|2235|CBJ5187|104.36788559|29.8105430603|3962|-79.5|166.5|-4|0|2712
12:41:04|1010|2235|CBJ5187|104.365139008|29.8151779175|3955|-77.25|160.5|-3|0|2712
12:41:08|1010|2235|CBJ5187|104.362220764|29.8208427429|3940|-75.75|158.25|-3|0|2712
12:41:12|1010|2235|CBJ5187|104.359130859|29.8265075684|3924|-75.75|157.75|-3|0|2712
12:41:16|1010|2235|CBJ5187|104.356040955|29.8320007324|3917|-75.25|156.75|-3|0|2712
12:41:20|1010|2235|CBJ5187|104.352779388|29.8378372192|3901|-74.75|155.75|-3|0|2712
12:41:24|1010|2235|CBJ5187|104.350032806|29.8429870605|3894|-73.75|153.75|-3|0|2712
12:41:28|1010|2235|CBJ5187|104.346942902|29.8484802246|3879|-73.75|153.25|-3|0|2712
12:41:32|1010|2235|CBJ5187|104.344024658|29.8539733887|3871|-73.75|153.0|-3|0|2712
12:41:36|1010|2235|CBJ5187|104.341106415|29.85912323|3856|-72.75|151.5|-3|0|2712
12:41:40|1010|2235|CBJ5187|104.338359833|29.864616394|3848|-71.75|151.0|-3|0|2712
12:41:44|1010|2235|CBJ5187|104.335269928|29.8702812195|3840|-71.5|149.5|-3|0|2712
12:41:48|1010|2235|CBJ5187|104.332866669|29.8745727539|3825|-71.0|148.5|-2|0|2712
12:41:52|1010|2235|CBJ5187|104.329776764|29.8802375793|3818|-70.5|147.0|-3|0|2712
12:41:56|1010|2235|CBJ5187|104.327030182|29.8853874207|3802|-70.0|145.25|-3|0|2712
12:42:00|1010|2235|CBJ5187|104.324111938|29.890537262|3787|-69.5|144.75|-4|0|2712
12:42:04|1010|2235|CBJ5187|104.321365356|29.8955154419|3764|-69.5|144.25|-5|0|2712
12:42:08|1010|2235|CBJ5187|104.318618774|29.9006652832|3734|-69.0|143.25|-5|0|2712
12:42:12|1010|2235|CBJ5187|104.315700531|29.9059867859|3711|-68.5|142.75|-6|0|2712
12:42:16|1010|2235|CBJ5187|104.312782288|29.9111366272|3680|-68.5|142.25|-6|0|2712
12:42:20|1010|2235|CBJ5187|104.31055069|29.9152565002|3658|-68.5|142.25|-6|0|2712
12:42:24|1010|2235|CBJ5187|104.307289124|29.9209213257|3627|-68.5|141.75|-7|0|2712
12:42:28|1010|2235|CBJ5187|104.304027557|29.9257278442|3597|-70.5|140.75|-7|0|2712
12:42:32|1010|2235|CBJ5187|104.30059433|29.9305343628|3574|-75.25|138.0|-7|0|2712
12:42:36|1010|2235|CBJ5187|104.293727875|29.9329376221|3551|-121.0|98.5|-6|0|2712
12:42:40|1010|2235|CBJ5187|104.288406372|29.9358558655|3612|-133.0|80.0|-6|0|2712
12:42:44|1010|2235|CBJ5187|104.282741547|29.9389457703|3597|-138.0|71.0|-5|0|2712
12:42:48|1010|2235|CBJ5187|104.277248383|29.9413490295|3574|-141.75|63.75|-5|0|2712
12:42:52|1010|2235|CBJ5187|104.27192688|29.9442672729|3551|-139.0|68.5|-6|0|2712
12:42:56|1010|2235|CBJ5187|104.266090393|29.9471855164|3520|-138.0|68.5|-6|0|2712
12:43:00|1010|2235|CBJ5187|104.261798859|29.949760437|3498|-134.0|74.75|-7|0|2712
12:43:04|1010|2235|CBJ5187|104.255619049|29.9526786804|3459|-135.5|71.75|-8|0|2712
12:43:08|1010|2235|CBJ5187|104.250297546|29.9555969238|3414|-134.5|73.25|-9|0|2712
12:43:12|1010|2235|CBJ5187|104.245319366|29.9580001831|3376|-133.5|74.75|-9|0|2712
12:43:16|1010|2235|CBJ5187|104.239139557|29.9610900879|3338|-134.0|74.75|-10|0|2712
12:43:20|1010|2235|CBJ5187|104.23330307|29.9640083313|3299|-134.0|75.25|-9|0|2712
12:43:24|1010|2235|CBJ5187|104.228668213|29.9662399292|3269|-133.5|75.25|-8|0|2712
12:43:28|1010|2235|CBJ5187|104.222316742|29.9695014954|3246|-133.5|75.25|-7|0|2712
12:43:32|1010|2235|CBJ5187|104.216995239|29.972076416|3223|-133.5|75.25|-6|0|2712
12:43:36|1010|2235|CBJ5187|104.211158752|29.9749946594|3200|-133.5|75.25|-6|0|2712
12:43:40|1010|2235|CBJ5187|104.205665588|29.9777412415|3178|-133.5|75.75|-6|0|2712
12:43:44|1010|2235|CBJ5187|104.201202393|29.9799728394|3155|-133.5|75.75|-6|0|2712
12:43:48|1010|2235|CBJ5187|104.195537567|29.9828910828|3132|-133.5|76.25|-6|0|2712
12:43:52|1010|2235|CBJ5187|104.189872742|29.9856376648|3109|-133.5|76.25|-6|0|2712
12:43:56|1010|2235|CBJ5187|104.184551239|29.9883842468|3086|-133.5|76.25|-6|0|2712
12:44:00|1010|2235|CBJ5187|104.179058075|29.9911308289|3071|-133.5|76.25|-6|0|2712
12:44:04|1010|2235|CBJ5187|104.173736572|29.9938774109|3048|-133.5|76.25|-5|0|2712
12:44:08|1010|2235|CBJ5187|104.167728424|29.9967956543|3025|-133.5|76.25|-5|0|2712
12:44:12|1010|2235|CBJ5187|104.16223526|29.9995422363|3002|-133.0|76.25|-6|0|2712
12:44:16|1010|2235|CBJ5187|104.156398773|30.0024604797|2972|-133.0|76.25|-6|0|2712
12:44:20|1010|2235|CBJ5187|104.150562286|30.0053787231|2941|-133.0|76.25|-6|0|2712
12:44:24|1010|2235|CBJ5187|104.145240784|30.0081253052|2926|-133.0|76.25|-6|0|2712
12:44:28|1010|2235|CBJ5187|104.140434265|30.0105285645|2896|-133.0|76.25|-6|0|2712
12:44:32|1010|2235|CBJ5187|104.13476944|30.0132751465|2888|-133.0|76.25|-5|0|2712
12:44:36|1010|2235|CBJ5187|104.128932953|30.0161933899|2880|-132.75|76.25|-4|0|2712
12:44:40|1010|2235|CBJ5187|104.12361145|30.0189399719|2880|-132.75|76.25|-2|0|2712
12:44:44|1010|2235|CBJ5187|104.117774963|30.0218582153|2873|-132.75|75.75|-2|0|2712
12:44:48|1010|2235|CBJ5187|104.112968445|30.0242614746|2865|-132.75|75.75|-2|0|2712
12:44:52|1010|2235|CBJ5187|104.107475281|30.0270080566|2858|-132.75|75.75|-2|0|2712
12:44:56|1010|2235|CBJ5187|104.101810455|30.0297546387|2850|-132.25|75.75|-2|0|2712
12:45:00|1010|2235|CBJ5187|104.096488953|30.0323295593|2850|-131.75|75.25|0|0|2712
12:45:04|1010|2235|CBJ5187|104.09116745|30.0350761414|2842|-131.25|74.75|-2|0|2712
12:45:08|1010|2235|CBJ5187|104.086017609|30.0374794006|2827|-130.25|73.75|-2|0|2712
12:45:12|1010|2235|CBJ5187|104.081039429|30.0400543213|2819|-128.25|72.75|-2|0|2712
12:45:16|1010|2235|CBJ5187|104.076404572|30.0424575806|2812|-125.0|71.5|-2|0|2712
12:45:20|1010|2235|CBJ5187|104.072113037|30.0446891785|2804|-122.5|70.5|-2|0|2712
12:45:24|1010|2235|CBJ5187|104.067821503|30.0469207764|2789|-120.0|69.0|-2|0|2712
12:45:28|1010|2235|CBJ5187|104.062671661|30.0498390198|2781|-118.75|69.0|-2|0|2712
12:45:32|1010|2235|CBJ5187|104.057865143|30.0522422791|2774|-118.25|68.5|-2|0|2712
12:45:36|1010|2235|CBJ5187|104.053230286|30.0548171997|2758|-116.75|68.5|-3|0|2712
12:45:40|1010|2235|CBJ5187|104.049797058|30.0584220886|2743|-99.25|90.25|-3|0|2712
12:45:44|1010|2235|CBJ5187|104.046363831|30.0625419617|2728|-82.5|104.75|-4|0|2712
12:45:48|1010|2235|CBJ5187|104.04378891|30.0666618347|2720|-64.25|115.75|-3|0|2712
12:45:52|1010|2235|CBJ5187|104.041900635|30.0709533691|2720|-46.75|123.5|-2|0|2712
12:45:56|1010|2235|CBJ5187|104.040527344|30.0755882263|2713|-30.5|128.25|-2|0|2712
12:46:00|1010|2235|CBJ5187|104.039669037|30.0802230835|2713|-15.5|130.25|0|0|2712
12:46:04|1010|2235|CBJ5187|104.039669037|30.0852012634|2713|-1.5|130.75|0|0|2712
12:46:08|1010|2235|CBJ5187|104.040184021|30.0888061523|2713|14.5|128.75|0|0|2712
12:46:12|1010|2235|CBJ5187|104.041728973|30.094127655|2713|29.0|124.5|0|0|2712
12:46:16|1010|2235|CBJ5187|104.043273926|30.0980758667|2713|44.0|118.25|0|0|2712
12:46:20|1010|2235|CBJ5187|104.04499054|30.101852417|2713|49.75|113.75|0|0|2712
12:46:24|1010|2235|CBJ5187|104.046707153|30.10597229|2713|48.25|113.25|0|0|2712
12:46:28|1010|2235|CBJ5187|104.048423767|30.1100921631|2713|44.25|114.25|0|0|2712
12:46:32|1010|2235|CBJ5187|104.050312042|30.1142120361|2713|44.75|113.25|0|0|2712
12:46:36|1010|2235|CBJ5187|104.051856995|30.1179885864|2713|44.0|113.25|0|0|2712
12:46:40|1010|2235|CBJ5187|104.05374527|30.1222801208|2713|44.25|113.25|0|0|2712
12:46:44|1010|2235|CBJ5187|104.055633545|30.1260566711|2713|44.25|113.25|0|0|2712
12:46:48|1010|2235|CBJ5187|104.057350159|30.1301765442|2713|44.25|113.25|0|0|2712
12:46:52|1010|2235|CBJ5187|104.059410095|30.1342964172|2713|44.25|112.75|0|0|2712
12:46:56|1010|2235|CBJ5187|104.061126709|30.1382446289|2713|44.75|112.75|0|0|2712
12:47:00|1010|2235|CBJ5187|104.063014984|30.1421928406|2713|44.75|112.75|0|0|2712
12:47:04|1010|2235|CBJ5187|104.065246582|30.1468276978|2713|44.75|112.75|0|0|2712
12:47:08|1010|2235|CBJ5187|104.066791534|30.1502609253|2713|44.75|112.75|0|0|2712
12:47:12|1010|2235|CBJ5187|104.068851471|30.1545524597|2713|45.25|112.75|0|0|2712
12:47:16|1010|2235|CBJ5187|104.070739746|30.1585006714|2713|45.25|112.75|0|0|2712
12:47:20|1010|2235|CBJ5187|104.072628021|30.1626205444|2713|45.25|112.75|0|0|2407
12:47:24|1010|2235|CBJ5187|104.074859619|30.1672554016|2713|45.25|112.75|0|0|2407
12:47:28|1010|2235|CBJ5187|104.076404572|30.1705169678|2713|45.25|112.75|0|0|2407
12:47:32|1010|2235|CBJ5187|104.078464508|30.1753234863|2713|45.25|112.25|0|0|2407
12:47:36|1010|2235|CBJ5187|104.080181122|30.1787567139|2697|45.25|112.25|-2|0|2407
12:47:40|1010|2235|CBJ5187|104.082069397|30.1827049255|2675|45.25|112.25|-3|0|2407
12:47:44|1010|2235|CBJ5187|104.083957672|30.1868247986|2644|45.25|112.25|-4|0|2407
12:47:48|1010|2235|CBJ5187|104.085845947|30.1909446716|2621|45.25|112.25|-5|0|2407
12:47:52|1010|2235|CBJ5187|104.087734222|30.1950645447|2598|45.25|112.25|-5|0|2407
12:47:56|1010|2235|CBJ5187|104.089794159|30.1990127563|2576|45.25|112.25|-5|0|2407
12:48:00|1010|2235|CBJ5187|104.091510773|30.202960968|2560|45.25|112.25|-5|0|2407
12:48:04|1010|2235|CBJ5187|104.093399048|30.2070808411|2545|45.25|112.0|-5|0|2407
12:48:08|1010|2235|CBJ5187|104.095287323|30.2112007141|2522|45.25|112.0|-5|0|2407
12:48:12|1010|2235|CBJ5187|104.097175598|30.2151489258|2507|45.25|112.0|-5|0|2103
12:48:16|1010|2235|CBJ5187|104.099063873|30.2192687988|2484|45.25|112.0|-5|0|2103
12:48:20|1010|2235|CBJ5187|104.100952148|30.2230453491|2461|45.25|112.0|-5|0|2103
12:48:24|1010|2235|CBJ5187|104.102840424|30.2271652222|2446|45.25|112.0|-5|0|2103
12:48:28|1010|2235|CBJ5187|104.104557037|30.2311134338|2423|44.75|112.0|-5|0|2103
12:48:32|1010|2235|CBJ5187|104.105758667|30.2352333069|2400|37.25|114.25|-5|0|2103
12:48:36|1010|2235|CBJ5187|104.105243683|30.2405548096|2377|6.75|118.75|-5|0|2103
12:48:40|1010|2235|CBJ5187|104.104213715|30.2450180054|2362|-16.0|118.25|-5|0|2103
12:48:44|1010|2235|CBJ5187|104.102840424|30.2482795715|2339|-39.0|113.25|-5|0|2103
12:48:48|1010|2235|CBJ5187|104.100437164|30.2522277832|2316|-58.75|105.5|-5|0|2103
12:48:52|1010|2235|CBJ5187|104.097690582|30.2554893494|2301|-74.25|96.0|-5|0|2103
12:48:56|1010|2235|CBJ5187|104.093227386|30.259437561|2278|-88.75|85.0|-5|0|2103
12:49:00|1010|2235|CBJ5187|104.089794159|30.2614974976|2271|-101.25|71.5|-4|0|2103
12:49:04|1010|2235|CBJ5187|104.084300995|30.2640724182|2256|-110.0|57.5|-4|0|2103
12:49:08|1010|2235|CBJ5187|104.080696106|30.2654457092|2240|-113.75|49.75|-4|0|2103
12:49:12|1010|2235|CBJ5187|104.076061249|30.2673339844|2225|-114.25|44.75|-4|0|2103
12:49:16|1010|2235|CBJ5187|104.070396423|30.2693939209|2210|-113.75|44.25|-4|0|2103
12:49:20|1010|2235|CBJ5187|104.065933228|30.2709388733|2202|-112.75|45.25|-3|0|2103
12:49:24|1010|2235|CBJ5187|104.06129837|30.2726554871|2187|-112.25|44.25|-3|0|2103
12:49:28|1010|2235|CBJ5187|104.056491852|30.2742004395|2179|-112.0|44.0|-3|0|2103
12:49:32|1010|2235|CBJ5187|104.052886963|30.2754020691|2172|-112.0|44.0|-2|0|2103
12:49:36|1010|2235|CBJ5187|104.048080444|30.2769470215|2156|-111.5|43.5|-3|0|2103
12:49:40|1010|2235|CBJ5187|104.043445587|30.2784919739|2141|-111.0|43.0|-3|0|2103
12:49:44|1010|2235|CBJ5187|104.03881073|30.2798652649|2126|-111.0|42.0|-3|0|2103
12:49:48|1010|2235|CBJ5187|104.034347534|30.2810668945|2111|-111.5|38.5|-3|0|2103
12:49:52|1010|2235|CBJ5187|104.029541016|30.2814102173|2103|-114.25|20.75|-3|0|2103
12:49:56|1010|2235|CBJ5187|104.024734497|30.2819252014|2096|-114.25|14.5|-3|0|2103
12:50:00|1010|2235|CBJ5187|104.02009964|30.2824401855|2096|-112.75|14.5|-2|0|2103
12:50:04|1010|2235|CBJ5187|104.015636444|30.2831268311|2096|-111.5|14.0|-1|0|2103
12:50:08|1010|2235|CBJ5187|104.01134491|30.2836418152|2103|-110.5|14.5|0|0|2103
12:50:12|1010|2235|CBJ5187|104.006881714|30.2841567993|2103|-109.0|14.5|0|0|2103
12:50:16|1010|2235|CBJ5187|104.002590179|30.2846717834|2103|-108.0|14.5|0|0|2103
12:50:20|1010|2235|CBJ5187|103.998126984|30.2851867676|2103|-106.5|14.5|0|0|2103
12:50:24|1010|2235|CBJ5187|103.993835449|30.2857017517|2103|-106.0|14.0|0|0|2103
12:50:28|1010|2235|CBJ5187|103.989543915|30.2862167358|2103|-105.5|14.5|0|0|2103
12:50:32|1010|2235|CBJ5187|103.986282349|30.28673172|2103|-104.25|14.0|0|0|2103
12:50:36|1010|2235|CBJ5187|103.98147583|30.2872467041|2103|-103.25|14.0|0|0|2103
12:50:40|1010|2235|CBJ5187|103.977355957|30.2877616882|2103|-101.75|14.0|0|0|2103
12:50:44|1010|2235|CBJ5187|103.974609375|30.288105011|2103|-99.25|14.0|0|0|2103
12:50:48|1010|2235|CBJ5187|103.970832825|30.2886199951|2103|-98.0|13.5|0|0|1798
12:50:52|1010|2235|CBJ5187|103.967227936|30.2889633179|2103|-96.5|13.0|0|0|1188
12:50:56|1010|2235|CBJ5187|103.963108063|30.289478302|2103|-96.0|13.0|0|0|1188
12:51:00|1010|2235|CBJ5187|103.95898819|30.2898216248|2103|-96.0|13.0|0|0|1188
12:51:04|1010|2235|CBJ5187|103.955039978|30.2903366089|2088|-96.0|12.5|0|0|1188
12:51:08|1010|2235|CBJ5187|103.950920105|30.2906799316|2057|-96.0|12.5|-4|0|1188
12:51:12|1010|2235|CBJ5187|103.947143555|30.2911949158|2042|-96.0|12.5|-4|0|1188
12:51:15|1010|2235|CBJ5187|103.943023682|30.2915382385|2019|-96.0|12.5|-5|0|1188
12:51:20|1010|2235|CBJ5187|103.93907547|30.2920532227|1996|-96.0|12.0|-5|0|1188
12:51:23|1010|2235|CBJ5187|103.935127258|30.2923965454|1974|-96.0|12.0|-5|0|1188
12:51:28|1010|2235|CBJ5187|103.931007385|30.2929115295|1958|-96.0|12.0|-5|0|1188
12:51:32|1010|2235|CBJ5187|103.927059174|30.2932548523|1943|-96.0|12.0|-4|0|1188
12:51:36|1010|2235|CBJ5187|103.922939301|30.2937698364|1928|-96.0|11.5|-4|0|1188
12:51:40|1010|2235|CBJ5187|103.918819427|30.2941131592|1913|-95.5|11.5|-4|0|1188
12:51:44|1010|2235|CBJ5187|103.914699554|30.2944564819|1897|-95.5|11.5|-4|0|1188
12:51:47|1010|2235|CBJ5187|103.910751343|30.2947998047|1890|-95.5|11.5|-3|0|1188
12:51:52|1010|2235|CBJ5187|103.906803131|30.2953147888|1875|-95.5|11.0|-3|0|1188
12:51:55|1010|2235|CBJ5187|103.903884888|30.2954864502|1867|-95.0|11.0|-4|0|1188
12:52:00|1010|2235|CBJ5187|103.899593353|30.2960014343|1844|-94.5|11.0|-4|0|1188
12:52:04|1010|2235|CBJ5187|103.895301819|30.2963447571|1821|-94.5|11.0|-5|0|1188
12:52:08|1010|2235|CBJ5187|103.891353607|30.2966880798|1791|-94.0|10.5|-6|0|1188
12:52:12|1010|2235|CBJ5187|103.887577057|30.297203064|1737|-94.0|11.0|-7|0|1188
12:52:16|1010|2235|CBJ5187|103.883972168|30.2978897095|1715|-92.5|15.0|-7|0|1188
12:52:19|1010|2235|CBJ5187|103.881912231|30.3006362915|1699|-77.25|50.25|-7|0|1188
12:52:24|1010|2235|CBJ5187|103.879165649|30.3038978577|1676|-58.25|71.75|-6|0|1188
12:52:27|1010|2235|CBJ5187|103.877105713|30.3068161011|1661|-43.5|82.5|-6|0|1188
12:52:32|1010|2235|CBJ5187|103.875732422|30.3099060059|1631|-33.25|86.75|-5|0|1188
12:52:36|1010|2235|CBJ5187|103.874530792|30.313167572|1623|-21.75|92.0|-5|0|1188
12:52:40|1010|2235|CBJ5187|103.874015808|30.3169441223|1608|-13.5|94.0|-4|0|1188
12:52:44|1010|2235|CBJ5187|103.872642517|30.3202056885|1600|-18.25|93.5|-3|0|1188
12:52:48|1010|2235|CBJ5187|103.87178421|30.3229522705|1585|-19.75|93.0|-3|0|1188
12:52:52|1010|2235|CBJ5187|103.870754242|30.3267288208|1577|-21.25|92.5|-3|0|1188
12:52:56|1010|2235|CBJ5187|103.870067596|30.3294754028|1562|-20.75|92.5|-3|0|1188
12:53:00|1010|2235|CBJ5187|103.869037628|30.3334236145|1554|-20.25|91.75|-3|0|1188
12:53:04|1010|2235|CBJ5187|103.868350983|30.3365135193|1539|-20.25|91.75|-3|0|1188
12:53:08|1010|2235|CBJ5187|103.867492676|30.3397750854|1532|-19.75|91.25|-3|0|1188
12:53:12|1010|2235|CBJ5187|103.86680603|30.3423500061|1524|-19.75|90.75|-3|0|1188
12:53:16|1010|2235|CBJ5187|103.865947723|30.345954895|1509|-19.75|90.25|-3|0|1188
12:53:20|1010|2235|CBJ5187|103.865261078|30.3492164612|1494|-19.25|89.75|-3|0|1188
12:53:24|1010|2235|CBJ5187|103.864574432|30.3517913818|1486|-19.25|89.25|-3|0|1188
12:53:28|1010|2235|CBJ5187|103.863887787|30.3548812866|1478|-18.75|88.75|-3|0|1188
12:53:32|1010|2235|CBJ5187|103.863372803|30.3579711914|1463|-17.25|88.75|-3|0|1188
12:53:36|1010|2235|CBJ5187|103.864574432|30.3608894348|1455|9.75|86.25|-3|0|1188
12:53:40|1010|2235|CBJ5187|103.865776062|30.3639793396|1440|24.0|83.5|-3|0|1188
12:53:44|1010|2235|CBJ5187|103.866977692|30.366897583|1425|31.25|81.0|-3|0|1188
12:53:48|1010|2235|CBJ5187|103.868179321|30.3699874878|1417|32.75|80.5|-3|0|1188
12:53:52|1010|2235|CBJ5187|103.86920929|30.3729057312|1402|31.25|81.5|-3|0|1188
12:53:56|1010|2235|CBJ5187|103.870410919|30.375995636|1387|30.75|82.0|-3|0|1188
12:54:00|1010|2235|CBJ5187|103.87178421|30.3790855408|1387|30.5|82.5|-2|0|1188
12:54:04|1010|2235|CBJ5187|103.87298584|30.3820037842|1372|30.75|82.5|-3|0|1188
12:54:08|1010|2235|CBJ5187|103.874359131|30.3849220276|1356|30.75|82.5|-3|0|1188
12:54:12|1010|2235|CBJ5187|103.875904083|30.3885269165|1341|31.25|82.5|-3|0|1188
12:54:16|1010|2235|CBJ5187|103.876934052|30.3909301758|1334|31.25|82.5|-3|0|1493
12:54:20|1010|2235|CBJ5187|103.878307343|30.3938484192|1318|31.25|82.5|-4|0|1493
12:54:24|1010|2235|CBJ5187|103.879680634|30.396938324|1295|31.25|82.5|-4|0|1493
12:54:28|1010|2235|CBJ5187|103.881225586|30.4003715515|1280|31.75|82.5|-4|0|1493
12:54:32|1010|2235|CBJ5187|103.882427216|30.4027748108|1265|31.75|82.5|-4|0|1493
12:54:35|1010|2235|CBJ5187|103.883800507|30.4056930542|1242|31.75|82.5|-5|0|1493
12:54:40|1010|2235|CBJ5187|103.885173798|30.4089546204|1219|32.25|82.5|-5|0|1493
12:54:44|1010|2235|CBJ5187|103.886547089|30.4120445251|1204|32.25|82.5|-5|0|1493
12:54:48|1010|2235|CBJ5187|103.88792038|30.4146194458|1181|32.25|82.5|-5|0|1493
12:54:52|1010|2235|CBJ5187|103.889293671|30.4177093506|1158|32.75|82.0|-5|0|1493
12:54:56|1010|2235|CBJ5187|103.890838623|30.4209709167|1143|32.75|82.0|-5|0|1493
12:55:00|1010|2235|CBJ5187|103.892211914|30.4240608215|1128|32.75|82.0|-4|0|1493
12:55:03|1010|2235|CBJ5187|103.893413544|30.4264640808|1105|32.75|82.0|-5|0|1493
12:55:08|1010|2235|CBJ5187|103.894958496|30.429725647|1090|32.75|82.0|-4|0|1493
12:55:12|1010|2235|CBJ5187|103.896331787|30.4326438904|1074|32.75|82.0|-4|0|1493
12:55:16|1010|2235|CBJ5187|103.897705078|30.4357337952|1059|32.75|82.0|-4|0|1493
12:55:20|1010|2235|CBJ5187|103.899078369|30.4384803772|1044|32.75|82.0|-4|0|1493
12:55:24|1010|2235|CBJ5187|103.90045166|30.441570282|1021|32.75|81.5|-4|0|1493
12:55:28|1010|2235|CBJ5187|103.90165329|30.4439735413|1006|32.75|81.5|-5|0|1493
12:55:32|1010|2235|CBJ5187|103.903026581|30.4472351074|983|32.75|81.0|-5|0|1493
12:55:36|1010|2235|CBJ5187|103.904399872|30.4499816895|968|32.75|80.5|-5|0|1493
12:55:40|1010|2235|CBJ5187|103.905601501|30.4527282715|953|32.75|80.5|-4|0|1493
12:55:43|1010|2235|CBJ5187|103.906974792|30.4554748535|930|32.25|80.0|-5|0|1493
12:55:48|1010|2235|CBJ5187|103.908176422|30.4580497742|914|31.25|77.25|-5|0|1493
12:55:52|1010|2235|CBJ5187|103.90920639|30.4599380493|899|30.0|73.75|-4|0|1493
12:55:56|1010|2235|CBJ5187|103.91040802|30.4626846313|876|29.5|71.75|-4|0|1493
12:56:00|1010|2235|CBJ5187|103.911437988|30.4649162292|869|28.5|70.5|-4|0|1493
12:56:04|1010|2235|CBJ5187|103.912467957|30.4673194885|853|28.5|70.0|-4|0|1493
12:56:08|1010|2235|CBJ5187|103.913669586|30.4698944092|838|28.0|69.5|-4|0|1493
12:56:12|1010|2235|CBJ5187|103.914871216|30.4724693298|823|28.0|69.5|-4|0|1493
12:56:16|1010|2235|CBJ5187|103.915901184|30.4748725891|808|28.0|69.0|-4|0|1493
12:56:20|1010|2235|CBJ5187|103.916931152|30.477104187|792|28.0|69.0|-4|0|1493
12:56:24|1010|2235|CBJ5187|103.918304443|30.4800224304|777|28.0|69.5|-4|0|1493
12:56:28|1010|2235|CBJ5187|103.919506073|30.4824256897|754|28.0|69.5|-4|0|1493
12:56:32|1010|2235|CBJ5187|103.920707703|30.4850006104|739|28.0|69.5|-4|0|1493
12:56:36|1010|2235|CBJ5187|103.921737671|30.4872322083|724|28.0|69.5|-4|0|1493
12:56:40|1010|2235|CBJ5187|103.922767639|30.4896354675|716|28.0|70.0|-4|0|1493
12:56:44|1010|2235|CBJ5187|103.923969269|30.4922103882|701|28.0|70.0|-4|0|1493
12:56:48|1010|2235|CBJ5187|103.925170898|30.4949569702|686|28.0|70.0|-4|0|1493
12:56:52|1010|2235|CBJ5187|103.926544189|30.4975318909|671|28.0|70.0|-4|0|1493
12:56:56|1010|2235|CBJ5187|103.927574158|30.4997634888|655|28.0|70.0|-4|0|1493
12:57:00|1010|2235|CBJ5187|103.928775787|30.5025100708|640|28.0|70.0|-4|0|1493
12:57:04|1010|2235|CBJ5187|103.929977417|30.5049133301|625|28.0|70.0|-3|0|1493
12:57:08|1010|2235|CBJ5187|103.931179047|30.5076599121|610|28.0|70.0|-4|0|1493
12:57:12|1010|2235|CBJ5187|103.932209015|30.5100631714|587|28.0|70.0|-4|0|1493
12:57:15|1010|2235|CBJ5187|103.933410645|30.5124664307|579|28.0|70.0|-4|0|1493
12:57:20|1010|2235|CBJ5187|103.934612274|30.5148696899|564|28.5|70.0|-4|0|1493
12:57:24|1010|2235|CBJ5187|103.935813904|30.517616272|541|28.5|70.0|-4|0|1493
12:57:28|1010|2235|CBJ5187|103.937187195|30.5201911926|533|28.5|70.0|-4|0|1493
12:57:32|1010|2235|CBJ5187|103.938217163|30.5225944519|511|28.0|69.5|-4|0|1493
12:57:36|1010|2235|CBJ5187|103.939247131|30.5248260498|503|28.0|69.5|-4|0|0
12:57:40|1010|2235|CBJ5187|103.940448761|30.5274009705|495|28.0|69.5|-3|0|0
12:57:44|1010|2235|CBJ5187|103.941650391|30.5299758911|495|28.0|69.5|-2|0|0
12:57:47|1010|2235|CBJ5187|103.94285202|30.5325508118|488|28.0|69.0|-2|0|0
12:57:52|1010|2235|CBJ5187|103.943881989|30.5347824097|480|27.5|68.0|-2|0|0
12:57:56|1010|2235|CBJ5187|103.944911957|30.5371856689|480|27.5|68.0|-2|0|0
12:58:00|1010|2235|CBJ5187|103.946113586|30.5395889282|480|27.5|68.0|-2|0|0
