04:00:04|2645|846|CBJ5188|107.888832092|25.5207252502|11308|180.0|-184.75|0|0|11308
04:00:08|2645|846|CBJ5188|107.895183563|25.5135154724|11308|173.25|-188.5|0|0|11308
04:00:12|2645|846|CBJ5188|107.900333405|25.5066490173|11308|157.25|-197.25|0|0|11308
04:00:16|2645|846|CBJ5188|107.905654907|25.4990959167|11308|144.75|-206.0|0|0|11308
04:00:20|2645|846|CBJ5188|107.911148071|25.4917144775|11308|146.25|-204.0|0|0|11308
04:00:24|2645|846|CBJ5188|107.916469574|25.4843330383|11308|143.25|-205.0|0|0|11308
04:00:28|2645|846|CBJ5188|107.921447754|25.4769515991|11308|139.5|-206.5|0|0|11308
04:00:32|2645|846|CBJ5188|107.926769257|25.468711853|11308|136.0|-208.75|0|0|11308
04:00:36|2645|846|CBJ5188|107.931575775|25.4620170593|11308|139.0|-205.5|0|0|11308
04:00:40|2645|846|CBJ5188|107.936897278|25.4556655884|11308|142.75|-198.75|0|0|11308
04:00:44|2645|846|CBJ5188|107.941875458|25.447769165|11308|137.5|-203.0|0|0|11308
04:00:48|2645|846|CBJ5188|107.947711945|25.44090271|11308|142.25|-199.75|0|0|11308
04:00:52|2645|846|CBJ5188|107.954063416|25.4333496094|11308|145.75|-195.75|0|0|11308
04:00:56|2645|846|CBJ5188|107.957668304|25.4271697998|11308|139.75|-198.75|0|0|11308
04:01:00|2645|846|CBJ5188|107.955436707|25.4166984558|11308|26.0|-238.75|0|0|11308
04:01:04|2645|846|CBJ5188|107.959384918|25.4096603394|11308|52.5|-229.0|0|0|11308
04:01:08|2645|846|CBJ5188|107.959384918|25.4021072388|11308|26.0|-233.0|0|0|11308
04:01:12|2645|846|CBJ5188|107.960758209|25.3923225403|11308|25.0|-233.0|0|0|11308
04:01:16|2645|846|CBJ5188|107.965736389|25.3840827942|11308|57.5|-228.5|0|0|11308
04:01:20|2645|846|CBJ5188|107.967967987|25.3763580322|11308|59.75|-228.0|0|0|11308
04:01:24|2645|846|CBJ5188|107.970199585|25.3682899475|11308|62.25|-227.25|0|0|11917
04:01:28|2645|846|CBJ5188|107.972431183|25.35987854|11308|62.75|-227.25|0|0|11917
04:01:32|2645|846|CBJ5188|107.974491119|25.3516387939|11308|61.25|-227.75|0|0|11917
04:01:36|2645|846|CBJ5188|107.976379395|25.3435707092|11308|60.25|-227.75|0|0|11917
04:01:40|2645|846|CBJ5188|107.97826767|25.3351593018|11346|58.25|-227.75|3|0|11917
04:01:44|2645|846|CBJ5188|107.979984283|25.3281211853|11377|58.0|-225.25|5|0|11917
04:01:48|2645|846|CBJ5188|107.981700897|25.3205680847|11407|57.0|-222.75|6|0|11917
04:01:52|2645|846|CBJ5188|107.984104156|25.3149032593|11438|57.5|-211.75|7|0|11917
04:01:56|2645|846|CBJ5188|107.985992432|25.3073501587|11468|55.0|-204.0|7|0|11917
04:02:00|2645|846|CBJ5188|107.985477448|25.3009986877|11506|37.25|-205.5|8|0|11917
04:02:04|2645|846|CBJ5188|107.9870224|25.2925872803|11537|40.0|-205.0|8|0|11917
04:02:08|2645|846|CBJ5188|107.985477448|25.28383255|11567|17.0|-212.75|7|0|11917
04:02:12|2645|846|CBJ5188|107.985649109|25.276966095|11575|16.0|-209.75|7|0|11917
04:02:16|2645|846|CBJ5188|107.986679077|25.2688980103|11605|20.25|-209.75|6|0|11917
04:02:20|2645|846|CBJ5188|107.987880707|25.2606582642|11628|25.5|-213.25|6|0|11917
04:02:24|2645|846|CBJ5188|107.988910675|25.2522468567|11659|27.0|-216.0|6|0|11917
04:02:28|2645|846|CBJ5188|107.989425659|25.2436637878|11681|24.5|-218.0|6|0|11917
04:02:32|2645|846|CBJ5188|107.990283966|25.2354240417|11697|25.5|-219.0|6|0|11917
04:02:36|2645|846|CBJ5188|107.990970612|25.2276992798|11720|26.0|-220.5|6|0|11917
04:02:40|2645|846|CBJ5188|107.991828918|25.2196311951|11742|27.0|-220.0|6|0|11917
04:02:44|2645|846|CBJ5188|107.992858887|25.2117347717|11765|28.0|-219.5|6|0|11917
04:02:48|2645|846|CBJ5188|107.993717194|25.2040100098|11788|29.0|-219.0|6|0|11917
04:02:52|2645|846|CBJ5188|107.994747162|25.1962852478|11834|30.0|-217.5|6|0|11917
04:02:56|2645|846|CBJ5188|107.99577713|25.1887321472|11849|30.5|-217.0|6|0|11917
04:03:00|2645|846|CBJ5188|107.996807098|25.1808357239|11872|30.75|-215.0|6|0|11917
04:03:04|2645|846|CBJ5188|107.997665405|25.173625946|11895|30.75|-214.25|6|0|11917
04:03:08|2645|846|CBJ5188|107.998523712|25.1665878296|11910|30.75|-212.75|5|0|11917
04:03:12|2645|846|CBJ5188|107.99955368|25.1595497131|11918|30.75|-207.0|4|0|11917
04:03:16|2645|846|CBJ5188|108.000411987|25.1531982422|11925|30.75|-200.25|2|0|11917
04:03:20|2645|846|CBJ5188|108.001441956|25.1451301575|11918|30.75|-202.5|0|0|11917
04:03:24|2645|846|CBJ5188|108.002471924|25.1389503479|11918|30.5|-196.75|0|0|11917
04:03:28|2645|846|CBJ5188|108.003673553|25.1317405701|11918|31.75|-201.5|0|0|11917
04:03:32|2645|846|CBJ5188|108.004875183|25.1233291626|11918|32.25|-204.0|0|0|11917
04:03:36|2645|846|CBJ5188|108.005905151|25.1152610779|11918|32.75|-208.25|0|0|11917
04:03:40|2645|846|CBJ5188|108.00693512|25.1070213318|11918|33.25|-212.25|0|0|11917
04:03:44|2645|846|CBJ5188|108.007965088|25.0991249084|11918|33.25|-213.75|0|0|11917
04:03:48|2645|846|CBJ5188|108.008995056|25.0912284851|11918|33.25|-214.25|0|0|11917
04:03:52|2645|846|CBJ5188|108.009853363|25.0845336914|11918|33.75|-215.0|0|0|11917
04:03:56|2645|846|CBJ5188|108.011054993|25.0754356384|11918|33.25|-216.5|0|0|11917
04:04:00|2645|846|CBJ5188|108.012084961|25.0673675537|11918|33.25|-217.5|0|0|11917
04:04:04|2645|846|CBJ5188|108.012943268|25.0603294373|11918|33.75|-218.5|0|0|11917
04:04:08|2645|846|CBJ5188|108.013973236|25.0520896912|11918|34.25|-222.75|0|0|11917
04:04:12|2645|846|CBJ5188|108.015003204|25.0433349609|11918|33.25|-221.75|0|0|11917
04:04:16|2645|846|CBJ5188|108.01568985|25.035610199|11918|32.75|-221.0|0|0|11917
04:04:20|2645|846|CBJ5188|108.016719818|25.0266838074|11918|32.25|-220.0|0|0|11917
04:04:24|2645|846|CBJ5188|108.017578125|25.0203323364|11918|32.25|-218.5|0|0|11917
04:04:28|2645|846|CBJ5188|108.018608093|25.0124359131|11918|32.25|-217.0|0|0|11917
04:04:32|2645|846|CBJ5188|108.019981384|25.004196167|11918|32.75|-216.0|0|0|11917
04:04:36|2645|846|CBJ5188|108.021011353|24.996471405|11918|33.25|-215.0|0|0|11917
04:04:40|2645|846|CBJ5188|108.022212982|24.9889183044|11918|33.75|-214.5|0|0|11917
04:04:44|2645|846|CBJ5188|108.022899628|24.9811935425|11918|32.25|-214.25|0|0|11917
04:04:48|2645|846|CBJ5188|108.023757935|24.9732971191|11918|31.75|-215.0|0|0|11917
04:04:52|2645|846|CBJ5188|108.024787903|24.9654006958|11918|31.75|-215.5|0|0|11917
04:04:56|2645|846|CBJ5188|108.02564621|24.9583625793|11918|32.25|-216.0|0|0|11917
04:05:00|2645|846|CBJ5188|108.027019501|24.9501228333|11918|32.75|-214.5|0|0|11917
04:05:04|2645|846|CBJ5188|108.028049469|24.9423980713|11918|33.25|-214.25|0|0|11917
04:05:08|2645|846|CBJ5188|108.029079437|24.9348449707|11918|32.75|-213.75|0|0|11917
04:05:12|2645|846|CBJ5188|108.029937744|24.9271202087|11918|32.25|-213.75|0|0|11917
04:05:16|2645|846|CBJ5188|108.030796051|24.9193954468|11918|32.25|-213.75|0|0|11917
04:05:20|2645|846|CBJ5188|108.031654358|24.9116706848|11918|31.75|-213.25|0|0|11917
04:05:24|2645|846|CBJ5188|108.032684326|24.9041175842|11918|32.25|-213.25|0|0|11917
04:05:28|2645|846|CBJ5188|108.033714294|24.8965644836|11918|32.25|-212.75|0|0|11917
04:05:32|2645|846|CBJ5188|108.034744263|24.8890113831|11918|32.25|-212.75|0|0|11917
04:05:36|2645|846|CBJ5188|108.035945892|24.8812866211|11918|32.75|-212.25|0|0|11917
04:05:40|2645|846|CBJ5188|108.036975861|24.8735618591|11918|32.75|-212.25|0|0|11917
04:05:44|2645|846|CBJ5188|108.037662506|24.8663520813|11918|32.25|-212.75|0|0|11917
04:05:48|2645|846|CBJ5188|108.038692474|24.8581123352|11918|31.75|-212.75|0|0|11917
04:05:52|2645|846|CBJ5188|108.039550781|24.8505592346|11918|31.75|-212.75|0|0|11917
04:05:56|2645|846|CBJ5188|108.04058075|24.8428344727|11918|31.75|-212.75|0|0|11917
04:06:00|2645|846|CBJ5188|108.041439056|24.8351097107|11918|31.25|-212.75|0|0|11917
04:06:04|2645|846|CBJ5188|108.042297363|24.8277282715|11918|31.25|-212.75|0|0|11917
04:06:08|2645|846|CBJ5188|108.04315567|24.8201751709|11918|30.75|-212.75|0|0|11917
04:06:12|2645|846|CBJ5188|108.044013977|24.8122787476|11918|30.75|-212.75|0|0|11917
04:06:16|2645|846|CBJ5188|108.044872284|24.8043823242|11918|30.5|-212.75|0|0|11917
04:06:20|2645|846|CBJ5188|108.045730591|24.797000885|11918|30.5|-213.25|0|0|11917
04:06:24|2645|846|CBJ5188|108.046588898|24.7891044617|11918|30.5|-213.25|0|0|11917
04:06:28|2645|846|CBJ5188|108.047447205|24.7815513611|11918|30.5|-213.25|0|0|11917
04:06:32|2645|846|CBJ5188|108.048477173|24.773311615|11918|30.0|-213.25|0|0|11917
04:06:36|2645|846|CBJ5188|108.049163818|24.7659301758|11918|29.5|-213.75|0|0|11917
04:06:40|2645|846|CBJ5188|108.050365448|24.7576904297|11918|30.5|-213.75|0|0|11917
04:06:44|2645|846|CBJ5188|108.051738739|24.7501373291|11918|32.25|-214.25|0|0|11917
04:06:48|2645|846|CBJ5188|108.052940369|24.7420692444|11918|32.25|-213.75|0|0|11917
04:06:52|2645|846|CBJ5188|108.054141998|24.734172821|11918|33.25|-214.25|0|0|11917
04:06:56|2645|846|CBJ5188|108.055343628|24.7264480591|11918|33.75|-214.25|0|0|11917
04:07:00|2645|846|CBJ5188|108.056201935|24.719581604|11918|32.75|-214.5|0|0|11917
04:07:04|2645|846|CBJ5188|108.057231903|24.7106552124|11918|32.75|-214.5|0|0|11917
04:07:08|2645|846|CBJ5188|108.05809021|24.7036170959|11918|32.75|-214.5|0|0|11917
04:07:12|2645|846|CBJ5188|108.058948517|24.695892334|11918|31.75|-214.25|0|0|11917
04:07:16|2645|846|CBJ5188|108.059635162|24.6886825562|11918|31.25|-213.75|0|0|11917
04:07:20|2645|846|CBJ5188|108.060493469|24.6811294556|11918|31.25|-213.25|0|0|11917
04:07:24|2645|846|CBJ5188|108.061523438|24.6734046936|11918|31.25|-212.75|0|0|11917
04:07:28|2645|846|CBJ5188|108.062381744|24.665851593|11918|31.75|-212.75|0|0|11917
04:07:32|2645|846|CBJ5188|108.062896729|24.6581268311|11918|30.0|-212.75|0|0|11917
04:07:36|2645|846|CBJ5188|108.063926697|24.6500587463|11918|30.5|-212.25|0|0|11917
04:07:40|2645|846|CBJ5188|108.064785004|24.6425056458|11918|30.5|-212.25|0|0|11917
04:07:44|2645|846|CBJ5188|108.065471649|24.6352958679|11918|30.0|-212.25|0|0|11917
04:07:48|2645|846|CBJ5188|108.066501617|24.627571106|11918|30.0|-212.75|0|0|11917
04:07:52|2645|846|CBJ5188|108.067359924|24.6195030212|11918|30.0|-212.75|0|0|11917
04:07:56|2645|846|CBJ5188|108.068218231|24.6119499207|11918|29.5|-212.75|0|0|11917
04:08:00|2645|846|CBJ5188|108.069248199|24.6042251587|11918|30.5|-212.75|0|0|11917
04:08:04|2645|846|CBJ5188|108.070278168|24.5963287354|11918|30.5|-213.25|0|0|11917
04:08:08|2645|846|CBJ5188|108.071136475|24.5882606506|11918|30.5|-212.75|0|0|11917
04:08:12|2645|846|CBJ5188|108.072166443|24.5805358887|11918|30.5|-212.75|0|0|11917
04:08:16|2645|846|CBJ5188|108.07302475|24.5733261108|11918|30.5|-213.25|0|0|11917
04:08:20|2645|846|CBJ5188|108.073883057|24.5656013489|11918|30.5|-213.25|0|0|11917
04:08:24|2645|846|CBJ5188|108.074913025|24.5573616028|11918|30.5|-213.25|0|0|11917
04:08:28|2645|846|CBJ5188|108.075942993|24.5496368408|11918|30.75|-213.25|0|0|11917
04:08:32|2645|846|CBJ5188|108.076972961|24.5419120789|11918|31.25|-213.25|0|0|11917
04:08:36|2645|846|CBJ5188|108.07800293|24.5359039307|11918|31.75|-213.25|0|0|11917
04:08:40|2645|846|CBJ5188|108.079204559|24.5264625549|11918|31.75|-213.75|0|0|11917
04:08:44|2645|846|CBJ5188|108.079891205|24.5190811157|11918|31.25|-213.75|0|0|11917
04:08:48|2645|846|CBJ5188|108.080749512|24.5113563538|11918|30.75|-213.75|0|0|11917
04:08:52|2645|846|CBJ5188|108.081607819|24.5036315918|11918|30.75|-213.75|0|0|11917
04:08:56|2645|846|CBJ5188|108.082466125|24.4957351685|11918|30.0|-214.25|0|0|11917
04:09:00|2645|846|CBJ5188|108.083324432|24.4880104065|11918|30.0|-214.25|0|0|11917
04:09:04|2645|846|CBJ5188|108.084182739|24.4799423218|11918|30.0|-214.5|0|0|11917
04:09:08|2645|846|CBJ5188|108.085041046|24.4720458984|11918|30.0|-214.5|0|0|11917
04:09:12|2645|846|CBJ5188|108.085899353|24.4641494751|11918|30.0|-214.5|0|0|11917
04:09:16|2645|846|CBJ5188|108.08675766|24.4564247131|11918|30.0|-214.5|0|0|11917
04:09:20|2645|846|CBJ5188|108.087615967|24.4490432739|11918|29.5|-214.5|0|0|11917
04:09:24|2645|846|CBJ5188|108.088474274|24.4409751892|11918|29.5|-214.5|0|0|11917
04:09:28|2645|846|CBJ5188|108.089332581|24.4332504272|11918|29.5|-214.5|0|0|11917
04:09:32|2645|846|CBJ5188|108.090190887|24.425868988|11918|29.5|-215.0|0|0|11917
04:09:36|2645|846|CBJ5188|108.091220856|24.4178009033|11918|30.0|-215.0|0|0|11917
04:09:40|2645|846|CBJ5188|108.092250824|24.40990448|11918|30.5|-215.0|0|0|11917
04:09:44|2645|846|CBJ5188|108.093280792|24.4020080566|11918|30.5|-215.0|0|0|11917
04:09:48|2645|846|CBJ5188|108.094139099|24.3946266174|11918|30.75|-215.0|0|0|11917
04:09:52|2645|846|CBJ5188|108.095169067|24.3877601624|11918|31.25|-215.0|0|0|11917
04:09:56|2645|846|CBJ5188|108.096370697|24.3779754639|11918|31.25|-215.0|0|0|11917
04:10:00|2645|846|CBJ5188|108.097229004|24.3714523315|11918|31.25|-215.0|0|0|11917
04:10:04|2645|846|CBJ5188|108.097915649|24.3637275696|11918|30.5|-215.0|0|0|11917
04:10:08|2645|846|CBJ5188|108.098602295|24.3560028076|11918|29.5|-215.0|0|0|11917
04:10:12|2645|846|CBJ5188|108.099117279|24.3489646912|11918|29.0|-215.5|0|0|11917
04:10:16|2645|846|CBJ5188|108.099975586|24.3393516541|11918|27.5|-216.0|0|0|11917
04:10:20|2645|846|CBJ5188|108.099460602|24.3328285217|11918|20.25|-215.5|0|0|11917
04:10:24|2645|846|CBJ5188|108.099632263|24.3240737915|11918|18.25|-215.5|0|0|11917
04:10:28|2645|846|CBJ5188|108.09928894|24.3180656433|11918|13.5|-215.5|0|0|11917
04:10:32|2645|846|CBJ5188|108.098945618|24.3082809448|11918|9.25|-215.5|0|0|11917
04:10:36|2645|846|CBJ5188|108.097915649|24.3007278442|11918|1.0|-215.0|0|0|11917
04:10:40|2645|846|CBJ5188|108.096199036|24.2938613892|11918|-10.5|-212.75|0|0|11917
04:10:44|2645|846|CBJ5188|108.094482422|24.2863082886|11918|-18.25|-210.75|0|0|11917
04:10:48|2645|846|CBJ5188|108.092422485|24.2792701721|11918|-30.75|-207.75|0|0|11917
04:10:52|2645|846|CBJ5188|108.091220856|24.2717170715|11918|-26.5|-207.5|0|0|11917
04:10:56|2645|846|CBJ5188|108.089504242|24.2646789551|11918|-30.0|-206.0|0|0|11917
04:11:00|2645|846|CBJ5188|108.08795929|24.2595291138|11918|-35.75|-203.0|0|0|11917
04:11:04|2645|846|CBJ5188|108.085384369|24.2511177063|11918|-40.5|-202.0|0|0|11917
04:11:08|2645|846|CBJ5188|108.082809448|24.2439079285|11918|-47.25|-200.25|0|0|11917
04:11:12|2645|846|CBJ5188|108.080406189|24.2372131348|11918|-51.0|-198.75|0|0|11917
04:11:16|2645|846|CBJ5188|108.078346252|24.2317199707|11918|-48.75|-198.25|0|0|11917
04:11:20|2645|846|CBJ5188|108.075428009|24.2238235474|11918|-51.5|-197.75|0|0|11917
04:11:24|2645|846|CBJ5188|108.072166443|24.2169570923|11918|-57.5|-194.25|0|0|11917
04:11:28|2645|846|CBJ5188|108.069248199|24.21043396|11918|-60.25|-192.5|0|0|11917
04:11:32|2645|846|CBJ5188|108.066329956|24.204082489|11918|-62.25|-191.0|0|0|11917
04:11:36|2645|846|CBJ5188|108.063240051|24.1979026794|11918|-65.0|-190.0|0|0|11917
04:11:40|2645|846|CBJ5188|108.060665131|24.1905212402|11918|-63.25|-191.0|0|0|11917
04:11:44|2645|846|CBJ5188|108.057746887|24.183139801|11918|-62.75|-191.5|0|0|11917
04:11:48|2645|846|CBJ5188|108.055515289|24.1781616211|11918|-63.75|-191.0|0|0|11917
04:11:52|2645|846|CBJ5188|108.051395416|24.1700935364|11918|-66.5|-189.5|0|0|11917
04:11:56|2645|846|CBJ5188|108.04813385|24.1633987427|11918|-68.0|-189.0|0|0|11917
04:12:00|2645|846|CBJ5188|108.045902252|24.1584205627|11918|-69.0|-188.5|0|0|11917
04:12:04|2645|846|CBJ5188|108.042812347|24.151725769|11918|-69.5|-188.5|0|0|11917
04:12:08|2645|846|CBJ5188|108.038864136|24.1434860229|11918|-70.0|-188.5|0|0|11917
04:12:12|2645|846|CBJ5188|108.035774231|24.1367912292|11918|-70.5|-188.5|0|0|11917
04:12:16|2645|846|CBJ5188|108.033370972|24.1316413879|11918|-71.0|-188.5|0|0|11917
04:12:20|2645|846|CBJ5188|108.029594421|24.1232299805|11918|-71.5|-189.0|0|0|11917
04:12:24|2645|846|CBJ5188|108.026504517|24.1163635254|11918|-71.5|-189.0|0|0|11917
04:12:28|2645|846|CBJ5188|108.023414612|24.1096687317|11918|-71.5|-189.0|0|0|11917
04:12:32|2645|846|CBJ5188|108.021183014|24.1045188904|11918|-71.5|-189.5|0|0|11917
04:12:36|2645|846|CBJ5188|108.017578125|24.0964508057|11918|-71.5|-189.5|0|0|11917
04:12:40|2645|846|CBJ5188|108.01448822|24.0895843506|11918|-71.0|-190.0|0|0|11917
04:12:44|2645|846|CBJ5188|108.012256622|24.0840911865|11918|-71.0|-190.0|0|0|11917
04:12:48|2645|846|CBJ5188|108.008651733|24.0755081177|11918|-70.0|-190.5|0|0|11917
04:12:52|2645|846|CBJ5188|108.005905151|24.0689849854|11918|-69.5|-191.0|0|0|11917
04:12:56|2645|846|CBJ5188|108.002986908|24.0621185303|11918|-69.5|-191.5|0|0|11917
04:13:00|2645|846|CBJ5188|108.000240326|24.0550804138|11918|-69.0|-191.5|0|0|11917
04:13:04|2645|846|CBJ5188|107.997322083|24.0482139587|11918|-68.5|-192.0|0|0|11917
04:13:08|2645|846|CBJ5188|107.995090485|24.0427207947|11918|-68.0|-192.0|0|0|11917
04:13:12|2645|846|CBJ5188|107.991657257|24.0344810486|11918|-68.0|-192.0|0|0|11917
04:13:16|2645|846|CBJ5188|107.988739014|24.0276145935|11918|-68.0|-192.5|0|0|11917
04:13:20|2645|846|CBJ5188|107.986507416|24.0219497681|11918|-67.5|-192.5|0|0|11917
04:13:24|2645|846|CBJ5188|107.983760834|24.015083313|11918|-67.5|-192.5|0|0|11917
04:13:28|2645|846|CBJ5188|107.980327606|24.0070152283|11918|-67.5|-193.0|0|0|11917
04:13:32|2645|846|CBJ5188|107.977409363|23.9999771118|11918|-67.5|-193.0|0|0|11917
04:13:36|2645|846|CBJ5188|107.974491119|23.9932823181|11918|-67.5|-192.5|0|0|11917
04:13:40|2645|846|CBJ5188|107.971572876|23.986415863|11918|-67.5|-192.5|0|0|11917
04:13:44|2645|846|CBJ5188|107.968654633|23.9797210693|11918|-67.5|-192.5|0|0|11917
04:13:48|2645|846|CBJ5188|107.965736389|23.9728546143|11918|-67.5|-192.5|0|0|11917
04:13:52|2645|846|CBJ5188|107.962818146|23.9659881592|11918|-68.0|-192.5|0|0|11917
04:13:56|2645|846|CBJ5188|107.960586548|23.9604949951|11918|-68.0|-192.5|0|0|11917
04:14:00|2645|846|CBJ5188|107.956981659|23.952255249|11918|-68.0|-192.5|0|0|11917
04:14:04|2645|846|CBJ5188|107.954235077|23.9455604553|11918|-68.0|-192.5|0|0|11917
04:14:08|2645|846|CBJ5188|107.951145172|23.9386940002|11918|-68.0|-192.5|0|0|11917
04:14:12|2645|846|CBJ5188|107.94839859|23.9318275452|11918|-68.0|-192.5|0|0|11917
04:14:16|2645|846|CBJ5188|107.945480347|23.9249610901|11918|-68.0|-192.5|0|0|11917
04:14:20|2645|846|CBJ5188|107.942562103|23.918094635|11918|-68.0|-192.0|0|0|11917
04:14:24|2645|846|CBJ5188|107.93964386|23.9113998413|11918|-68.0|-192.0|0|0|11917
04:14:28|2645|846|CBJ5188|107.936725616|23.9045333862|11918|-68.0|-192.0|0|0|11917
04:14:32|2645|846|CBJ5188|107.933807373|23.8978385925|11918|-68.5|-192.0|0|0|11917
04:14:36|2645|846|CBJ5188|107.93088913|23.8911437988|11918|-68.5|-192.0|0|0|11917
04:14:40|2645|846|CBJ5188|107.927970886|23.883934021|11918|-68.0|-192.0|0|0|11917
04:14:44|2645|846|CBJ5188|107.925739288|23.8787841797|11918|-68.0|-192.0|0|0|11917
04:14:48|2645|846|CBJ5188|107.922306061|23.870716095|11918|-68.0|-192.0|0|0|11917
04:14:52|2645|846|CBJ5188|107.919216156|23.8636779785|11918|-68.0|-192.0|0|0|11917
04:14:56|2645|846|CBJ5188|107.916297913|23.8568115234|11918|-68.0|-192.0|0|0|11917
04:15:00|2645|846|CBJ5188|107.913379669|23.8499450684|11918|-68.0|-192.0|0|0|11917
04:15:04|2645|846|CBJ5188|107.910461426|23.8430786133|11918|-68.5|-192.0|0|0|11917
04:15:08|2645|846|CBJ5188|107.907714844|23.836555481|11918|-68.5|-192.0|0|0|11917
04:15:12|2645|846|CBJ5188|107.9047966|23.8296890259|11918|-68.5|-192.0|0|0|11917
04:15:16|2645|846|CBJ5188|107.901878357|23.8228225708|11918|-68.5|-192.0|0|0|11917
04:15:20|2645|846|CBJ5188|107.898960114|23.8159561157|11918|-68.5|-192.0|0|0|11917
04:15:24|2645|846|CBJ5188|107.895870209|23.8085746765|11918|-68.0|-192.5|0|0|11917
04:15:28|2645|846|CBJ5188|107.893810272|23.8034248352|11918|-68.0|-192.5|0|0|11917
04:15:32|2645|846|CBJ5188|107.890377045|23.7953567505|11918|-68.0|-192.5|0|0|11917
04:15:36|2645|846|CBJ5188|107.887458801|23.7884902954|11918|-68.0|-192.5|0|0|11917
04:15:40|2645|846|CBJ5188|107.884540558|23.7816238403|11918|-68.0|-192.5|0|0|11917
04:15:44|2645|846|CBJ5188|107.881965637|23.7756156921|11918|-68.0|-192.5|0|0|11917
04:15:48|2645|846|CBJ5188|107.879390717|23.7689208984|11918|-67.5|-192.5|0|0|11917
04:15:52|2645|846|CBJ5188|107.876644135|23.7625694275|11918|-67.5|-192.0|0|0|11917
04:15:56|2645|846|CBJ5188|107.873382568|23.7546730042|11918|-67.5|-192.0|0|0|11917
04:16:00|2645|846|CBJ5188|107.870121002|23.7471199036|11918|-67.5|-192.5|0|0|11917
04:16:04|2645|846|CBJ5188|107.867889404|23.7419700623|11918|-68.0|-192.0|0|0|11917
04:16:08|2645|846|CBJ5188|107.864284515|23.7333869934|11918|-68.0|-192.0|0|0|11917
04:16:12|2645|846|CBJ5188|107.861366272|23.7266921997|11918|-68.0|-192.0|0|0|11917
04:16:16|2645|846|CBJ5188|107.859134674|23.7215423584|11918|-68.0|-192.0|0|0|11917
04:16:20|2645|846|CBJ5188|107.855529785|23.7129592896|11918|-68.5|-192.5|0|0|11917
04:16:24|2645|846|CBJ5188|107.853126526|23.7069511414|11918|-68.0|-192.5|0|0|11917
04:16:28|2645|846|CBJ5188|107.850208282|23.7000846863|11918|-67.5|-192.5|0|0|11917
04:16:32|2645|846|CBJ5188|107.8474617|23.6937332153|11918|-68.0|-192.5|0|0|11917
04:16:36|2645|846|CBJ5188|107.844543457|23.6870384216|11918|-68.0|-192.0|0|0|11917
04:16:40|2645|846|CBJ5188|107.841453552|23.679485321|11918|-68.0|-192.5|0|0|11917
04:16:44|2645|846|CBJ5188|107.83870697|23.672618866|11918|-67.5|-192.5|0|0|11917
04:16:48|2645|846|CBJ5188|107.835960388|23.6657524109|11918|-67.0|-192.5|0|0|11917
04:16:52|2645|846|CBJ5188|107.833213806|23.6595726013|11918|-68.0|-192.5|0|0|11917
04:16:56|2645|846|CBJ5188|107.82995224|23.6518478394|11918|-68.0|-192.5|0|0|11917
04:17:00|2645|846|CBJ5188|107.826690674|23.6444664001|11918|-68.5|-192.5|0|0|11917
04:17:04|2645|846|CBJ5188|107.824115753|23.6381149292|11918|-68.0|-192.5|0|0|11917
04:17:08|2645|846|CBJ5188|107.821540833|23.6322784424|11918|-68.5|-192.5|0|0|11917
04:17:12|2645|846|CBJ5188|107.818279266|23.624382019|11918|-68.0|-193.0|0|0|11917
04:17:16|2645|846|CBJ5188|107.815532684|23.617515564|11918|-67.5|-193.0|0|0|11917
04:17:20|2645|846|CBJ5188|107.81244278|23.6103057861|11918|-67.5|-192.5|0|0|11917
04:17:24|2645|846|CBJ5188|107.809867859|23.6037826538|11918|-67.5|-193.0|0|0|11917
04:17:28|2645|846|CBJ5188|107.807121277|23.5969161987|11918|-67.0|-193.0|0|0|11917
04:17:32|2645|846|CBJ5188|107.804374695|23.5900497437|11918|-66.5|-193.0|0|0|11917
04:17:36|2645|846|CBJ5188|107.801456451|23.5828399658|11918|-66.5|-192.5|0|0|11917
04:17:40|2645|846|CBJ5188|107.798881531|23.5764884949|11918|-66.5|-193.0|0|0|11917
04:17:44|2645|846|CBJ5188|107.795963287|23.569278717|11918|-66.5|-192.5|0|0|11917
04:17:48|2645|846|CBJ5188|107.793045044|23.562412262|11918|-66.5|-192.5|0|0|11917
04:17:52|2645|846|CBJ5188|107.790298462|23.5555458069|11918|-66.5|-192.5|0|0|11917
04:17:56|2645|846|CBJ5188|107.787380219|23.5486793518|11918|-67.0|-192.5|0|0|11917
04:18:00|2645|846|CBJ5188|107.784461975|23.5430145264|11918|-68.5|-192.5|0|0|11917
04:18:04|2645|846|CBJ5188|107.781028748|23.5359764099|11918|-69.5|-193.0|0|0|11917
04:18:08|2645|846|CBJ5188|107.777938843|23.5291099548|11918|-70.0|-193.5|0|0|11917
04:18:12|2645|846|CBJ5188|107.774505615|23.5210418701|11918|-69.5|-193.5|0|0|11917
04:18:16|2645|846|CBJ5188|107.771587372|23.514175415|11918|-69.5|-193.5|0|0|11917
04:18:20|2645|846|CBJ5188|107.768669128|23.5071372986|11918|-69.0|-193.5|0|0|11917
04:18:24|2645|846|CBJ5188|107.765922546|23.5002708435|11918|-69.0|-193.5|0|0|11917
04:18:28|2645|846|CBJ5188|107.763004303|23.4934043884|11918|-69.0|-193.5|0|0|11917
04:18:32|2645|846|CBJ5188|107.76008606|23.4865379333|11918|-68.5|-193.5|0|0|11917
04:18:36|2645|846|CBJ5188|107.757167816|23.4798431396|11918|-69.5|-194.0|0|0|11917
04:18:40|2645|846|CBJ5188|107.754077911|23.4724617004|11918|-69.0|-194.0|0|0|11917
04:18:44|2645|846|CBJ5188|107.751846313|23.4671401978|11918|-69.0|-193.5|0|0|11917
04:18:48|2645|846|CBJ5188|107.748413086|23.4589004517|11918|-68.5|-193.5|0|0|11917
04:18:52|2645|846|CBJ5188|107.745666504|23.4520339966|11918|-68.5|-193.5|0|0|11917
04:18:56|2645|846|CBJ5188|107.742404938|23.4449958801|11918|-69.0|-193.5|0|0|11917
04:19:00|2645|846|CBJ5188|107.739830017|23.4393310547|11918|-69.5|-193.5|0|0|11917
04:19:04|2645|846|CBJ5188|107.736911774|23.432636261|11918|-70.0|-193.5|0|0|11917
04:19:08|2645|846|CBJ5188|107.733821869|23.4255981445|11918|-70.5|-193.5|0|0|11917
04:19:12|2645|846|CBJ5188|107.73021698|23.4175300598|11918|-70.5|-193.5|0|0|11917
04:19:16|2645|846|CBJ5188|107.727813721|23.4118652344|11918|-70.0|-193.5|0|0|11917
04:19:20|2645|846|CBJ5188|107.724895477|23.4046554565|11918|-70.0|-193.5|0|0|11917
04:19:24|2645|846|CBJ5188|107.721977234|23.3977890015|11918|-69.5|-193.5|0|0|11917
04:19:28|2645|846|CBJ5188|107.719230652|23.3910942078|11918|-69.5|-193.0|0|0|11917
04:19:32|2645|846|CBJ5188|107.71648407|23.3843994141|11918|-69.0|-193.0|0|0|11917
04:19:36|2645|846|CBJ5188|107.713565826|23.3773612976|11918|-69.0|-193.0|0|0|11917
04:19:40|2645|846|CBJ5188|107.710647583|23.3708381653|11918|-69.5|-193.0|0|0|11917
04:19:44|2645|846|CBJ5188|107.707557678|23.3639717102|11918|-69.5|-193.0|0|0|11917
04:19:48|2645|846|CBJ5188|107.704639435|23.356590271|11918|-69.5|-193.5|0|0|11917
04:19:52|2645|846|CBJ5188|107.701721191|23.3498954773|11918|-69.0|-193.5|0|0|11917
04:19:56|2645|846|CBJ5188|107.698802948|23.3428573608|11918|-69.0|-193.5|0|0|11917
04:20:00|2645|846|CBJ5188|107.696056366|23.3365058899|11918|-69.5|-193.5|0|0|11917
04:20:04|2645|846|CBJ5188|107.692966461|23.3291244507|11918|-69.5|-193.5|0|0|11917
04:20:08|2645|846|CBJ5188|107.689876556|23.3222579956|11918|-69.5|-193.5|0|0|11917
04:20:12|2645|846|CBJ5188|107.687129974|23.3157348633|11918|-69.5|-193.5|0|0|11917
04:20:16|2645|846|CBJ5188|107.684211731|23.3088684082|11918|-69.5|-193.5|0|0|11917
04:20:20|2645|846|CBJ5188|107.681121826|23.301486969|11918|-69.5|-193.5|0|0|11917
04:20:24|2645|846|CBJ5188|107.678203583|23.2946205139|11918|-69.5|-193.5|0|0|11917
04:20:28|2645|846|CBJ5188|107.675457001|23.2880973816|11918|-69.5|-193.5|0|0|11917
04:20:32|2645|846|CBJ5188|107.672367096|23.2812309265|11918|-70.0|-194.0|0|0|11917
04:20:36|2645|846|CBJ5188|107.669448853|23.2741928101|11918|-70.0|-194.0|0|0|11917
04:20:40|2645|846|CBJ5188|107.666358948|23.2668113708|11918|-69.5|-194.0|0|0|11917
04:20:44|2645|846|CBJ5188|107.663440704|23.2601165771|11918|-69.5|-194.0|0|0|11917
04:20:48|2645|846|CBJ5188|107.660694122|23.2534217834|11918|-69.5|-194.0|0|0|11917
04:20:52|2645|846|CBJ5188|107.657432556|23.2456970215|11918|-69.5|-194.0|0|0|11917
04:20:56|2645|846|CBJ5188|107.654857635|23.2395172119|11918|-69.5|-194.0|0|0|11917
04:21:00|2645|846|CBJ5188|107.651939392|23.2324790955|11918|-69.5|-194.0|0|0|11917
04:21:04|2645|846|CBJ5188|107.648849487|23.225440979|11918|-69.5|-194.0|0|0|11917
04:21:08|2645|846|CBJ5188|107.646102905|23.2189178467|11918|-69.5|-194.25|0|0|11917
04:21:12|2645|846|CBJ5188|107.643184662|23.2118797302|11918|-69.5|-194.25|0|0|11917
04:21:16|2645|846|CBJ5188|107.640094757|23.2046699524|11918|-69.5|-194.25|0|0|11917
04:21:20|2645|846|CBJ5188|107.637004852|23.1969451904|11918|-69.0|-194.25|0|0|11917
04:21:24|2645|846|CBJ5188|107.63425827|23.1900787354|11918|-68.5|-194.25|0|0|11917
04:21:28|2645|846|CBJ5188|107.632026672|23.1842422485|11918|-68.5|-194.75|0|0|11917
04:21:32|2645|846|CBJ5188|107.628936768|23.1758308411|11918|-66.5|-195.25|0|0|11917
04:21:36|2645|846|CBJ5188|107.626876831|23.1698226929|11918|-64.75|-196.25|0|0|11917
04:21:40|2645|846|CBJ5188|107.62550354|23.1622695923|11918|-54.0|-200.25|0|0|11917
04:21:44|2645|846|CBJ5188|107.62430191|23.1543731689|11918|-41.0|-204.5|0|0|11917
04:21:48|2645|846|CBJ5188|107.623443604|23.1464767456|11918|-29.0|-207.75|0|0|11917
04:21:52|2645|846|CBJ5188|107.622756958|23.1382369995|11918|-17.75|-210.75|0|0|11917
04:21:56|2645|846|CBJ5188|107.622241974|23.1299972534|11918|-7.25|-214.25|0|0|11917
04:22:00|2645|846|CBJ5188|107.622241974|23.1219291687|11918|2.5|-215.5|0|0|11917
04:22:04|2645|846|CBJ5188|107.623271942|23.113861084|11918|20.25|-216.5|0|0|11917
04:22:08|2645|846|CBJ5188|107.625331879|23.1059646606|11918|45.75|-214.25|0|0|11917
04:22:12|2645|846|CBJ5188|107.628250122|23.0980682373|11918|71.75|-208.75|0|0|11917
04:22:16|2645|846|CBJ5188|107.631168365|23.0903434753|11918|85.75|-206.0|0|0|11917
04:22:20|2645|846|CBJ5188|107.633914948|23.0822753906|11918|88.75|-207.0|0|0|11917
04:22:24|2645|846|CBJ5188|107.636318207|23.0742073059|11918|84.5|-209.75|0|0|11917
04:22:28|2645|846|CBJ5188|107.638893127|23.0661392212|11918|80.5|-211.75|0|0|11917
04:22:32|2645|846|CBJ5188|107.641639709|23.0582427979|11918|80.5|-212.25|0|0|11917
04:22:36|2645|846|CBJ5188|107.644557953|23.0505180359|11918|82.5|-211.75|0|0|11917
04:22:40|2645|846|CBJ5188|107.647819519|23.0427932739|11918|85.0|-211.25|0|0|11917
04:22:44|2645|846|CBJ5188|107.651252747|23.035068512|11918|89.25|-210.75|0|0|11917
04:22:48|2645|846|CBJ5188|107.655029297|23.02734375|11918|93.5|-209.75|0|0|11917
04:22:52|2645|846|CBJ5188|107.658977509|23.0199623108|11918|101.25|-208.25|0|0|11917
04:22:56|2645|846|CBJ5188|107.663269043|23.0118942261|11918|104.75|-207.5|0|0|11917
04:23:00|2645|846|CBJ5188|107.667560577|23.0045127869|11918|110.5|-206.0|0|0|11917
04:23:04|2645|846|CBJ5188|107.672195435|22.9969596863|11918|113.75|-204.5|0|0|11917
04:23:08|2645|846|CBJ5188|107.676830292|22.9899215698|11918|120.5|-202.0|0|0|11917
04:23:12|2645|846|CBJ5188|107.68163681|22.9823684692|11918|124.5|-201.0|0|0|11917
04:23:16|2645|846|CBJ5188|107.68661499|22.97498703|11918|126.75|-200.75|0|0|11917
04:23:20|2645|846|CBJ5188|107.69159317|22.9669189453|11918|126.25|-201.0|0|0|11917
04:23:24|2645|846|CBJ5188|107.696399689|22.9597091675|11918|128.25|-200.75|0|0|11917
04:23:28|2645|846|CBJ5188|107.701206207|22.9519844055|11918|128.75|-201.5|0|0|11917
04:23:32|2645|846|CBJ5188|107.706012726|22.9444313049|11918|129.25|-202.0|0|0|11917
04:23:36|2645|846|CBJ5188|107.710819244|22.9370498657|11918|130.25|-202.5|0|0|11917
04:23:40|2645|846|CBJ5188|107.715625763|22.9294967651|11918|130.75|-203.0|0|0|11917
04:23:44|2645|846|CBJ5188|107.720432281|22.9217720032|11918|130.75|-204.0|0|0|11917
04:23:48|2645|846|CBJ5188|107.725410461|22.9137039185|11918|129.75|-204.5|0|0|11917
04:23:52|2645|846|CBJ5188|107.730045319|22.9063224792|11918|129.75|-204.5|0|0|11917
04:23:56|2645|846|CBJ5188|107.734851837|22.89894104|11918|129.75|-204.5|0|0|11917
04:24:00|2645|846|CBJ5188|107.739830017|22.8912162781|11918|129.75|-204.5|0|0|11917
04:24:04|2645|846|CBJ5188|107.744636536|22.8845214844|11918|131.75|-203.5|0|0|11917
04:24:08|2645|846|CBJ5188|107.7501297|22.8767967224|11918|132.75|-203.0|0|0|11917
04:24:12|2645|846|CBJ5188|107.75510788|22.8694152832|11918|132.75|-203.0|0|0|11917
04:24:16|2645|846|CBJ5188|107.760429382|22.8622055054|11918|134.0|-202.0|0|0|11917
04:24:20|2645|846|CBJ5188|107.766609192|22.8558540344|11918|139.75|-198.75|0|0|11917
04:24:24|2645|846|CBJ5188|107.772789001|22.8491592407|11918|146.5|-194.75|0|0|11917
04:24:28|2645|846|CBJ5188|107.779483795|22.8419494629|11918|152.5|-191.0|0|0|11917
04:24:32|2645|846|CBJ5188|107.786178589|22.8355979919|11918|159.25|-186.25|0|0|11917
04:24:36|2645|846|CBJ5188|107.792873383|22.8295898438|11918|168.25|-180.0|0|0|11917
04:24:40|2645|846|CBJ5188|107.799911499|22.8227233887|11918|170.75|-177.5|0|0|11917
04:24:44|2645|846|CBJ5188|107.806606293|22.8163719177|11918|173.75|-175.5|0|0|11917
04:24:48|2645|846|CBJ5188|107.813301086|22.8101921082|11918|177.0|-174.5|0|0|11917
04:24:52|2645|846|CBJ5188|107.820339203|22.8034973145|11918|180.0|-174.0|0|0|11917
04:24:56|2645|846|CBJ5188|107.827377319|22.7971458435|11918|181.75|-173.25|0|0|11917
04:25:00|2645|846|CBJ5188|107.834415436|22.7906227112|11918|183.25|-172.75|0|0|11917
04:25:04|2645|846|CBJ5188|107.841968536|22.7839279175|11918|184.25|-171.75|0|0|11917
04:25:08|2645|846|CBJ5188|107.848834991|22.7780914307|11918|186.25|-170.75|0|0|11917
04:25:12|2645|846|CBJ5188|107.856216431|22.7719116211|11918|187.5|-169.75|0|0|11917
04:25:16|2645|846|CBJ5188|107.86359787|22.7657318115|11918|189.0|-168.75|0|0|11917
04:25:20|2645|846|CBJ5188|107.870979309|22.759552002|11918|190.5|-168.25|0|0|11917
04:25:24|2645|846|CBJ5188|107.878360748|22.753200531|11918|191.0|-168.25|0|0|11917
04:25:28|2645|846|CBJ5188|107.88608551|22.7466773987|11918|191.5|-167.75|0|0|11917
04:25:32|2645|846|CBJ5188|107.893466949|22.7406692505|11918|192.5|-167.25|0|0|11917
04:25:36|2645|846|CBJ5188|107.900848389|22.7343177795|11918|192.5|-166.75|0|0|11917
04:25:40|2645|846|CBJ5188|107.908229828|22.72813797|11918|193.0|-167.25|0|0|11917
04:25:44|2645|846|CBJ5188|107.915439606|22.7219581604|11918|193.0|-166.75|0|0|11917
04:25:48|2645|846|CBJ5188|107.922821045|22.7157783508|11918|193.0|-166.75|0|0|11917
04:25:52|2645|846|CBJ5188|107.930202484|22.7094268799|11918|193.5|-166.75|0|0|11917
04:25:56|2645|846|CBJ5188|107.937412262|22.7034187317|11918|193.5|-166.75|0|0|11917
04:26:00|2645|846|CBJ5188|107.944793701|22.6970672607|11918|193.5|-166.75|0|0|11917
04:26:04|2645|846|CBJ5188|107.952003479|22.6907157898|11918|193.5|-167.25|0|0|11917
04:26:08|2645|846|CBJ5188|107.959213257|22.6845359802|11918|193.5|-167.25|0|0|11917
04:26:12|2645|846|CBJ5188|107.966079712|22.6795578003|11918|194.75|-165.5|0|0|11917
04:26:16|2645|846|CBJ5188|107.974491119|22.6726913452|11918|194.25|-166.0|0|0|11917
04:26:20|2645|846|CBJ5188|107.981700897|22.666683197|11918|194.25|-165.5|0|0|11917
04:26:24|2645|846|CBJ5188|107.989082336|22.6605033875|11918|194.25|-166.0|0|0|11917
04:26:28|2645|846|CBJ5188|107.996292114|22.6543235779|11918|194.0|-166.0|0|0|11917
04:26:32|2645|846|CBJ5188|108.003501892|22.6481437683|11918|194.0|-166.0|0|0|11917
04:26:36|2645|846|CBJ5188|108.01071167|22.6419639587|11918|193.5|-166.0|0|0|11917
04:26:40|2645|846|CBJ5188|108.017406464|22.6364707947|11918|194.0|-165.5|0|0|11917
04:26:44|2645|846|CBJ5188|108.024616241|22.6301193237|11918|193.5|-165.5|0|0|11917
04:26:48|2645|846|CBJ5188|108.032855988|22.6230812073|11918|193.0|-166.0|0|0|11917
04:26:52|2645|846|CBJ5188|108.039207458|22.6170730591|11918|191.5|-167.25|0|0|11917
04:26:56|2645|846|CBJ5188|108.046245575|22.6107215881|11918|191.0|-167.25|0|0|11917
04:27:00|2645|846|CBJ5188|108.053283691|22.6043701172|11918|190.5|-167.75|0|0|11917
04:27:04|2645|846|CBJ5188|108.060150146|22.5981903076|11918|189.5|-168.25|0|0|11917
04:27:08|2645|846|CBJ5188|108.066329956|22.5926971436|11918|189.5|-168.25|0|0|11917
04:27:12|2645|846|CBJ5188|108.073711395|22.5858306885|11918|189.0|-168.75|0|0|11917
04:27:16|2645|846|CBJ5188|108.081092834|22.5791358948|11918|188.0|-169.25|0|0|11917
04:27:20|2645|846|CBJ5188|108.08795929|22.5726127625|11918|187.5|-169.75|0|0|11917
04:27:24|2645|846|CBJ5188|108.094825745|22.5662612915|11918|187.25|-170.25|0|0|11917
04:27:28|2645|846|CBJ5188|108.100833893|22.5607681274|11918|187.5|-170.25|0|0|11917
04:27:32|2645|846|CBJ5188|108.108730316|22.5535583496|11918|187.25|-170.25|0|0|11917
04:27:36|2645|846|CBJ5188|108.116283417|22.5468635559|11918|187.25|-170.25|0|0|11917
04:27:40|2645|846|CBJ5188|108.122806549|22.5410270691|11918|186.75|-169.75|0|0|11917
04:27:44|2645|846|CBJ5188|108.129844666|22.5350189209|11918|187.25|-168.75|0|0|11917
04:27:48|2645|846|CBJ5188|108.137054443|22.5288391113|11918|187.5|-168.25|0|0|11917
04:27:52|2645|846|CBJ5188|108.14409256|22.5228309631|11918|188.0|-167.25|0|0|11917
04:27:56|2645|846|CBJ5188|108.151130676|22.5166511536|11918|188.0|-167.25|0|0|11917
04:28:00|2645|846|CBJ5188|108.158340454|22.510471344|11918|188.0|-167.25|0|0|11917
04:28:04|2645|846|CBJ5188|108.165550232|22.5042915344|11918|188.5|-166.75|0|0|11917
04:28:08|2645|846|CBJ5188|108.173103333|22.498626709|11918|190.5|-165.0|0|0|11917
04:28:12|2645|846|CBJ5188|108.180484772|22.4927902222|11918|191.5|-163.5|0|0|11917
04:28:16|2645|846|CBJ5188|108.18769455|22.486782074|11918|191.5|-163.5|0|0|11917
04:28:20|2645|846|CBJ5188|108.195762634|22.4816322327|11918|194.25|-159.75|0|0|11917
04:28:24|2645|846|CBJ5188|108.202972412|22.4756240845|11918|194.25|-159.75|0|0|11917
04:28:28|2645|846|CBJ5188|108.210697174|22.4701309204|11918|195.75|-158.25|0|0|11917
04:28:32|2645|846|CBJ5188|108.218765259|22.4648094177|11918|197.75|-156.25|0|0|11917
04:28:36|2645|846|CBJ5188|108.226146698|22.4593162537|11918|198.75|-156.25|0|0|11917
04:28:40|2645|846|CBJ5188|108.234214783|22.4533081055|11918|199.75|-155.25|0|0|11917
04:28:44|2645|846|CBJ5188|108.241767883|22.4478149414|11918|200.75|-154.75|0|0|11917
04:28:48|2645|846|CBJ5188|108.249320984|22.4419784546|11918|200.75|-154.75|0|0|11917
04:28:52|2645|846|CBJ5188|108.25756073|22.4359703064|11918|201.0|-154.25|0|0|11917
04:28:56|2645|846|CBJ5188|108.265113831|22.4304771423|11918|201.5|-153.75|0|0|11917
04:29:00|2645|846|CBJ5188|108.272666931|22.4246406555|11918|201.5|-153.75|0|0|11917
04:29:04|2645|846|CBJ5188|108.280391693|22.4189758301|11918|201.5|-153.75|0|0|11917
04:29:08|2645|846|CBJ5188|108.287944794|22.4131393433|11918|201.5|-153.75|0|0|11917
04:29:12|2645|846|CBJ5188|108.295326233|22.4078178406|11918|202.0|-153.75|0|0|11917
04:29:16|2645|846|CBJ5188|108.303050995|22.4019813538|11918|202.5|-153.75|0|0|11917
04:29:20|2645|846|CBJ5188|108.310775757|22.3961448669|11918|202.5|-153.75|0|0|11917
04:29:24|2645|846|CBJ5188|108.318328857|22.3904800415|11918|202.5|-153.75|0|0|11917
04:29:28|2645|846|CBJ5188|108.326053619|22.3846435547|11918|203.0|-153.75|0|0|11917
04:29:32|2645|846|CBJ5188|108.334121704|22.3784637451|11918|202.5|-153.75|0|0|11917
04:29:36|2645|846|CBJ5188|108.341503143|22.3726272583|11918|202.5|-154.25|0|0|11917
04:29:40|2645|846|CBJ5188|108.348712921|22.3671340942|11918|202.5|-154.75|0|0|11917
04:29:44|2645|846|CBJ5188|108.356266022|22.361125946|11918|202.0|-155.25|0|0|11917
04:29:48|2645|846|CBJ5188|108.363647461|22.3551177979|11918|202.0|-155.25|0|0|11917
04:29:52|2645|846|CBJ5188|108.371200562|22.3491096497|11918|201.5|-155.75|0|0|11917
04:29:56|2645|846|CBJ5188|108.378753662|22.3434448242|11918|201.5|-155.75|0|0|11917
04:30:00|2645|846|CBJ5188|108.386306763|22.3376083374|11918|201.5|-155.25|0|0|11917
04:30:04|2645|846|CBJ5188|108.394031525|22.3314285278|11918|201.0|-155.75|0|0|11917
04:30:08|2645|846|CBJ5188|108.401069641|22.3257637024|11918|200.75|-156.25|0|0|11917
04:30:12|2645|846|CBJ5188|108.40845108|22.3197555542|11918|200.75|-156.25|0|0|11917
04:30:16|2645|846|CBJ5188|108.416004181|22.3139190674|11918|200.25|-156.25|0|0|11917
04:30:20|2645|846|CBJ5188|108.42338562|22.3082542419|11918|200.25|-155.75|0|0|11917
04:30:24|2645|846|CBJ5188|108.430938721|22.3025894165|11918|200.25|-155.25|0|0|11917
04:30:28|2645|846|CBJ5188|108.438491821|22.2970962524|11918|200.75|-154.25|0|0|11917
04:30:32|2645|846|CBJ5188|108.446044922|22.291431427|11918|200.75|-153.75|0|0|11917
04:30:36|2645|846|CBJ5188|108.453598022|22.2855949402|11918|200.75|-154.25|0|0|11917
04:30:40|2645|846|CBJ5188|108.461151123|22.2797584534|11918|200.75|-154.75|0|0|11917
04:30:44|2645|846|CBJ5188|108.468532562|22.2735786438|11918|200.25|-155.25|0|0|11917
04:30:48|2645|846|CBJ5188|108.475914001|22.2673988342|11918|200.25|-156.25|0|0|11917
04:30:52|2645|846|CBJ5188|108.483295441|22.2615623474|11918|199.75|-156.25|0|0|11917
04:30:56|2645|846|CBJ5188|108.490848541|22.2555541992|11918|199.75|-156.75|0|0|11917
04:31:00|2645|846|CBJ5188|108.49822998|22.249546051|11918|199.25|-157.25|0|0|11917
04:31:04|2645|846|CBJ5188|108.50561142|22.2438812256|11918|199.25|-156.75|0|0|11917
04:31:08|2645|846|CBJ5188|108.512992859|22.2382164001|11918|199.25|-156.25|0|0|11917
04:31:12|2645|846|CBJ5188|108.520545959|22.2323799133|11918|199.25|-155.75|0|0|11917
04:31:16|2645|846|CBJ5188|108.52809906|22.2265434265|11918|199.25|-155.75|0|0|11917
04:31:20|2645|846|CBJ5188|108.535480499|22.2207069397|11918|199.25|-155.75|0|0|11917
04:31:24|2645|846|CBJ5188|108.5430336|22.2148704529|11918|199.25|-155.75|0|0|11917
04:31:28|2645|846|CBJ5188|108.550415039|22.2092056274|11918|199.25|-155.25|0|0|11917
04:31:32|2645|846|CBJ5188|108.55796814|22.2031974792|11918|199.25|-155.75|0|0|11917
04:31:36|2645|846|CBJ5188|108.565692902|22.1971893311|11918|199.25|-155.25|0|0|11917
04:31:40|2645|846|CBJ5188|108.572731018|22.1915245056|11918|199.25|-155.75|0|0|11917
04:31:44|2645|846|CBJ5188|108.580627441|22.1855163574|11918|199.25|-155.25|0|0|11917
04:31:48|2645|846|CBJ5188|108.588180542|22.1796798706|11918|199.25|-155.25|0|0|11917
04:31:52|2645|846|CBJ5188|108.595218658|22.1745300293|11918|199.25|-154.75|0|0|11917
04:31:56|2645|846|CBJ5188|108.603115082|22.1683502197|11918|199.25|-154.75|0|0|11917
04:32:00|2645|846|CBJ5188|108.610496521|22.1623420715|11918|199.25|-154.75|0|0|11917
04:32:04|2645|846|CBJ5188|108.61787796|22.1565055847|11918|198.75|-155.25|0|0|11917
04:32:08|2645|846|CBJ5188|108.625087738|22.1503257751|11918|198.75|-156.25|0|0|11917
04:32:12|2645|846|CBJ5188|108.632125854|22.1446609497|11918|198.75|-156.75|0|0|11917
04:32:16|2645|846|CBJ5188|108.639850616|22.1381378174|11918|198.25|-157.25|0|0|11917
04:32:20|2645|846|CBJ5188|108.647232056|22.1321296692|11918|197.75|-157.25|0|0|11917
04:32:24|2645|846|CBJ5188|108.654441833|22.1264648438|11918|197.75|-157.25|0|0|11917
04:32:28|2645|846|CBJ5188|108.66147995|22.1209716797|11918|197.75|-156.75|0|0|11917
04:32:32|2645|846|CBJ5188|108.668861389|22.1153068542|11918|198.25|-156.25|0|0|11917
04:32:36|2645|846|CBJ5188|108.67641449|22.1094703674|11918|198.25|-155.75|0|0|11917
04:32:40|2645|846|CBJ5188|108.68396759|22.103805542|11918|198.75|-155.75|0|0|11917
04:32:44|2645|846|CBJ5188|108.691520691|22.0979690552|11918|198.75|-155.25|0|0|11917
04:32:48|2645|846|CBJ5188|108.69890213|22.0923042297|11918|199.25|-155.25|0|0|11917
04:32:52|2645|846|CBJ5188|108.706455231|22.0864677429|11918|199.25|-155.25|0|0|11917
04:32:56|2645|846|CBJ5188|108.714008331|22.0806312561|11918|199.25|-155.25|0|0|11917
04:33:00|2645|846|CBJ5188|108.721561432|22.0747947693|11918|199.25|-155.25|0|0|11917
04:33:04|2645|846|CBJ5188|108.728942871|22.0691299438|11918|199.75|-154.75|0|0|11917
04:33:08|2645|846|CBJ5188|108.736495972|22.063293457|11918|199.75|-154.75|0|0|11917
04:33:12|2645|846|CBJ5188|108.743877411|22.0574569702|11918|199.75|-154.75|0|0|11917
04:33:16|2645|846|CBJ5188|108.751430511|22.0516204834|11918|199.75|-155.25|0|0|11917
04:33:20|2645|846|CBJ5188|108.758811951|22.0456123352|11918|199.25|-155.25|0|0|11917
04:33:24|2645|846|CBJ5188|108.766365051|22.0401191711|11918|199.75|-154.25|0|0|11917
04:33:28|2645|846|CBJ5188|108.773918152|22.0347976685|11918|199.75|-153.0|0|0|11917
04:33:32|2645|846|CBJ5188|108.781471252|22.0293045044|11918|200.25|-152.0|0|0|11917
04:33:36|2645|846|CBJ5188|108.789024353|22.0239830017|11918|200.25|-151.0|0|0|11917
04:33:40|2645|846|CBJ5188|108.796577454|22.0183181763|11918|200.25|-151.5|0|0|11917
04:33:44|2645|846|CBJ5188|108.804130554|22.0126533508|11918|200.75|-151.0|0|0|11917
04:33:48|2645|846|CBJ5188|108.811683655|22.006816864|11918|200.75|-151.5|0|0|11917
04:33:52|2645|846|CBJ5188|108.819065094|22.0009803772|11918|200.25|-152.5|0|0|11917
04:33:56|2645|846|CBJ5188|108.826446533|21.9953155518|11918|200.25|-152.0|0|0|11917
04:34:00|2645|846|CBJ5188|108.833999634|21.9896507263|11918|200.25|-152.0|0|0|11917
04:34:04|2645|846|CBJ5188|108.841381073|21.9838142395|11918|200.25|-152.0|0|0|11917
04:34:08|2645|846|CBJ5188|108.848762512|21.9778060913|11918|199.75|-152.5|0|0|11917
04:34:12|2645|846|CBJ5188|108.856143951|21.9717979431|11918|199.25|-153.25|0|0|11917
04:34:16|2645|846|CBJ5188|108.863353729|21.9657897949|11918|198.25|-153.75|0|0|11917
04:34:20|2645|846|CBJ5188|108.870563507|21.9602966309|11918|198.25|-153.25|0|0|11917
04:34:24|2645|846|CBJ5188|108.877944946|21.9542884827|11918|197.75|-153.25|0|0|11917
04:34:28|2645|846|CBJ5188|108.884983063|21.9479370117|11918|196.75|-154.75|0|0|11917
04:34:32|2645|846|CBJ5188|108.892021179|21.9421005249|11918|196.25|-155.25|0|0|11917
04:34:36|2645|846|CBJ5188|108.899230957|21.9364356995|11918|195.75|-154.25|0|0|11917
04:34:40|2645|846|CBJ5188|108.906097412|21.9314575195|11918|196.25|-153.0|0|0|11917
04:34:44|2645|846|CBJ5188|108.913822174|21.9259643555|11918|196.25|-151.0|0|0|11917
04:34:48|2645|846|CBJ5188|108.921375275|21.9206428528|11918|196.75|-149.0|0|0|11917
04:34:52|2645|846|CBJ5188|108.928928375|21.9153213501|11918|197.25|-149.0|0|0|11917
04:34:56|2645|846|CBJ5188|108.936481476|21.909828186|11918|197.75|-148.5|0|0|11917
04:35:00|2645|846|CBJ5188|108.943862915|21.9041633606|11918|198.25|-149.5|0|0|11917
04:35:04|2645|846|CBJ5188|108.950901031|21.8984985352|11918|198.75|-151.5|0|0|11917
04:35:08|2645|846|CBJ5188|108.958797455|21.8921470642|11918|198.75|-152.0|0|0|11917
04:35:12|2645|846|CBJ5188|108.966178894|21.8859672546|11918|198.25|-153.25|0|0|11917
04:35:16|2645|846|CBJ5188|108.97321701|21.8803024292|11918|198.25|-153.25|0|0|11917
04:35:20|2645|846|CBJ5188|108.980426788|21.8744659424|11918|197.75|-153.25|0|0|11917
04:35:24|2645|846|CBJ5188|108.987808228|21.8684577942|11918|196.75|-153.25|0|0|11917
04:35:28|2645|846|CBJ5188|108.994846344|21.862449646|11918|195.75|-153.75|0|0|11917
04:35:32|2645|846|CBJ5188|109.001541138|21.8569564819|11918|195.25|-153.75|0|0|11917
04:35:36|2645|846|CBJ5188|109.008922577|21.8509483337|11918|194.75|-153.75|0|0|11917
04:35:40|2645|846|CBJ5188|109.015789032|21.8454551697|11918|194.75|-154.25|0|0|11917
04:35:44|2645|846|CBJ5188|109.023342133|21.8396186829|11918|194.25|-153.0|0|0|11917
04:35:48|2645|846|CBJ5188|109.030723572|21.8341255188|11918|194.25|-152.0|0|0|11917
04:35:52|2645|846|CBJ5188|109.03793335|21.8286323547|11918|194.25|-151.0|0|0|11917
04:35:56|2645|846|CBJ5188|109.045143127|21.8229675293|11918|194.25|-151.0|0|0|11917
04:36:00|2645|846|CBJ5188|109.052352905|21.817817688|11918|194.75|-150.5|0|0|11917
04:36:04|2645|846|CBJ5188|109.059734344|21.8121528625|11918|195.25|-150.5|0|0|11917
04:36:08|2645|846|CBJ5188|109.067115784|21.8064880371|11918|195.75|-150.5|0|0|11917
04:36:12|2645|846|CBJ5188|109.074497223|21.8006515503|11918|196.25|-151.5|0|0|11917
04:36:16|2645|846|CBJ5188|109.082050323|21.7951583862|11918|196.25|-150.5|0|0|11917
04:36:20|2645|846|CBJ5188|109.089260101|21.789150238|11918|196.25|-151.5|0|0|11917
04:36:24|2645|846|CBJ5188|109.096641541|21.7834854126|11918|196.25|-151.5|0|0|11917
04:36:28|2645|846|CBJ5188|109.103851318|21.7771339417|11918|195.75|-153.0|0|0|11917
04:36:32|2645|846|CBJ5188|109.111061096|21.7716407776|11918|195.75|-152.0|0|0|11917
04:36:36|2645|846|CBJ5188|109.118442535|21.7666625977|11918|195.25|-149.5|0|0|11917
04:36:40|2645|846|CBJ5188|109.125652313|21.7618560791|11918|196.25|-147.5|0|0|11917
04:36:44|2645|846|CBJ5188|109.133548737|21.7568778992|11918|196.75|-143.75|0|0|11917
04:36:48|2645|846|CBJ5188|109.140758514|21.7515563965|11918|196.75|-144.75|0|0|11917
04:36:52|2645|846|CBJ5188|109.148311615|21.7460632324|11918|197.25|-145.75|0|0|11917
04:36:56|2645|846|CBJ5188|109.155521393|21.7410850525|11918|198.25|-144.25|0|0|11917
04:37:00|2645|846|CBJ5188|109.164962769|21.7343902588|11918|198.75|-144.75|0|0|11917
04:37:04|2645|846|CBJ5188|109.170799255|21.7297554016|11918|198.75|-145.75|0|0|11917
04:37:08|2645|846|CBJ5188|109.178352356|21.7232322693|11918|197.75|-147.5|0|0|11917
04:37:12|2645|846|CBJ5188|109.185390472|21.7170524597|11918|196.75|-150.0|0|0|11917
04:37:16|2645|846|CBJ5188|109.192085266|21.7110443115|11918|195.75|-152.0|0|0|11917
04:37:20|2645|846|CBJ5188|109.199295044|21.7052078247|11918|195.75|-152.0|0|0|11917
04:37:24|2645|846|CBJ5188|109.206676483|21.6995429993|11918|195.75|-152.0|0|0|11917
04:37:28|2645|846|CBJ5188|109.222984314|21.6973114014|11918|187.5|-153.75|0|0|11917
04:37:32|2645|846|CBJ5188|109.231910706|21.6906166077|11918|195.75|-150.5|0|0|11917
04:37:36|2645|846|CBJ5188|109.238777161|21.6840934753|11918|191.0|-158.25|0|0|11917
04:37:40|2645|846|CBJ5188|109.2461586|21.6786003113|11918|194.0|-154.75|0|0|11917
04:37:44|2645|846|CBJ5188|109.2537117|21.6731071472|11918|195.75|-152.5|0|0|11917
04:37:48|2645|846|CBJ5188|109.261264801|21.6676139832|11918|197.25|-150.5|0|0|11917
04:37:52|2645|846|CBJ5188|109.26864624|21.6621208191|11918|197.25|-150.0|0|0|11917
04:37:56|2645|846|CBJ5188|109.276371002|21.6569709778|11918|198.25|-147.5|0|0|11917
04:38:00|2645|846|CBJ5188|109.283409119|21.651134491|11918|197.25|-148.5|0|0|11917
04:38:04|2645|846|CBJ5188|109.289073944|21.6466712952|11918|196.25|-148.0|0|0|11917
04:38:08|2645|846|CBJ5188|109.296112061|21.6408348083|11918|194.75|-148.5|0|0|11917
04:38:12|2645|846|CBJ5188|109.302806854|21.6351699829|11918|194.0|-150.0|0|0|11917
04:38:16|2645|846|CBJ5188|109.309673309|21.6293334961|11918|193.5|-150.5|0|0|11917
04:38:20|2645|846|CBJ5188|109.316539764|21.6233253479|11918|192.0|-152.0|0|0|11917
04:38:24|2645|846|CBJ5188|109.323234558|21.6173171997|11918|190.5|-153.0|0|0|11917
04:38:28|2645|846|CBJ5188|109.329586029|21.6111373901|11918|188.5|-154.75|0|0|11917
04:38:32|2645|846|CBJ5188|109.3359375|21.6049575806|11918|186.25|-156.25|0|0|11917
04:38:36|2645|846|CBJ5188|109.341602325|21.5982627869|11918|180.75|-161.0|0|0|11917
04:38:40|2645|846|CBJ5188|109.346408844|21.5905380249|11918|164.5|-174.5|0|0|11917
04:38:44|2645|846|CBJ5188|109.348125458|21.5812683105|11918|122.0|-202.5|0|0|11917
04:38:48|2645|846|CBJ5188|109.351902008|21.5742301941|11918|113.25|-206.0|0|0|11917
04:38:52|2645|846|CBJ5188|109.355678558|21.5668487549|11918|106.5|-208.25|0|0|11917
04:38:56|2645|846|CBJ5188|109.359455109|21.5592956543|11918|101.25|-209.75|0|0|11917
04:39:00|2645|846|CBJ5188|109.363574982|21.5524291992|11918|105.25|-205.5|0|0|11917
04:39:04|2645|846|CBJ5188|109.367008209|21.5447044373|11918|96.0|-207.5|0|0|11917
04:39:08|2645|846|CBJ5188|109.36958313|21.5371513367|11918|87.25|-209.25|0|0|11917
04:39:12|2645|846|CBJ5188|109.372844696|21.5299415588|11918|86.75|-207.5|0|0|11917
04:39:16|2645|846|CBJ5188|109.375762939|21.5223884583|11918|86.75|-207.5|0|0|11917
04:39:20|2645|846|CBJ5188|109.377307892|21.5146636963|11918|71.5|-210.25|0|0|11917
04:39:24|2645|846|CBJ5188|109.379196167|21.5071105957|11918|65.5|-211.25|0|0|11917
04:39:28|2645|846|CBJ5188|109.381256104|21.4997291565|11918|63.75|-210.25|0|0|11917
04:39:32|2645|846|CBJ5188|109.382286072|21.4920043945|11918|54.5|-212.75|0|0|11917
04:39:36|2645|846|CBJ5188|109.384002686|21.4842796326|11918|54.5|-212.75|0|0|11917
04:39:40|2645|846|CBJ5188|109.384002686|21.4765548706|11918|39.5|-214.25|0|0|11917
04:39:44|2645|846|CBJ5188|109.38451767|21.4688301086|11918|32.75|-215.0|0|0|11917
04:39:48|2645|846|CBJ5188|109.385204315|21.4611053467|11918|32.75|-215.0|0|0|11917
04:39:52|2645|846|CBJ5188|109.385547638|21.4533805847|11918|27.0|-214.25|0|0|0
04:39:56|2645|846|CBJ5188|109.384689331|21.4473724365|11918|16.0|-214.25|0|0|0
04:40:00|2645|846|CBJ5188|109.384860992|21.4387893677|11918|13.5|-212.75|0|0|0
04:40:04|2645|846|CBJ5188|109.384346008|21.4314079285|11918|8.25|-211.75|0|0|0
04:40:08|2645|846|CBJ5188|109.383487701|21.4238548279|11918|2.0|-211.25|0|0|0
04:40:12|2645|846|CBJ5188|109.383144379|21.41664505|11918|0.0|-210.75|0|0|0
04:40:16|2645|846|CBJ5188|109.38211441|21.4090919495|11918|-3.5|-210.75|0|0|0
04:40:20|2645|846|CBJ5188|109.381427765|21.4015388489|11918|-4.75|-210.75|0|0|0
04:40:24|2645|846|CBJ5188|109.381084442|21.3957023621|11918|-5.25|-209.75|0|0|0
04:40:28|2645|846|CBJ5188|109.380741119|21.3886642456|11918|-4.75|-208.75|0|0|0
04:40:32|2645|846|CBJ5188|109.380397797|21.3812828064|11918|-4.25|-208.25|0|0|0
04:40:36|2645|846|CBJ5188|109.379882812|21.3739013672|11918|-4.25|-208.25|0|0|11917
04:40:40|2645|846|CBJ5188|109.379367828|21.366519928|11918|-4.25|-207.75|0|0|11917
04:40:44|2645|846|CBJ5188|109.378852844|21.3591384888|11918|-4.25|-207.75|0|0|11917
04:40:48|2645|846|CBJ5188|109.37833786|21.3515853882|11918|-4.25|-207.75|0|0|9784
04:40:52|2645|846|CBJ5188|109.377822876|21.3438606262|11918|-4.75|-208.25|0|0|9784
04:40:56|2645|846|CBJ5188|109.377307892|21.3368225098|11918|-4.25|-208.25|0|0|9784
04:41:00|2645|846|CBJ5188|109.376792908|21.3289260864|11918|-4.25|-207.75|0|0|9784
04:41:04|2645|846|CBJ5188|109.376106262|21.3208580017|11918|-4.75|-207.75|0|0|9784
04:41:08|2645|846|CBJ5188|109.375762939|21.314163208|11887|-4.75|-207.75|-3|0|9784
04:41:12|2645|846|CBJ5188|109.375076294|21.3066101074|11872|-4.75|-207.75|-3|0|9784
04:41:16|2645|846|CBJ5188|109.374732971|21.2990570068|11849|-4.25|-208.25|-4|0|9784
04:41:20|2645|846|CBJ5188|109.37456131|21.2915039062|11819|-3.75|-208.25|-5|0|9784
04:41:24|2645|846|CBJ5188|109.374389648|21.2839508057|11803|-3.0|-208.75|-5|0|9784
04:41:28|2645|846|CBJ5188|109.374046326|21.2762260437|11781|-2.0|-209.25|-5|0|9784
04:41:32|2645|846|CBJ5188|109.374389648|21.2686729431|11773|0.5|-209.75|-5|0|9784
04:41:36|2645|846|CBJ5188|109.374732971|21.2609481812|11758|3.0|-210.25|-5|0|9784
04:41:40|2645|846|CBJ5188|109.375247955|21.2528800964|11735|5.75|-210.25|-5|0|0
04:41:44|2645|846|CBJ5188|109.376277924|21.2453269958|11712|11.5|-209.75|-5|0|0
04:41:48|2645|846|CBJ5188|109.377307892|21.2379455566|11697|16.0|-210.25|-5|0|0
04:41:52|2645|846|CBJ5188|109.378166199|21.2302207947|11674|18.25|-210.25|-5|0|9784
04:41:56|2645|846|CBJ5188|109.378681183|21.2224960327|11651|19.25|-210.75|-6|0|9784
04:42:00|2645|846|CBJ5188|109.379367828|21.2147712708|11636|20.75|-210.75|-5|0|9784
04:42:04|2645|846|CBJ5188|109.380054474|21.2068748474|11598|21.25|-210.75|-5|0|9784
04:42:08|2645|846|CBJ5188|109.380397797|21.1993217468|11575|20.75|-211.25|-5|0|9784
04:42:12|2645|846|CBJ5188|109.380912781|21.1917686462|11560|21.75|-210.75|-5|0|9784
04:42:16|2645|846|CBJ5188|109.381256104|21.1840438843|11544|20.75|-211.25|-5|0|9784
04:42:20|2645|846|CBJ5188|109.381942749|21.1766624451|11521|21.75|-210.75|-5|0|9784
04:42:24|2645|846|CBJ5188|109.382286072|21.1691093445|11506|20.75|-210.75|-5|0|9784
04:42:28|2645|846|CBJ5188|109.382972717|21.1617279053|11499|21.25|-210.25|-5|0|9784
04:42:32|2645|846|CBJ5188|109.383487701|21.1543464661|11483|21.25|-209.75|-4|0|9784
04:42:36|2645|846|CBJ5188|109.384002686|21.1467933655|11460|21.25|-209.25|-4|0|0
04:42:40|2645|846|CBJ5188|109.384346008|21.1392402649|11438|20.25|-209.25|-5|0|0
04:42:44|2645|846|CBJ5188|109.384860992|21.1320304871|11422|20.25|-208.25|-4|0|0
04:42:48|2645|846|CBJ5188|109.385375977|21.1246490479|11400|20.75|-207.75|-5|0|9784
04:42:52|2645|846|CBJ5188|109.386062622|21.1176109314|11369|21.25|-207.5|-5|0|9784
04:42:56|2645|846|CBJ5188|109.386749268|21.1104011536|11346|21.25|-207.0|-5|0|9784
04:43:00|2645|846|CBJ5188|109.38709259|21.102848053|11323|20.75|-207.0|-5|0|9784
04:43:04|2645|846|CBJ5188|109.387264252|21.0954666138|11300|20.25|-207.0|-5|0|9784
04:43:08|2645|846|CBJ5188|109.387779236|21.0894584656|11278|20.25|-206.5|-6|0|9784
04:43:12|2645|846|CBJ5188|109.388122559|21.081905365|11255|19.75|-206.5|-5|0|9784
04:43:16|2645|846|CBJ5188|109.388465881|21.0750389099|11240|20.25|-207.0|-5|0|9784
04:43:20|2645|846|CBJ5188|109.388980865|21.0673141479|11217|20.25|-207.0|-5|0|9784
04:43:24|2645|846|CBJ5188|109.38949585|21.0597610474|11201|20.75|-207.0|-5|0|9784
04:43:28|2645|846|CBJ5188|109.390354156|21.0523796082|11179|21.25|-207.0|-5|0|9784
04:43:32|2645|846|CBJ5188|109.390869141|21.0449981689|11156|21.25|-207.0|-5|0|9784
04:43:36|2645|846|CBJ5188|109.391384125|21.0374450684|11140|21.75|-207.0|-5|0|9784
04:43:40|2645|846|CBJ5188|109.39207077|21.0300636292|11118|22.25|-207.0|-5|0|9784
04:43:44|2645|846|CBJ5188|109.392585754|21.0223388672|11102|22.25|-207.5|-5|0|9784
04:43:48|2645|846|CBJ5188|109.393100739|21.0146141052|11079|22.25|-207.5|-5|0|9784
04:43:52|2645|846|CBJ5188|109.393787384|21.007232666|11057|22.75|-207.75|-5|0|9784
04:43:56|2645|846|CBJ5188|109.39447403|20.9995079041|11034|23.25|-207.75|-5|0|9784
04:44:00|2645|846|CBJ5188|109.394817352|20.9919548035|11019|23.25|-207.75|-5|0|9784
04:44:04|2645|846|CBJ5188|109.395332336|20.9842300415|10996|23.25|-208.25|-5|0|9784
04:44:08|2645|846|CBJ5188|109.396190643|20.9766769409|10980|23.75|-208.25|-5|0|9784
04:44:12|2645|846|CBJ5188|109.396705627|20.968952179|10973|23.75|-208.75|-5|0|9784
04:44:16|2645|846|CBJ5188|109.397563934|20.961227417|10950|24.5|-209.25|-5|0|9784
04:44:20|2645|846|CBJ5188|109.398422241|20.9536743164|10935|26.0|-209.75|-4|0|0
04:44:24|2645|846|CBJ5188|109.399795532|20.9457778931|10912|28.5|-209.75|-5|0|0
04:44:28|2645|846|CBJ5188|109.401340485|20.9380531311|10889|31.25|-210.25|-5|0|0
04:44:32|2645|846|CBJ5188|109.402542114|20.9299850464|10874|33.25|-211.75|-5|0|0
04:44:36|2645|846|CBJ5188|109.404258728|20.9217453003|10851|36.75|-212.25|-5|0|0
04:44:40|2645|846|CBJ5188|109.406661987|20.9141921997|10828|45.25|-213.75|-6|0|0
04:44:44|2645|846|CBJ5188|109.409408569|20.9059524536|10813|54.5|-214.5|-5|0|0
04:44:48|2645|846|CBJ5188|109.413013458|20.898399353|10790|68.0|-212.75|-5|0|0
04:44:52|2645|846|CBJ5188|109.417476654|20.8910179138|10767|84.0|-207.5|-6|0|0
04:44:56|2645|846|CBJ5188|109.420566559|20.8831214905|10752|87.75|-207.75|-5|0|0
04:45:00|2645|846|CBJ5188|109.424171448|20.8752250671|10729|93.0|-206.5|-5|0|0
04:45:04|2645|846|CBJ5188|109.428291321|20.8678436279|10706|100.75|-204.0|-6|0|0
04:45:08|2645|846|CBJ5188|109.432411194|20.8602905273|10691|105.5|-202.0|-5|0|0
04:45:12|2645|846|CBJ5188|109.435844421|20.8525657654|10668|104.25|-203.5|-5|0|0
04:45:16|2645|846|CBJ5188|109.441165924|20.8456993103|10645|116.25|-197.75|-6|0|0
04:45:20|2645|846|CBJ5188|109.445457458|20.8383178711|10630|117.25|-198.25|-5|0|0
04:45:24|2645|846|CBJ5188|109.450778961|20.831451416|10607|124.0|-194.75|-5|0|0
04:45:28|2645|846|CBJ5188|109.45558548|20.8242416382|10584|126.25|-194.25|-6|0|0
04:45:32|2645|846|CBJ5188|109.460220337|20.816860199|10569|126.75|-194.75|-5|0|0
04:45:36|2645|846|CBJ5188|109.465026855|20.8096504211|10546|127.75|-194.75|-5|0|0
04:45:40|2645|846|CBJ5188|109.47052002|20.8027839661|10523|133.0|-193.0|-6|0|0
04:45:44|2645|846|CBJ5188|109.476356506|20.795917511|10508|137.0|-191.0|-5|0|0
04:45:48|2645|846|CBJ5188|109.481334686|20.7905960083|10485|141.75|-187.5|-5|0|0
04:45:52|2645|846|CBJ5188|109.486999512|20.7835578918|10478|142.25|-187.25|-4|0|0
04:45:56|2645|846|CBJ5188|109.493179321|20.7753181458|10455|142.75|-187.5|-4|0|0
04:46:00|2645|846|CBJ5188|109.499015808|20.7684516907|10432|145.25|-187.25|-5|0|0
04:46:04|2645|846|CBJ5188|109.505367279|20.7619285583|10401|149.0|-184.75|-6|0|0
04:46:08|2645|846|CBJ5188|109.51051712|20.7571220398|10386|153.0|-182.25|-5|0|0
04:46:12|2645|846|CBJ5188|109.51789856|20.7488822937|10363|154.25|-181.75|-5|0|0
04:46:16|2645|846|CBJ5188|109.522361755|20.7433891296|10340|153.75|-182.75|-6|0|0
04:46:20|2645|846|CBJ5188|109.528026581|20.7365226746|10325|154.25|-183.25|-5|0|0
04:46:24|2645|846|CBJ5188|109.534378052|20.7299995422|10302|156.75|-181.75|-5|0|0
04:46:28|2645|846|CBJ5188|109.540729523|20.7234764099|10279|158.75|-180.75|-6|0|0
04:46:32|2645|846|CBJ5188|109.54656601|20.7166099548|10264|158.25|-181.25|-5|0|0
04:46:36|2645|846|CBJ5188|109.551887512|20.709400177|10241|157.25|-182.75|-5|0|0
04:46:40|2645|846|CBJ5188|109.557552338|20.7023620605|10234|156.75|-183.75|-4|0|0
04:46:44|2645|846|CBJ5188|109.563560486|20.6958389282|10211|158.25|-182.75|-4|0|0
04:46:48|2645|846|CBJ5188|109.569911957|20.6891441345|10188|159.75|-181.75|-5|0|0
04:46:52|2645|846|CBJ5188|109.576263428|20.6824493408|10173|161.0|-181.25|-4|0|0
04:46:56|2645|846|CBJ5188|109.582271576|20.6757545471|10150|161.0|-181.25|-5|0|0
04:47:00|2645|846|CBJ5188|109.588451385|20.6690597534|10127|162.0|-180.75|-6|0|0
04:47:04|2645|846|CBJ5188|109.594974518|20.6627082825|10112|164.0|-179.5|-5|0|0
04:47:08|2645|846|CBJ5188|109.601840973|20.6565284729|10089|166.5|-177.5|-5|0|0
04:47:12|2645|846|CBJ5188|109.608020782|20.6500053406|10066|166.5|-178.0|-6|0|0
04:47:16|2645|846|CBJ5188|109.614200592|20.6431388855|10051|166.0|-178.5|-5|0|0
04:47:20|2645|846|CBJ5188|109.620037079|20.6362724304|10028|165.5|-179.5|-5|0|0
04:47:24|2645|846|CBJ5188|109.625530243|20.6294059753|10005|164.5|-180.5|-6|0|0
04:47:28|2645|846|CBJ5188|109.631538391|20.6220245361|9990|163.5|-181.25|-5|0|0
04:47:32|2645|846|CBJ5188|109.636688232|20.6149864197|9967|162.0|-182.25|-5|0|0
04:47:36|2645|846|CBJ5188|109.642353058|20.6079483032|9944|161.5|-182.75|-6|0|0
04:47:40|2645|846|CBJ5188|109.648361206|20.600566864|9929|161.0|-183.25|-5|0|0
04:47:44|2645|846|CBJ5188|109.654197693|20.5942153931|9906|162.0|-183.25|-5|0|0
04:47:48|2645|846|CBJ5188|109.66003418|20.5871772766|9883|161.5|-184.25|-6|0|0
04:47:52|2645|846|CBJ5188|109.665527344|20.5799674988|9868|161.0|-185.25|-5|0|0
04:47:56|2645|846|CBJ5188|109.671363831|20.5731010437|9845|161.0|-185.75|-5|0|0
04:48:00|2645|846|CBJ5188|109.677715302|20.5660629272|9822|162.5|-185.25|-6|0|0
04:48:04|2645|846|CBJ5188|109.684238434|20.5590248108|9807|163.0|-184.75|-5|0|0
04:48:08|2645|846|CBJ5188|109.690589905|20.5523300171|9784|164.5|-184.25|-5|0|0
04:48:12|2645|846|CBJ5188|109.696598053|20.5452919006|9776|164.5|-185.25|-4|0|0
04:48:16|2645|846|CBJ5188|109.702606201|20.5382537842|9776|164.0|-185.75|-3|0|0
04:48:20|2645|846|CBJ5188|109.708786011|20.5313873291|9784|165.0|-185.75|0|0|0
04:48:24|2645|846|CBJ5188|109.714622498|20.5240058899|9784|164.5|-186.75|0|0|0
04:48:28|2645|846|CBJ5188|109.720802307|20.5171394348|9784|165.5|-186.75|0|0|0
04:48:32|2645|846|CBJ5188|109.726982117|20.5102729797|9784|166.0|-187.25|0|0|0
04:48:36|2645|846|CBJ5188|109.733505249|20.5028915405|9784|166.5|-186.75|0|0|0
04:48:40|2645|846|CBJ5188|109.740028381|20.4961967468|9784|167.75|-185.75|0|0|0
04:48:44|2645|846|CBJ5188|109.746551514|20.4895019531|9784|168.75|-185.25|0|0|0
04:48:48|2645|846|CBJ5188|109.752559662|20.482635498|9784|168.25|-185.75|0|0|0
04:48:52|2645|846|CBJ5188|109.758739471|20.4755973816|9784|168.75|-185.75|0|0|0
04:48:56|2645|846|CBJ5188|109.76474762|20.4685592651|9784|168.25|-186.25|0|0|0
04:49:00|2645|846|CBJ5188|109.770927429|20.4616928101|9784|168.75|-186.25|0|0|0
04:49:04|2645|846|CBJ5188|109.776935577|20.4546546936|9784|168.25|-186.75|0|0|0
04:49:08|2645|846|CBJ5188|109.78225708|20.4472732544|9784|166.5|-188.0|0|0|0
04:49:12|2645|846|CBJ5188|109.786891937|20.441608429|9784|166.0|-188.0|0|0|0
04:49:16|2645|846|CBJ5188|109.794445038|20.4330253601|9784|166.5|-188.0|0|0|0
04:49:20|2645|846|CBJ5188|109.798908234|20.427532196|9784|166.0|-188.0|0|0|0
04:49:24|2645|846|CBJ5188|109.805088043|20.4208374023|9784|166.75|-187.25|0|0|0
04:49:28|2645|846|CBJ5188|109.812984467|20.4124259949|9784|167.75|-186.25|0|0|0
04:49:32|2645|846|CBJ5188|109.817447662|20.4071044922|9784|167.25|-186.75|0|0|0
04:49:36|2645|846|CBJ5188|109.823627472|20.4004096985|9784|167.75|-186.25|0|0|0
04:49:40|2645|846|CBJ5188|109.829978943|20.393371582|9784|168.25|-186.25|0|0|0
04:49:44|2645|846|CBJ5188|109.837188721|20.3849601746|9784|167.75|-186.25|0|0|0
04:49:48|2645|846|CBJ5188|109.84336853|20.3780937195|9784|168.25|-186.25|0|0|0
04:49:52|2645|846|CBJ5188|109.848518372|20.3726005554|9784|168.25|-185.75|0|0|0
04:49:56|2645|846|CBJ5188|109.854354858|20.365562439|9784|167.75|-186.25|0|0|0
04:50:00|2645|846|CBJ5188|109.860363007|20.3586959839|9784|167.75|-186.25|0|0|0
04:50:04|2645|846|CBJ5188|109.866371155|20.3516578674|9784|167.25|-186.25|0|0|0
04:50:08|2645|846|CBJ5188|109.872379303|20.3447914124|9784|167.75|-185.75|0|0|0
04:50:12|2645|846|CBJ5188|109.878044128|20.3375816345|9784|166.5|-186.75|0|0|0
04:50:16|2645|846|CBJ5188|109.883708954|20.3305435181|9784|166.0|-187.5|0|0|0
04:50:20|2645|846|CBJ5188|109.889202118|20.3231620789|9784|165.0|-188.0|0|0|0
04:50:24|2645|846|CBJ5188|109.895210266|20.3157806396|9784|164.5|-188.0|0|0|0
04:50:28|2645|846|CBJ5188|109.900875092|20.3085708618|9784|163.5|-189.0|0|0|0
04:50:32|2645|846|CBJ5188|109.906368256|20.3015327454|9784|163.0|-189.0|0|0|0
04:50:36|2645|846|CBJ5188|109.912204742|20.2944946289|9784|163.0|-189.0|0|0|0
04:50:40|2645|846|CBJ5188|109.918041229|20.2874565125|9784|163.0|-189.5|0|0|0
04:50:44|2645|846|CBJ5188|109.924049377|20.2802467346|9784|163.0|-189.5|0|0|0
04:50:48|2645|846|CBJ5188|109.930057526|20.2732086182|9784|163.5|-189.0|0|0|0
04:50:52|2645|846|CBJ5188|109.936408997|20.2661705017|9784|164.5|-188.5|0|0|0
04:50:56|2645|846|CBJ5188|109.942073822|20.2596473694|9784|164.5|-188.5|0|0|0
04:51:00|2645|846|CBJ5188|109.948253632|20.2526092529|9784|165.0|-188.5|0|0|0
04:51:04|2645|846|CBJ5188|109.955120087|20.2453994751|9784|166.5|-187.5|0|0|0
04:51:08|2645|846|CBJ5188|109.961471558|20.2387046814|9784|167.25|-187.25|0|0|0
04:51:12|2645|846|CBJ5188|109.967651367|20.2318382263|9784|167.25|-187.25|0|0|0
04:51:16|2645|846|CBJ5188|109.973831177|20.2248001099|9784|167.75|-186.75|0|0|0
04:51:20|2645|846|CBJ5188|109.980182648|20.2181053162|9784|168.25|-186.75|0|0|0
04:51:24|2645|846|CBJ5188|109.98670578|20.2114105225|9784|169.25|-185.75|0|0|0
04:51:28|2645|846|CBJ5188|109.993057251|20.2047157288|9784|170.25|-185.25|0|0|0
04:51:32|2645|846|CBJ5188|109.999408722|20.1973342896|9784|169.75|-185.75|0|0|0
04:51:36|2645|846|CBJ5188|110.006103516|20.1908111572|9784|171.25|-184.75|0|0|0
04:51:40|2645|846|CBJ5188|110.012283325|20.1839447021|9784|171.25|-184.75|0|0|0
04:51:44|2645|846|CBJ5188|110.017261505|20.1784515381|9784|171.25|-184.25|0|0|0
04:51:48|2645|846|CBJ5188|110.024299622|20.1700401306|9784|170.75|-184.75|0|0|0
04:51:52|2645|846|CBJ5188|110.029621124|20.16248703|9784|168.75|-187.25|0|0|0
04:51:56|2645|846|CBJ5188|110.035800934|20.155620575|9784|168.75|-187.25|0|0|0
04:52:00|2645|846|CBJ5188|110.039920807|20.1494407654|9784|166.75|-188.0|0|0|0
04:52:04|2645|846|CBJ5188|110.04524231|20.1420593262|9784|165.0|-189.5|0|0|0
04:52:08|2645|846|CBJ5188|110.053482056|20.1341629028|9784|168.25|-187.25|0|0|0
04:52:12|2645|846|CBJ5188|110.059490204|20.1271247864|9784|168.25|-187.25|0|0|0
04:52:16|2645|846|CBJ5188|110.066184998|20.1230049133|9784|173.75|-182.75|0|0|0
04:52:20|2645|846|CBJ5188|110.071163177|20.1152801514|9784|169.75|-186.75|0|0|0
04:52:24|2645|846|CBJ5188|110.076656342|20.1078987122|9784|167.75|-187.5|0|0|0
04:52:28|2645|846|CBJ5188|110.083351135|20.0986289978|9784|166.0|-189.5|0|0|0
04:52:32|2645|846|CBJ5188|110.087299347|20.092792511|9784|164.5|-190.5|0|0|0
04:52:36|2645|846|CBJ5188|110.09262085|20.0854110718|9784|163.0|-191.5|0|0|0
04:52:40|2645|846|CBJ5188|110.097942352|20.0778579712|9784|162.0|-192.5|0|0|0
04:52:44|2645|846|CBJ5188|110.103263855|20.0703048706|9784|160.5|-193.0|0|0|0
04:52:48|2645|846|CBJ5188|110.108413696|20.0629234314|9784|159.25|-193.5|0|0|0
04:52:52|2645|846|CBJ5188|110.113220215|20.0555419922|9784|156.75|-194.25|0|0|0
04:52:56|2645|846|CBJ5188|110.116825104|20.0473022461|9784|150.0|-198.75|0|0|0
04:53:00|2645|846|CBJ5188|110.119056702|20.0387191772|9784|134.5|-207.0|0|0|0
04:53:04|2645|846|CBJ5188|110.120258331|20.0301361084|9784|113.75|-216.5|0|0|0
04:53:08|2645|846|CBJ5188|110.118370056|20.0203514099|9784|75.75|-230.5|0|0|0
04:53:12|2645|846|CBJ5188|110.117511749|20.0112533569|9784|47.25|-236.75|0|0|0
04:53:16|2645|846|CBJ5188|110.117683411|20.0024986267|9784|30.0|-238.25|0|0|0
04:53:20|2645|846|CBJ5188|110.118541718|19.994430542|9784|25.0|-237.75|0|0|0
04:53:24|2645|846|CBJ5188|110.118541718|19.9858474731|9784|16.0|-237.75|0|0|0
04:53:28|2645|846|CBJ5188|110.119400024|19.9777793884|9784|15.0|-236.25|0|0|0
04:53:32|2645|846|CBJ5188|110.119743347|19.9697113037|9784|12.0|-235.25|0|0|0
04:53:36|2645|846|CBJ5188|110.118541718|19.9609565735|9784|2.0|-236.25|0|0|0
04:53:40|2645|846|CBJ5188|110.118541718|19.9532318115|9784|0.0|-234.0|0|0|0
04:53:44|2645|846|CBJ5188|110.116653442|19.9446487427|9784|-13.0|-233.0|0|0|0
04:53:48|2645|846|CBJ5188|110.115451813|19.9369239807|9784|-18.75|-231.5|0|0|0
04:53:52|2645|846|CBJ5188|110.113391876|19.928855896|9784|-26.5|-230.5|0|0|0
04:53:56|2645|846|CBJ5188|110.110473633|19.9207878113|9784|-37.5|-229.0|0|0|0
04:54:00|2645|846|CBJ5188|110.108757019|19.9134063721|9784|-42.5|-226.25|0|0|0
04:54:04|2645|846|CBJ5188|110.105323792|19.9055099487|9784|-51.5|-224.75|0|0|0
04:54:08|2645|846|CBJ5188|110.101718903|19.8979568481|9784|-62.75|-221.75|0|0|0
04:54:12|2645|846|CBJ5188|110.098800659|19.8907470703|9784|-68.0|-218.5|0|0|0
04:54:16|2645|846|CBJ5188|110.094852448|19.8835372925|9784|-76.75|-215.5|0|0|0
04:54:20|2645|846|CBJ5188|110.090904236|19.8759841919|9784|-83.5|-212.25|0|0|0
04:54:24|2645|846|CBJ5188|110.087471008|19.8691177368|9784|-85.75|-210.25|0|0|0
04:54:28|2645|846|CBJ5188|110.084552765|19.8624229431|9784|-85.0|-208.25|0|0|0
04:54:32|2645|846|CBJ5188|110.080776215|19.8552131653|9784|-86.75|-207.75|0|0|0
04:54:36|2645|846|CBJ5188|110.076828003|19.8478317261|9784|-87.75|-207.75|0|0|0
04:54:40|2645|846|CBJ5188|110.073566437|19.8407936096|9784|-86.75|-207.5|0|0|0
04:54:44|2645|846|CBJ5188|110.070476532|19.8339271545|9769|-85.75|-206.0|-2|0|0
04:54:48|2645|846|CBJ5188|110.067043304|19.8280906677|9738|-87.75|-205.5|-4|0|0
04:54:52|2645|846|CBJ5188|110.063095093|19.8207092285|9693|-88.75|-204.5|-7|0|0
04:54:56|2645|846|CBJ5188|110.059318542|19.8126411438|9632|-87.75|-204.5|-10|0|0
04:55:00|2645|846|CBJ5188|110.056056976|19.8057746887|9578|-86.75|-204.0|-11|0|0
04:55:04|2645|846|CBJ5188|110.054512024|19.8009681702|9517|-85.0|-202.5|-13|0|0
04:55:08|2645|846|CBJ5188|110.051422119|19.7942733765|9456|-84.0|-201.5|-14|0|0
04:55:12|2645|846|CBJ5188|110.047130585|19.7855186462|9411|-84.0|-201.5|-13|0|0
04:55:16|2645|846|CBJ5188|110.042667389|19.778137207|9357|-85.75|-202.0|-13|0|0
04:55:20|2645|846|CBJ5188|110.039920807|19.7728157043|9357|-85.75|-202.0|-13|0|0
04:55:24|2645|846|CBJ5188|110.035457611|19.7638893127|9357|-85.75|-202.0|-13|0|0
04:55:29|2645|846|CBJ5188|110.035457611|19.7638893127|9357|-85.75|-202.0|-13|0|0
04:55:33|2645|846|CBJ5188|110.035457611|19.7638893127|9357|-85.75|-202.0|-13|0|0
04:55:37|2645|846|CBJ5188|110.035457611|19.7638893127|9357|-85.75|-202.0|-13|0|0
04:55:41|2645|846|CBJ5188|110.035457611|19.7638893127|9357|-85.75|-202.0|-13|0|0
04:55:45|2645|846|CBJ5188|110.035457611|19.7638893127|9357|-85.75|-202.0|-13|0|0
04:55:49|2645|846|CBJ5188|110.035457611|19.7638893127|9357|-85.75|-202.0|-13|0|0
04:55:53|2645|846|CBJ5188|110.035457611|19.7638893127|9357|-85.75|-202.0|-13|0|0
04:55:57|2645|846|CBJ5188|110.035457611|19.7638893127|9357|-85.75|-202.0|-13|0|0
04:56:01|2645|846|CBJ5188|110.035457611|19.7638893127|9357|-85.75|-202.0|-13|0|0
04:56:05|2645|846|CBJ5188|110.035457611|19.7638893127|9357|-85.75|-202.0|-13|0|0
04:56:09|2645|846|CBJ5188|110.035457611|19.7638893127|9357|-85.75|-202.0|-13|0|0
04:56:13|2645|846|CBJ5188|110.035457611|19.7638893127|9357|-85.75|-202.0|-13|0|0
04:56:17|2645|846|CBJ5188|110.035457611|19.7638893127|9357|-85.75|-202.0|-13|0|0
04:56:21|2645|846|CBJ5188|110.035457611|19.7638893127|9357|-85.75|-202.0|-13|0|0
04:56:25|2645|846|CBJ5188|110.035457611|19.7638893127|9357|-85.75|-202.0|-13|0|0
