15:00:04|2273|3874|CBJ5162|104.962177277|29.3853378296|11049|73.75|-212.25|4|0|11308
15:00:08|2273|3874|CBJ5162|104.964752197|29.3784713745|11064|74.25|-213.25|4|0|11308
15:00:12|2273|3874|CBJ5162|104.967670441|29.3707466125|11079|74.25|-213.75|4|0|11308
15:00:16|2273|3874|CBJ5162|104.970760345|29.3628501892|11095|74.75|-214.5|4|0|11308
15:00:20|2273|3874|CBJ5162|104.974536896|29.3530654907|11110|75.25|-216.5|4|0|11308
15:00:24|2273|3874|CBJ5162|104.977455139|29.3455123901|11125|75.75|-217.5|4|0|11308
15:00:28|2273|3874|CBJ5162|104.980545044|29.3377876282|11140|76.25|-218.5|4|0|11308
15:00:32|2273|3874|CBJ5162|104.98380661|29.3292045593|11156|76.25|-219.0|4|0|11308
15:00:36|2273|3874|CBJ5162|104.986896515|29.3211364746|11179|76.25|-219.0|4|0|11308
15:00:40|2273|3874|CBJ5162|104.990158081|29.3127250671|11194|76.75|-219.5|4|0|11308
15:00:44|2273|3874|CBJ5162|104.992904663|29.3055152893|11209|76.75|-220.0|4|0|11308
15:00:48|2273|3874|CBJ5162|104.995651245|29.2984771729|11224|76.75|-220.0|4|0|11308
15:00:52|2273|3874|CBJ5162|104.999084473|29.2895507812|11247|76.75|-219.5|4|0|11308
15:00:56|2273|3874|CBJ5162|105.002174377|29.2814826965|11255|76.25|-219.5|4|0|11308
15:01:00|2273|3874|CBJ5162|105.005435944|29.2730712891|11270|76.75|-220.0|4|0|11308
15:01:04|2273|3874|CBJ5162|105.008525848|29.2650032043|11278|76.75|-220.0|4|0|11308
15:01:08|2273|3874|CBJ5162|105.01127243|29.2581367493|11293|76.75|-220.5|3|0|11308
15:01:12|2273|3874|CBJ5162|105.014533997|29.2497253418|11308|76.75|-220.5|3|0|11308
15:01:16|2273|3874|CBJ5162|105.017623901|29.2413139343|11308|76.75|-221.0|2|0|11308
15:01:20|2273|3874|CBJ5162|105.020885468|29.2329025269|11300|77.25|-221.25|0|0|11308
15:01:24|2273|3874|CBJ5162|105.02363205|29.2260360718|11300|77.25|-221.25|0|0|11308
15:01:28|2273|3874|CBJ5162|105.027236938|29.216594696|11300|77.25|-221.25|0|0|11308
15:01:32|2273|3874|CBJ5162|105.030155182|29.2088699341|11308|77.25|-221.75|0|0|11308
15:01:36|2273|3874|CBJ5162|105.033416748|29.2009735107|11308|77.75|-221.75|0|0|11308
15:01:40|2273|3874|CBJ5162|105.036334991|29.192905426|11308|77.75|-222.25|0|0|11308
15:01:44|2273|3874|CBJ5162|105.039596558|29.1848373413|11308|77.75|-222.25|0|0|11308
15:01:48|2273|3874|CBJ5162|105.042858124|29.1762542725|11308|77.75|-222.25|0|0|11308
15:01:52|2273|3874|CBJ5162|105.04611969|29.167842865|11308|78.25|-222.75|0|0|11308
15:01:56|2273|3874|CBJ5162|105.048694611|29.1613197327|11308|78.25|-222.75|0|0|11308
15:02:00|2273|3874|CBJ5162|105.051784515|29.1532516479|11308|78.25|-222.75|0|0|11308
15:02:04|2273|3874|CBJ5162|105.055046082|29.1446685791|11308|78.25|-222.75|0|0|11308
15:02:08|2273|3874|CBJ5162|105.058135986|29.1369438171|11308|78.25|-222.75|0|0|11308
15:02:12|2273|3874|CBJ5162|105.061397552|29.1283607483|11308|78.25|-222.75|0|0|11308
15:02:16|2273|3874|CBJ5162|105.064315796|29.1208076477|11308|78.25|-222.75|0|0|11308
15:02:20|2273|3874|CBJ5162|105.067405701|29.112739563|11308|77.75|-222.75|0|0|11308
15:02:24|2273|3874|CBJ5162|105.071182251|29.1032981873|11308|77.75|-222.75|0|0|11308
15:02:28|2273|3874|CBJ5162|105.07358551|29.0967750549|11308|77.75|-222.75|0|0|11308
15:02:32|2273|3874|CBJ5162|105.076675415|29.0885353088|11308|77.75|-222.75|0|0|11308
15:02:36|2273|3874|CBJ5162|105.07976532|29.0804672241|11308|77.75|-222.75|0|0|11308
15:02:40|2273|3874|CBJ5162|105.083370209|29.0713691711|11308|77.75|-222.75|0|0|11308
15:02:44|2273|3874|CBJ5162|105.086288452|29.0636444092|11308|77.75|-222.25|0|0|11308
15:02:48|2273|3874|CBJ5162|105.089378357|29.0555763245|11308|77.75|-222.25|0|0|11308
15:02:52|2273|3874|CBJ5162|105.092468262|29.0476799011|11308|77.75|-222.25|0|0|11308
15:02:56|2273|3874|CBJ5162|105.095558167|29.0396118164|11308|77.75|-222.75|0|0|11308
15:03:00|2273|3874|CBJ5162|105.09847641|29.0315437317|11308|77.25|-222.75|0|0|11308
15:03:04|2273|3874|CBJ5162|105.101566315|29.0236473083|11308|77.75|-222.75|0|0|11308
15:03:08|2273|3874|CBJ5162|105.104827881|29.0154075623|11308|77.75|-222.25|0|0|11308
15:03:12|2273|3874|CBJ5162|105.107746124|29.0073394775|11308|77.25|-222.25|0|0|11308
15:03:16|2273|3874|CBJ5162|105.110492706|28.999786377|11308|76.75|-222.25|0|0|11308
15:03:20|2273|3874|CBJ5162|105.113582611|28.9917182922|11308|76.75|-222.25|0|0|11308
15:03:24|2273|3874|CBJ5162|105.116672516|28.9841651917|11308|77.25|-221.75|0|0|11308
15:03:28|2273|3874|CBJ5162|105.119762421|28.9762687683|11308|77.75|-221.75|0|0|11308
15:03:32|2273|3874|CBJ5162|105.122680664|28.9682006836|11308|76.75|-221.75|0|0|11308
15:03:36|2273|3874|CBJ5162|105.125770569|28.9603042603|11308|76.75|-221.75|0|0|11308
15:03:40|2273|3874|CBJ5162|105.128860474|28.9525794983|11308|77.25|-221.25|0|0|11308
15:03:44|2273|3874|CBJ5162|105.132293701|28.9433097839|11308|76.75|-221.25|0|0|11308
15:03:48|2273|3874|CBJ5162|105.135211945|28.9357566833|11308|77.25|-221.25|0|0|11308
15:03:52|2273|3874|CBJ5162|105.138130188|28.9285469055|11308|77.25|-221.0|0|0|11308
15:03:56|2273|3874|CBJ5162|105.141735077|28.9189338684|11308|77.25|-221.0|0|0|11308
15:04:00|2273|3874|CBJ5162|105.144138336|28.9127540588|11308|76.75|-221.0|0|0|11308
15:04:04|2273|3874|CBJ5162|105.147228241|28.90417099|11308|76.75|-221.0|0|0|11308
15:04:08|2273|3874|CBJ5162|105.150146484|28.8962745667|11308|76.75|-221.0|0|0|11308
15:04:12|2273|3874|CBJ5162|105.153236389|28.8883781433|11308|76.25|-221.0|0|0|11308
15:04:16|2273|3874|CBJ5162|105.156154633|28.88048172|11308|76.25|-221.0|0|0|11308
15:04:20|2273|3874|CBJ5162|105.159244537|28.8725852966|11308|76.25|-221.0|0|0|11308
15:04:24|2273|3874|CBJ5162|105.162162781|28.8646888733|11308|76.25|-221.0|0|0|11308
15:04:28|2273|3874|CBJ5162|105.165081024|28.8566207886|11308|76.25|-221.0|0|0|11308
15:04:32|2273|3874|CBJ5162|105.168685913|28.8466644287|11308|75.75|-221.0|0|0|11308
15:04:36|2273|3874|CBJ5162|105.171604156|28.8387680054|11308|75.25|-221.25|0|0|11308
15:04:40|2273|3874|CBJ5162|105.1745224|28.830871582|11308|75.25|-221.25|0|0|11308
15:04:44|2273|3874|CBJ5162|105.177440643|28.8229751587|11308|75.25|-221.25|0|0|11308
15:04:48|2273|3874|CBJ5162|105.180530548|28.8150787354|11308|75.25|-221.25|0|0|11308
15:04:52|2273|3874|CBJ5162|105.18327713|28.8075256348|11308|75.25|-221.0|0|0|11308
15:04:56|2273|3874|CBJ5162|105.186195374|28.7992858887|11308|74.75|-221.0|0|0|11308
15:05:00|2273|3874|CBJ5162|105.188770294|28.7924194336|11308|74.75|-221.0|0|0|11308
15:05:04|2273|3874|CBJ5162|105.191860199|28.7840080261|11308|74.75|-221.0|0|0|11308
15:05:08|2273|3874|CBJ5162|105.195121765|28.7755966187|11308|74.75|-221.0|0|0|11308
15:05:12|2273|3874|CBJ5162|105.198040009|28.7675285339|11308|74.75|-221.0|0|0|11308
15:05:16|2273|3874|CBJ5162|105.201129913|28.7594604492|11308|75.25|-221.0|0|0|11308
15:05:20|2273|3874|CBJ5162|105.203704834|28.7522506714|11308|75.25|-221.0|0|0|11308
15:05:24|2273|3874|CBJ5162|105.206794739|28.7438392639|11308|75.25|-221.25|0|0|11308
15:05:28|2273|3874|CBJ5162|105.210056305|28.7355995178|11308|75.75|-221.0|0|0|11308
15:05:32|2273|3874|CBJ5162|105.212974548|28.7278747559|11308|75.75|-221.0|0|0|11308
15:05:36|2273|3874|CBJ5162|105.215892792|28.7199783325|11308|75.75|-221.0|0|0|11308
15:05:40|2273|3874|CBJ5162|105.218982697|28.7120819092|11308|75.75|-221.0|0|0|11308
15:05:44|2273|3874|CBJ5162|105.222244263|28.7036705017|11308|76.25|-221.0|0|0|11308
15:05:48|2273|3874|CBJ5162|105.225162506|28.6957740784|11308|75.75|-221.0|0|0|11308
15:05:52|2273|3874|CBJ5162|105.228424072|28.6868476868|11308|75.75|-221.0|0|0|11308
15:05:56|2273|3874|CBJ5162|105.230998993|28.6799812317|11308|75.75|-221.0|0|0|11308
15:06:00|2273|3874|CBJ5162|105.234260559|28.6713981628|11308|75.75|-221.0|0|0|11308
15:06:04|2273|3874|CBJ5162|105.237522125|28.6624717712|11308|75.75|-221.25|0|0|11308
15:06:08|2273|3874|CBJ5162|105.239753723|28.6562919617|11308|75.75|-221.25|0|0|11308
15:06:12|2273|3874|CBJ5162|105.243186951|28.6471939087|11308|75.25|-221.0|0|0|11308
15:06:16|2273|3874|CBJ5162|105.246105194|28.639125824|11308|75.25|-221.0|0|0|11308
15:06:20|2273|3874|CBJ5162|105.249195099|28.6307144165|11308|75.25|-221.0|0|0|11308
15:06:24|2273|3874|CBJ5162|105.251941681|28.6236763|11308|75.25|-221.25|0|0|11308
15:06:28|2273|3874|CBJ5162|105.254859924|28.615436554|11308|75.75|-221.25|0|0|11308
15:06:32|2273|3874|CBJ5162|105.257778168|28.607711792|11308|75.75|-221.25|0|0|11308
15:06:36|2273|3874|CBJ5162|105.261039734|28.5994720459|11308|75.75|-221.25|0|0|11308
15:06:40|2273|3874|CBJ5162|105.263957977|28.5914039612|11308|75.75|-221.75|0|0|11308
15:06:44|2273|3874|CBJ5162|105.266876221|28.5835075378|11308|76.25|-221.75|0|0|11308
15:06:48|2273|3874|CBJ5162|105.269966125|28.5752677917|11308|76.25|-221.75|0|0|11308
15:06:52|2273|3874|CBJ5162|105.273227692|28.5668563843|11308|76.25|-222.25|0|0|11308
15:06:56|2273|3874|CBJ5162|105.276317596|28.5584449768|11308|76.25|-222.25|0|0|11308
15:07:00|2273|3874|CBJ5162|105.279407501|28.5502052307|11308|76.25|-222.25|0|0|11308
15:07:04|2273|3874|CBJ5162|105.282497406|28.5417938232|11308|76.25|-222.25|0|0|11308
15:07:08|2273|3874|CBJ5162|105.285587311|28.5337257385|11308|76.25|-222.75|0|0|11308
15:07:12|2273|3874|CBJ5162|105.288333893|28.5261726379|11308|76.25|-222.75|0|0|11308
15:07:16|2273|3874|CBJ5162|105.291252136|28.518447876|11308|76.25|-223.25|0|0|11308
15:07:20|2273|3874|CBJ5162|105.294513702|28.5095214844|11308|76.25|-223.25|0|0|11308
15:07:24|2273|3874|CBJ5162|105.297088623|28.5024833679|11308|76.25|-223.25|0|0|11308
15:07:28|2273|3874|CBJ5162|105.300178528|28.4940719604|11308|76.25|-223.75|0|0|11308
15:07:32|2273|3874|CBJ5162|105.303268433|28.4860038757|11308|76.25|-223.75|0|0|11308
15:07:36|2273|3874|CBJ5162|105.306186676|28.4781074524|11308|76.25|-223.75|0|0|11308
15:07:40|2273|3874|CBJ5162|105.309276581|28.4698677063|11308|76.25|-223.75|0|0|11308
15:07:44|2273|3874|CBJ5162|105.312366486|28.4616279602|11308|76.25|-223.75|0|0|11308
15:07:48|2273|3874|CBJ5162|105.315971375|28.4518432617|11308|76.75|-223.75|0|0|11308
15:07:52|2273|3874|CBJ5162|105.318374634|28.4453201294|11308|76.75|-224.25|0|0|11308
15:07:56|2273|3874|CBJ5162|105.321807861|28.436050415|11308|76.75|-224.25|0|0|11308
15:08:00|2273|3874|CBJ5162|105.324726105|28.4283256531|11308|76.75|-224.25|0|0|11308
15:08:04|2273|3874|CBJ5162|105.32781601|28.4202575684|11308|76.75|-224.25|0|0|11308
15:08:08|2273|3874|CBJ5162|105.330734253|28.4121894836|11308|76.75|-224.25|0|0|11308
15:08:12|2273|3874|CBJ5162|105.333824158|28.4039497375|11308|76.75|-224.25|0|0|11308
15:08:16|2273|3874|CBJ5162|105.336742401|28.3958816528|11308|76.75|-224.25|0|0|11308
15:08:20|2273|3874|CBJ5162|105.339832306|28.3876419067|11308|76.75|-224.25|0|0|11308
15:08:24|2273|3874|CBJ5162|105.342922211|28.379573822|11308|76.75|-224.25|0|0|11308
15:08:28|2273|3874|CBJ5162|105.345840454|28.3713340759|11308|76.75|-224.25|0|0|11308
15:08:32|2273|3874|CBJ5162|105.348930359|28.3632659912|11308|76.75|-224.25|0|0|11308
15:08:36|2273|3874|CBJ5162|105.352020264|28.3551979065|11308|76.75|-224.25|0|0|11308
15:08:40|2273|3874|CBJ5162|105.354938507|28.3471298218|11308|77.25|-224.25|0|0|11308
15:08:44|2273|3874|CBJ5162|105.358028412|28.3387184143|11308|76.75|-224.25|0|0|11308
15:08:48|2273|3874|CBJ5162|105.360946655|28.3311653137|11308|77.25|-224.25|0|0|11308
15:08:52|2273|3874|CBJ5162|105.36403656|28.323097229|11308|77.25|-224.25|0|0|11308
15:08:56|2273|3874|CBJ5162|105.367126465|28.3150291443|11308|77.25|-224.25|0|0|11308
15:09:00|2273|3874|CBJ5162|105.370388031|28.3059310913|11308|77.25|-224.25|0|0|11308
15:09:04|2273|3874|CBJ5162|105.373134613|28.2982063293|11308|76.75|-224.25|0|0|11308
15:09:08|2273|3874|CBJ5162|105.376396179|28.2892799377|11308|76.25|-223.75|0|0|11308
15:09:12|2273|3874|CBJ5162|105.3789711|28.2824134827|11308|76.25|-223.75|0|0|11308
15:09:16|2273|3874|CBJ5162|105.382061005|28.2740020752|11308|76.25|-224.25|0|0|11308
15:09:20|2273|3874|CBJ5162|105.385150909|28.2657623291|11308|76.25|-223.75|0|0|11308
15:09:24|2273|3874|CBJ5162|105.38772583|28.2587242126|11308|76.25|-223.75|0|0|11308
15:09:28|2273|3874|CBJ5162|105.390644073|28.2504844666|11308|76.25|-223.75|0|0|11308
15:09:32|2273|3874|CBJ5162|105.39390564|28.2417297363|11308|76.25|-223.75|0|0|11308
15:09:36|2273|3874|CBJ5162|105.396652222|28.2346916199|11308|76.25|-223.75|0|0|11308
15:09:40|2273|3874|CBJ5162|105.399742126|28.2262802124|11308|76.25|-223.75|0|0|11308
15:09:44|2273|3874|CBJ5162|105.403003693|28.2173538208|11308|76.25|-223.75|0|0|11308
15:09:48|2273|3874|CBJ5162|105.405921936|28.2092857361|11308|76.75|-223.75|0|0|11308
15:09:52|2273|3874|CBJ5162|105.408668518|28.2020759583|11308|76.75|-223.75|0|0|11308
15:09:56|2273|3874|CBJ5162|105.412101746|28.1929779053|11308|76.75|-223.75|0|0|11308
15:10:00|2273|3874|CBJ5162|105.41519165|28.1849098206|11308|77.75|-223.75|0|0|11308
15:10:04|2273|3874|CBJ5162|105.418453217|28.1770133972|11308|79.0|-223.25|0|0|11308
15:10:08|2273|3874|CBJ5162|105.421714783|28.1699752808|11308|85.25|-221.0|0|0|11308
15:10:12|2273|3874|CBJ5162|105.426006317|28.1617355347|11308|93.5|-218.5|0|0|11308
15:10:16|2273|3874|CBJ5162|105.430297852|28.1534957886|11308|98.0|-217.5|0|0|11308
15:10:20|2273|3874|CBJ5162|105.434417725|28.1450843811|11308|101.75|-217.5|0|0|11308
15:10:24|2273|3874|CBJ5162|105.43888092|28.1365013123|11308|103.25|-218.0|0|0|11308
15:10:28|2273|3874|CBJ5162|105.443344116|28.1284332275|11308|105.25|-218.0|0|0|11308
15:10:32|2273|3874|CBJ5162|105.447807312|28.1201934814|11308|106.5|-218.0|0|0|11308
15:10:36|2273|3874|CBJ5162|105.451412201|28.1136703491|11308|108.0|-217.5|0|0|11308
15:10:40|2273|3874|CBJ5162|105.456218719|28.1049156189|11308|109.0|-218.0|0|0|11308
15:10:44|2273|3874|CBJ5162|105.460853577|28.0966758728|11308|109.0|-218.0|0|0|11308
15:10:48|2273|3874|CBJ5162|105.464630127|28.0896377563|11308|109.0|-218.5|0|0|11308
15:10:52|2273|3874|CBJ5162|105.469264984|28.0812263489|11308|109.5|-218.5|0|0|11308
15:10:56|2273|3874|CBJ5162|105.47372818|28.0729866028|11308|109.5|-219.0|0|0|11308
15:11:00|2273|3874|CBJ5162|105.478019714|28.0650901794|11308|109.5|-219.0|0|0|11308
15:11:04|2273|3874|CBJ5162|105.482139587|28.0575370789|11308|109.5|-219.0|0|0|11308
15:11:08|2273|3874|CBJ5162|105.486774445|28.0491256714|11308|109.5|-219.5|0|0|11308
15:11:12|2273|3874|CBJ5162|105.491409302|28.0407142639|11308|109.5|-219.5|0|0|11308
15:11:16|2273|3874|CBJ5162|105.495872498|28.0323028564|11308|109.5|-219.5|0|0|11308
15:11:20|2273|3874|CBJ5162|105.499477386|28.0257797241|11308|109.5|-219.5|0|0|11308
15:11:24|2273|3874|CBJ5162|105.503768921|28.0177116394|11308|109.5|-219.5|0|0|11308
15:11:28|2273|3874|CBJ5162|105.508232117|28.0096435547|11308|109.5|-219.5|0|0|11308
15:11:32|2273|3874|CBJ5162|105.512523651|28.00157547|11308|109.5|-219.5|0|0|11308
15:11:36|2273|3874|CBJ5162|105.51733017|27.9928207397|11308|109.5|-219.5|0|0|11308
15:11:40|2273|3874|CBJ5162|105.521621704|27.9849243164|11308|109.5|-219.5|0|0|11308
15:11:44|2273|3874|CBJ5162|105.5260849|27.9768562317|11308|109.5|-219.5|0|0|11308
15:11:48|2273|3874|CBJ5162|105.530376434|27.968788147|11308|109.5|-219.5|0|0|11308
15:11:52|2273|3874|CBJ5162|105.534496307|27.9612350464|11308|109.5|-219.5|0|0|11308
15:11:56|2273|3874|CBJ5162|105.539131165|27.9528236389|11308|109.5|-219.5|0|0|11308
15:12:00|2273|3874|CBJ5162|105.543251038|27.9452705383|11308|109.5|-219.5|0|0|11308
15:12:04|2273|3874|CBJ5162|105.547885895|27.9365158081|11308|109.5|-220.0|0|0|11308
15:12:08|2273|3874|CBJ5162|105.551319122|27.9301643372|11308|109.5|-219.5|0|0|11308
15:12:12|2273|3874|CBJ5162|105.556468964|27.9207229614|11308|109.5|-219.5|0|0|11308
15:12:16|2273|3874|CBJ5162|105.560588837|27.9131698608|11308|109.5|-219.5|0|0|11308
15:12:20|2273|3874|CBJ5162|105.564880371|27.9052734375|11308|109.0|-219.5|0|0|11308
15:12:24|2273|3874|CBJ5162|105.568656921|27.898235321|11308|109.0|-220.0|0|0|11308
15:12:28|2273|3874|CBJ5162|105.572776794|27.8905105591|11308|109.0|-219.5|0|0|11308
15:12:32|2273|3874|CBJ5162|105.577926636|27.8810691833|11308|109.0|-219.5|0|0|11308
15:12:36|2273|3874|CBJ5162|105.58221817|27.87317276|11308|109.0|-219.5|0|0|11308
15:12:40|2273|3874|CBJ5162|105.586509705|27.8651046753|11308|109.0|-219.5|0|0|11308
15:12:44|2273|3874|CBJ5162|105.5909729|27.8570365906|11308|109.0|-219.0|0|0|11308
15:12:48|2273|3874|CBJ5162|105.594749451|27.8499984741|11308|109.0|-219.0|0|0|11308
15:12:52|2273|3874|CBJ5162|105.599212646|27.8415870667|11308|109.0|-219.0|0|0|11308
15:12:56|2273|3874|CBJ5162|105.60333252|27.8338623047|11308|109.0|-219.0|0|0|11308
15:13:00|2273|3874|CBJ5162|105.607967377|27.8254508972|11308|109.0|-219.0|0|0|11308
15:13:04|2273|3874|CBJ5162|105.611915588|27.818069458|11308|109.0|-219.0|0|0|11308
15:13:08|2273|3874|CBJ5162|105.616207123|27.8101730347|11308|108.5|-218.5|0|0|11308
15:13:12|2273|3874|CBJ5162|105.620670319|27.8017616272|11308|108.5|-218.5|0|0|11308
15:13:16|2273|3874|CBJ5162|105.62461853|27.794380188|11308|108.5|-218.5|0|0|11308
15:13:20|2273|3874|CBJ5162|105.628910065|27.7864837646|11308|108.5|-218.5|0|0|11308
15:13:24|2273|3874|CBJ5162|105.63337326|27.7782440186|11308|108.5|-218.5|0|0|11308
15:13:28|2273|3874|CBJ5162|105.637493134|27.770690918|11308|108.5|-218.0|0|0|11308
15:13:32|2273|3874|CBJ5162|105.641613007|27.762966156|11308|108.5|-218.0|0|0|11308
15:13:36|2273|3874|CBJ5162|105.645904541|27.7548980713|11308|108.0|-218.0|0|0|11308
15:13:40|2273|3874|CBJ5162|105.650367737|27.7468299866|11308|108.0|-218.0|0|0|11308
15:13:44|2273|3874|CBJ5162|105.65448761|27.7389335632|11308|108.0|-218.0|0|0|11308
15:13:48|2273|3874|CBJ5162|105.658779144|27.7308654785|11308|108.0|-218.0|0|0|11308
15:13:52|2273|3874|CBJ5162|105.66324234|27.7226257324|11308|108.0|-218.0|0|0|11308
15:13:56|2273|3874|CBJ5162|105.667533875|27.7149009705|11308|108.5|-218.0|0|0|11308
15:14:00|2273|3874|CBJ5162|105.670967102|27.7082061768|11308|108.0|-218.0|0|0|11308
15:14:04|2273|3874|CBJ5162|105.675258636|27.7004814148|11308|108.0|-217.5|0|0|11308
15:14:08|2273|3874|CBJ5162|105.679550171|27.6922416687|11308|108.0|-217.5|0|0|11308
15:14:12|2273|3874|CBJ5162|105.683841705|27.6845169067|11308|108.5|-218.0|0|0|11308
15:14:16|2273|3874|CBJ5162|105.68813324|27.676448822|11308|108.5|-218.0|0|0|11308
15:14:20|2273|3874|CBJ5162|105.692424774|27.6685523987|11308|108.5|-218.0|0|0|11308
15:14:24|2273|3874|CBJ5162|105.696544647|27.6608276367|11308|108.0|-218.0|0|0|11308
15:14:28|2273|3874|CBJ5162|105.701007843|27.6524162292|11308|108.0|-218.0|0|0|11308
15:14:32|2273|3874|CBJ5162|105.705299377|27.6443481445|11308|108.0|-218.0|0|0|11308
15:14:36|2273|3874|CBJ5162|105.709762573|27.6357650757|11308|107.5|-218.0|0|0|11308
15:14:40|2273|3874|CBJ5162|105.714054108|27.6275253296|11308|107.0|-218.5|0|0|11308
15:14:44|2273|3874|CBJ5162|105.718002319|27.619972229|11308|107.0|-218.5|0|0|11308
15:14:48|2273|3874|CBJ5162|105.722465515|27.6117324829|11308|107.5|-218.5|0|0|11308
15:14:52|2273|3874|CBJ5162|105.726413727|27.6043510437|11308|107.0|-218.5|0|0|11308
15:14:56|2273|3874|CBJ5162|105.7305336|27.5964546204|11308|107.0|-218.5|0|0|11308
15:15:00|2273|3874|CBJ5162|105.734653473|27.588558197|11308|107.0|-219.0|0|0|11308
15:15:04|2273|3874|CBJ5162|105.738773346|27.5806617737|11308|106.5|-219.0|0|0|11308
15:15:08|2273|3874|CBJ5162|105.742893219|27.5727653503|11308|106.5|-219.0|0|0|11308
15:15:12|2273|3874|CBJ5162|105.746841431|27.5650405884|11308|106.0|-219.0|0|0|11308
15:15:16|2273|3874|CBJ5162|105.750961304|27.5569725037|11308|106.0|-219.0|0|0|11308
15:15:20|2273|3874|CBJ5162|105.754909515|27.5492477417|11308|105.5|-219.0|0|0|11308
15:15:24|2273|3874|CBJ5162|105.758857727|27.541179657|11308|105.25|-219.5|0|0|11308
15:15:28|2273|3874|CBJ5162|105.762805939|27.5336265564|11308|105.25|-219.0|0|0|11308
15:15:32|2273|3874|CBJ5162|105.76675415|27.5257301331|11308|104.75|-219.0|0|0|11308
15:15:36|2273|3874|CBJ5162|105.770530701|27.5180053711|11308|104.25|-219.0|0|0|11308
15:15:40|2273|3874|CBJ5162|105.775337219|27.5085639954|11308|104.25|-218.5|0|0|11308
15:15:44|2273|3874|CBJ5162|105.779628754|27.5004959106|11308|104.25|-218.5|0|0|11308
15:15:48|2273|3874|CBJ5162|105.783748627|27.4924278259|11308|104.75|-218.5|0|0|11308
15:15:52|2273|3874|CBJ5162|105.7878685|27.4845314026|11308|104.75|-218.5|0|0|11308
15:15:56|2273|3874|CBJ5162|105.791130066|27.4781799316|11308|104.75|-218.5|0|0|11308
15:16:00|2273|3874|CBJ5162|105.795764923|27.46925354|11308|104.75|-218.5|0|0|11308
15:16:04|2273|3874|CBJ5162|105.799369812|27.462387085|11308|105.25|-218.5|0|0|11308
15:16:08|2273|3874|CBJ5162|105.804519653|27.4527740479|11308|105.25|-218.5|0|0|11308
15:16:12|2273|3874|CBJ5162|105.807952881|27.4460792542|11308|105.25|-218.5|0|0|11308
15:16:16|2273|3874|CBJ5162|105.812244415|27.4378395081|11308|105.25|-218.5|0|0|11308
15:16:20|2273|3874|CBJ5162|105.816707611|27.4292564392|11308|105.25|-218.5|0|0|11308
15:16:24|2273|3874|CBJ5162|105.819969177|27.4229049683|11308|105.25|-218.5|0|0|11308
15:16:28|2273|3874|CBJ5162|105.82408905|27.4148368835|11308|105.25|-218.5|0|0|11308
15:16:32|2273|3874|CBJ5162|105.828895569|27.4057388306|11308|105.25|-218.5|0|0|11308
15:16:36|2273|3874|CBJ5162|105.832500458|27.3987007141|11308|105.5|-218.5|0|0|11308
15:16:40|2273|3874|CBJ5162|105.836791992|27.3906326294|11308|105.5|-218.0|0|0|11308
15:16:44|2273|3874|CBJ5162|105.841255188|27.3822212219|11308|106.0|-218.0|0|0|11308
15:16:48|2273|3874|CBJ5162|105.845718384|27.3739814758|11308|106.5|-217.5|0|0|11308
15:16:52|2273|3874|CBJ5162|105.849323273|27.3678016663|11308|107.5|-217.0|0|0|11308
15:16:56|2273|3874|CBJ5162|105.854816437|27.3580169678|11308|108.5|-216.5|0|0|11308
15:17:00|2273|3874|CBJ5162|105.859107971|27.3501205444|11308|110.0|-216.5|0|0|11308
15:17:04|2273|3874|CBJ5162|105.863227844|27.3423957825|11308|109.0|-219.0|0|0|11308
15:17:08|2273|3874|CBJ5162|105.867004395|27.335357666|11308|109.0|-220.5|0|0|11308
15:17:12|2273|3874|CBJ5162|105.872497559|27.3255729675|11308|112.25|-222.25|0|0|11308
15:17:16|2273|3874|CBJ5162|105.877132416|27.3173332214|11308|113.25|-222.25|0|0|11308
15:17:20|2273|3874|CBJ5162|105.881595612|27.3090934753|11308|112.75|-221.25|0|0|11308
15:17:24|2273|3874|CBJ5162|105.886058807|27.301197052|11308|112.75|-220.5|0|0|11308
15:17:28|2273|3874|CBJ5162|105.890522003|27.2931289673|11308|113.25|-221.0|0|0|11308
15:17:32|2273|3874|CBJ5162|105.894985199|27.2854042053|11308|113.75|-220.5|0|0|11308
15:17:36|2273|3874|CBJ5162|105.899276733|27.2780227661|11308|114.75|-220.0|0|0|11308
15:17:40|2273|3874|CBJ5162|105.903739929|27.2701263428|11308|114.75|-220.0|0|0|11308
15:17:44|2273|3874|CBJ5162|105.908374786|27.2620582581|11308|114.25|-220.0|0|0|11308
15:17:48|2273|3874|CBJ5162|105.912837982|27.2543334961|11308|114.25|-218.5|0|0|11308
15:17:52|2273|3874|CBJ5162|105.916957855|27.2464370728|11308|113.25|-217.5|0|0|11308
15:17:56|2273|3874|CBJ5162|105.92124939|27.2388839722|11308|112.75|-216.5|0|0|11308
15:18:00|2273|3874|CBJ5162|105.925540924|27.2313308716|11308|113.25|-217.0|0|0|11308
15:18:04|2273|3874|CBJ5162|105.93000412|27.2232627869|11308|112.75|-217.0|0|0|11308
15:18:08|2273|3874|CBJ5162|105.934123993|27.2157096863|11308|112.25|-217.0|0|0|11308
15:18:12|2273|3874|CBJ5162|105.938415527|27.2078132629|11308|112.25|-217.0|0|0|11308
15:18:16|2273|3874|CBJ5162|105.942707062|27.1995735168|11308|112.0|-217.0|0|0|11308
15:18:20|2273|3874|CBJ5162|105.946998596|27.1918487549|11308|112.0|-217.0|0|0|11308
15:18:24|2273|3874|CBJ5162|105.951290131|27.1841239929|11308|111.5|-217.0|0|0|11308
15:18:28|2273|3874|CBJ5162|105.955238342|27.1769142151|11308|111.0|-216.0|0|0|11308
15:18:32|2273|3874|CBJ5162|105.959529877|27.1690177917|11308|111.0|-216.0|0|0|11308
15:18:36|2273|3874|CBJ5162|105.963821411|27.1612930298|11308|111.0|-216.0|0|0|11308
15:18:40|2273|3874|CBJ5162|105.968284607|27.1533966064|11308|111.5|-216.5|0|0|11308
15:18:44|2273|3874|CBJ5162|105.972747803|27.1451568604|11308|111.5|-216.0|0|0|11308
15:18:48|2273|3874|CBJ5162|105.977554321|27.137260437|11308|112.75|-216.0|0|0|11308
15:18:52|2273|3874|CBJ5162|105.98236084|27.1297073364|11308|114.75|-215.5|0|0|11308
15:18:56|2273|3874|CBJ5162|105.988368988|27.1204376221|11308|116.75|-214.5|0|0|11308
15:19:00|2273|3874|CBJ5162|105.992832184|27.1132278442|11308|118.25|-214.5|0|0|11308
15:19:04|2273|3874|CBJ5162|105.998840332|27.105846405|11308|125.5|-211.75|0|0|11308
15:19:08|2273|3874|CBJ5162|106.00484848|27.0976066589|11308|128.25|-210.25|0|0|11308
15:19:12|2273|3874|CBJ5162|106.01102829|27.091255188|11308|140.25|-204.0|0|0|11308
15:19:16|2273|3874|CBJ5162|106.017551422|27.0833587646|11308|147.0|-201.0|0|0|11308
15:19:20|2273|3874|CBJ5162|106.02355957|27.0759773254|11308|148.5|-202.0|0|0|11308
15:19:24|2273|3874|CBJ5162|106.030426025|27.0685958862|11308|154.75|-199.25|0|0|11308
15:19:28|2273|3874|CBJ5162|106.036605835|27.061214447|11308|153.75|-201.5|0|0|11308
15:19:32|2273|3874|CBJ5162|106.04227066|27.0541763306|11308|154.25|-200.75|0|0|11308
15:19:36|2273|3874|CBJ5162|106.049308777|27.0469665527|11308|159.75|-198.25|0|0|11308
15:19:40|2273|3874|CBJ5162|106.055831909|27.0397567749|11308|161.5|-197.25|0|0|11308
15:19:44|2273|3874|CBJ5162|106.062870026|27.0327186584|11308|165.0|-194.75|0|0|11308
15:19:48|2273|3874|CBJ5162|106.069393158|27.0261955261|11308|169.25|-193.5|0|0|11308
15:19:52|2273|3874|CBJ5162|106.076946259|27.0182991028|11308|170.25|-194.0|0|0|11308
15:19:56|2273|3874|CBJ5162|106.084499359|27.0112609863|11308|173.75|-192.0|0|0|11308
15:20:00|2273|3874|CBJ5162|106.092395782|27.0054244995|11308|182.75|-183.25|0|0|11308
15:20:04|2273|3874|CBJ5162|106.099777222|26.9983863831|11308|182.75|-185.75|0|0|11308
15:20:08|2273|3874|CBJ5162|106.108703613|26.9927215576|11308|197.25|-171.25|0|0|11308
15:20:12|2273|3874|CBJ5162|106.116085052|26.986541748|11308|196.75|-174.5|0|0|11308
15:20:16|2273|3874|CBJ5162|106.124153137|26.9795036316|11308|195.75|-178.0|0|0|11308
15:20:20|2273|3874|CBJ5162|106.132221222|26.9722938538|11308|194.0|-181.75|0|0|11308
15:20:24|2273|3874|CBJ5162|106.141319275|26.9661140442|11308|205.0|-169.75|0|0|11308
15:20:28|2273|3874|CBJ5162|106.148872375|26.960105896|11308|205.5|-172.75|0|0|11308
15:20:32|2273|3874|CBJ5162|106.158657074|26.9549560547|11308|220.5|-155.25|0|0|11308
15:20:36|2273|3874|CBJ5162|106.167240143|26.9486045837|11308|215.5|-162.5|0|0|11308
15:20:40|2273|3874|CBJ5162|106.176509857|26.94190979|11308|217.0|-162.0|0|0|11308
15:20:44|2273|3874|CBJ5162|106.184577942|26.9360733032|11308|218.0|-164.0|0|0|11308
15:20:48|2273|3874|CBJ5162|106.193675995|26.930065155|11308|221.0|-162.0|0|0|11308
15:20:52|2273|3874|CBJ5162|106.202430725|26.9238853455|11308|221.75|-164.0|0|0|11308
15:20:56|2273|3874|CBJ5162|106.211528778|26.9185638428|11308|223.75|-157.75|0|0|11308
15:21:00|2273|3874|CBJ5162|106.220283508|26.9134140015|11308|223.75|-155.75|0|0|11308
15:21:04|2273|3874|CBJ5162|106.229381561|26.9074058533|11308|221.75|-156.75|0|0|11308
15:21:08|2273|3874|CBJ5162|106.238651276|26.9010543823|11308|221.75|-157.75|0|0|11308
15:21:12|2273|3874|CBJ5162|106.247234344|26.8952178955|11308|221.0|-158.25|0|0|11308
15:21:16|2273|3874|CBJ5162|106.255817413|26.8893814087|11308|221.0|-158.75|0|0|11308
15:21:20|2273|3874|CBJ5162|106.26543045|26.8830299377|11308|221.0|-159.25|0|0|11308
15:21:24|2273|3874|CBJ5162|106.272640228|26.8782234192|11308|220.0|-157.75|0|0|11308
15:21:28|2273|3874|CBJ5162|106.281051636|26.8725585938|11308|221.25|-159.25|0|0|11308
15:21:32|2273|3874|CBJ5162|106.289978027|26.8667221069|11308|220.5|-157.75|0|0|11308
15:21:36|2273|3874|CBJ5162|106.298732758|26.8614006042|11308|221.25|-153.25|0|0|11308
15:21:40|2273|3874|CBJ5162|106.308860779|26.8545341492|11308|222.25|-155.75|0|0|11308
15:21:44|2273|3874|CBJ5162|106.318130493|26.8483543396|11308|224.25|-157.75|0|0|11308
15:21:48|2273|3874|CBJ5162|106.326885223|26.84217453|11308|222.75|-159.25|0|0|11308
15:21:52|2273|3874|CBJ5162|106.33649826|26.8347930908|11308|223.75|-164.0|0|0|11308
15:21:56|2273|3874|CBJ5162|106.345424652|26.8286132812|11308|224.25|-164.0|0|0|11308
15:22:00|2273|3874|CBJ5162|106.354522705|26.8226051331|11308|224.75|-164.0|0|0|11308
15:22:04|2273|3874|CBJ5162|106.361904144|26.8174552917|11308|224.25|-163.5|0|0|11308
15:22:08|2273|3874|CBJ5162|106.371002197|26.8114471436|11308|224.25|-162.5|0|0|11308
15:22:12|2273|3874|CBJ5162|106.380271912|26.8050956726|11308|225.75|-164.0|0|0|11308
15:22:16|2273|3874|CBJ5162|106.388683319|26.7992591858|11308|225.75|-164.5|0|0|11308
15:22:20|2273|3874|CBJ5162|106.397953033|26.7927360535|11308|225.75|-166.5|0|0|11308
15:22:24|2273|3874|CBJ5162|106.407051086|26.7863845825|11308|225.75|-167.75|0|0|11308
15:22:28|2273|3874|CBJ5162|106.416149139|26.7796897888|11308|225.25|-168.25|0|0|11308
15:22:32|2273|3874|CBJ5162|106.425933838|26.7728233337|11308|224.25|-167.75|0|0|11308
15:22:36|2273|3874|CBJ5162|106.434516907|26.7666435242|11308|223.25|-168.25|0|0|11308
15:22:40|2273|3874|CBJ5162|106.441726685|26.7611503601|11308|222.75|-169.75|0|0|11308
15:22:44|2273|3874|CBJ5162|106.449966431|26.7549705505|11308|221.75|-170.25|0|0|11308
15:22:48|2273|3874|CBJ5162|106.460266113|26.7475891113|11308|222.25|-170.25|0|0|11308
15:22:52|2273|3874|CBJ5162|106.469707489|26.7408943176|11308|222.25|-170.25|0|0|11308
15:22:56|2273|3874|CBJ5162|106.477775574|26.7371177673|11308|225.25|-163.0|0|0|11308
15:23:00|2273|3874|CBJ5162|106.485843658|26.7311096191|11308|223.75|-165.0|0|0|11308
15:23:04|2273|3874|CBJ5162|106.495456696|26.7242431641|11308|223.25|-166.5|0|0|11308
15:23:08|2273|3874|CBJ5162|106.50472641|26.7175483704|11308|223.25|-166.5|0|0|11308
15:23:12|2273|3874|CBJ5162|106.51227951|26.7123985291|11308|223.25|-166.5|0|0|11308
15:23:16|2273|3874|CBJ5162|106.521377563|26.7062187195|11308|223.25|-165.5|0|0|11308
15:23:20|2273|3874|CBJ5162|106.531505585|26.6996955872|11308|223.75|-164.0|0|0|11308
15:23:24|2273|3874|CBJ5162|106.540260315|26.6940307617|11308|224.25|-163.0|0|0|11308
15:23:28|2273|3874|CBJ5162|106.549186707|26.6880226135|11308|223.75|-162.5|0|0|11308
15:23:32|2273|3874|CBJ5162|106.556911469|26.683216095|11308|223.75|-161.5|0|0|11308
15:23:36|2273|3874|CBJ5162|106.565666199|26.6773796082|11308|224.25|-161.0|0|0|11308
15:23:40|2273|3874|CBJ5162|106.575450897|26.6710281372|11308|223.75|-160.5|0|0|11308
15:23:44|2273|3874|CBJ5162|106.58454895|26.6653633118|11308|223.25|-158.75|0|0|11308
15:23:48|2273|3874|CBJ5162|106.591758728|26.6607284546|11308|223.25|-158.25|0|0|11308
15:23:52|2273|3874|CBJ5162|106.60068512|26.6550636292|11308|223.25|-157.75|0|0|11308
15:23:56|2273|3874|CBJ5162|106.609096527|26.6495704651|11308|223.75|-157.75|0|0|11308
15:24:00|2273|3874|CBJ5162|106.618022919|26.6437339783|11308|223.25|-157.25|0|0|11308
15:24:04|2273|3874|CBJ5162|106.62694931|26.6377258301|11308|222.75|-157.75|0|0|11308
15:24:08|2273|3874|CBJ5162|106.635875702|26.6317176819|11308|222.25|-157.75|0|0|11308
15:24:12|2273|3874|CBJ5162|106.645317078|26.6253662109|11308|222.75|-158.75|0|0|11308
15:24:16|2273|3874|CBJ5162|106.653900146|26.6195297241|11308|222.25|-158.25|0|0|11308
15:24:20|2273|3874|CBJ5162|106.662826538|26.6135215759|11308|222.75|-158.75|0|0|11308
15:24:24|2273|3874|CBJ5162|106.671581268|26.6076850891|11308|222.75|-158.25|0|0|11308
15:24:28|2273|3874|CBJ5162|106.680335999|26.6018486023|11308|222.75|-158.25|0|0|11308
15:24:32|2273|3874|CBJ5162|106.68926239|26.5960121155|11308|222.75|-158.25|0|0|11308
15:24:36|2273|3874|CBJ5162|106.69801712|26.5901756287|11308|222.25|-157.75|0|0|11308
15:24:40|2273|3874|CBJ5162|106.706600189|26.5843391418|11308|222.75|-157.75|0|0|11308
15:24:44|2273|3874|CBJ5162|106.715698242|26.5783309937|11308|221.75|-157.75|0|0|11308
15:24:48|2273|3874|CBJ5162|106.724281311|26.5724945068|11308|221.75|-157.25|0|0|11308
15:24:52|2273|3874|CBJ5162|106.733036041|26.5668296814|11308|221.25|-157.25|0|0|11308
15:24:56|2273|3874|CBJ5162|106.741447449|26.561164856|11308|221.25|-157.25|0|0|11308
15:25:00|2273|3874|CBJ5162|106.749515533|26.5555000305|11308|221.0|-157.75|0|0|11308
15:25:04|2273|3874|CBJ5162|106.757926941|26.5498352051|11308|221.75|-158.25|0|0|11308
15:25:08|2273|3874|CBJ5162|106.767196655|26.5433120728|11308|222.25|-159.25|0|0|11308
15:25:12|2273|3874|CBJ5162|106.775951385|26.5371322632|11308|223.25|-160.5|0|0|11308
15:25:16|2273|3874|CBJ5162|106.786594391|26.5294075012|11308|223.75|-162.0|0|0|11308
15:25:20|2273|3874|CBJ5162|106.795349121|26.5227127075|11308|223.25|-164.5|0|0|11308
15:25:24|2273|3874|CBJ5162|106.80393219|26.5160179138|11308|221.75|-166.5|0|0|11308
15:25:28|2273|3874|CBJ5162|106.812171936|26.5093231201|11308|220.0|-169.25|0|0|11308
15:25:32|2273|3874|CBJ5162|106.820240021|26.5021133423|11308|215.5|-174.5|0|0|11308
15:25:36|2273|3874|CBJ5162|106.827793121|26.4947319031|11308|210.25|-181.25|0|0|11308
15:25:40|2273|3874|CBJ5162|106.835346222|26.4868354797|11308|206.0|-189.0|0|0|11308
15:25:44|2273|3874|CBJ5162|106.843070984|26.4792823792|11308|201.0|-194.0|0|0|11308
15:25:48|2273|3874|CBJ5162|106.850795746|26.4720726013|11308|200.25|-194.25|0|0|11308
15:25:52|2273|3874|CBJ5162|106.858177185|26.465549469|11308|199.75|-194.0|0|0|11308
15:25:56|2273|3874|CBJ5162|106.865730286|26.4583396912|11308|198.25|-194.75|0|0|11308
15:26:00|2273|3874|CBJ5162|106.873455048|26.450958252|11308|197.75|-194.25|0|0|11308
15:26:04|2273|3874|CBJ5162|106.881008148|26.4440917969|11308|197.25|-193.5|0|0|11308
15:26:08|2273|3874|CBJ5162|106.88873291|26.436882019|11308|197.25|-194.0|0|0|11308
15:26:12|2273|3874|CBJ5162|106.895427704|26.4303588867|11308|196.25|-194.25|0|0|11308
15:26:16|2273|3874|CBJ5162|106.902637482|26.4233207703|11308|195.75|-194.75|0|0|11308
15:26:20|2273|3874|CBJ5162|106.910362244|26.4161109924|11308|195.25|-194.25|0|0|11308
15:26:24|2273|3874|CBJ5162|106.917743683|26.409072876|11308|194.75|-194.25|0|0|11308
15:26:28|2273|3874|CBJ5162|106.924953461|26.4022064209|11308|194.75|-194.25|0|0|11308
15:26:32|2273|3874|CBJ5162|106.933021545|26.3946533203|11308|194.75|-194.25|0|0|11308
15:26:36|2273|3874|CBJ5162|106.940746307|26.3872718811|11308|194.25|-194.25|0|0|11308
15:26:40|2273|3874|CBJ5162|106.947956085|26.3807487488|11308|194.25|-193.5|0|0|11308
15:26:44|2273|3874|CBJ5162|106.955680847|26.3735389709|11308|194.25|-193.5|0|0|11308
15:26:48|2273|3874|CBJ5162|106.963233948|26.3663291931|11308|194.0|-193.5|0|0|11308
15:26:52|2273|3874|CBJ5162|106.973018646|26.3622093201|11308|212.25|-172.75|0|0|11308
15:26:56|2273|3874|CBJ5162|106.986236572|26.3618659973|11308|253.25|-101.75|0|0|11308
15:27:00|2273|3874|CBJ5162|106.987438202|26.3481330872|11308|136.0|-231.0|0|0|11308
15:27:04|2273|3874|CBJ5162|106.994132996|26.3404083252|11308|149.0|-224.75|0|0|11308
15:27:08|2273|3874|CBJ5162|106.999282837|26.331653595|11308|131.75|-234.5|0|0|11308
15:27:12|2273|3874|CBJ5162|107.00838089|26.3259887695|11308|168.75|-207.75|0|0|11308
15:27:16|2273|3874|CBJ5162|107.016105652|26.3194656372|11308|179.0|-198.25|0|0|11308
15:27:20|2273|3874|CBJ5162|107.023658752|26.3129425049|11308|183.25|-193.0|0|0|11308
15:27:24|2273|3874|CBJ5162|107.031898499|26.3064193726|11308|187.5|-186.25|0|0|11308
15:27:28|2273|3874|CBJ5162|107.039451599|26.300239563|11308|190.5|-182.25|0|0|11308
15:27:32|2273|3874|CBJ5162|107.047176361|26.2933731079|11308|190.5|-182.25|0|0|11308
15:27:36|2273|3874|CBJ5162|107.054901123|26.2863349915|11308|191.5|-182.75|0|0|11308
15:27:40|2273|3874|CBJ5162|107.062797546|26.2791252136|11308|192.0|-183.25|0|0|11308
15:27:44|2273|3874|CBJ5162|107.070522308|26.2719154358|11308|192.0|-183.75|0|0|11308
15:27:48|2273|3874|CBJ5162|107.07824707|26.2650489807|11308|192.5|-184.25|0|0|11308
15:27:52|2273|3874|CBJ5162|107.085800171|26.2581825256|11308|193.0|-184.25|0|0|11308
15:27:56|2273|3874|CBJ5162|107.09318161|26.2514877319|11308|193.0|-184.75|0|0|11308
15:28:00|2273|3874|CBJ5162|107.100906372|26.2446212769|11308|193.0|-184.75|0|0|11308
15:28:04|2273|3874|CBJ5162|107.108459473|26.2375831604|11308|193.5|-184.75|0|0|10088
15:28:08|2273|3874|CBJ5162|107.115840912|26.2310600281|11308|193.5|-184.75|0|0|10088
15:28:12|2273|3874|CBJ5162|107.123565674|26.2238502502|11308|194.0|-185.25|0|0|10088
15:28:16|2273|3874|CBJ5162|107.131462097|26.2168121338|11293|194.0|-185.25|0|0|10088
15:28:20|2273|3874|CBJ5162|107.139186859|26.209602356|11270|194.0|-185.25|-3|0|10088
15:28:24|2273|3874|CBJ5162|107.145023346|26.2042808533|11255|194.0|-185.75|-4|0|10088
15:28:28|2273|3874|CBJ5162|107.154121399|26.1962127686|11232|194.0|-185.75|-5|0|10088
15:28:32|2273|3874|CBJ5162|107.161846161|26.1891746521|11201|194.25|-185.75|-5|0|10088
15:28:36|2273|3874|CBJ5162|107.169399261|26.1821365356|11186|194.25|-185.75|-5|0|10088
15:28:40|2273|3874|CBJ5162|107.176780701|26.1754417419|11163|194.25|-185.75|-5|0|10088
15:28:44|2273|3874|CBJ5162|107.182788849|26.1699485779|11148|194.25|-185.75|-5|0|10088
15:28:48|2273|3874|CBJ5162|107.190685272|26.1629104614|11125|194.25|-186.25|-5|0|10088
15:28:52|2273|3874|CBJ5162|107.198238373|26.155872345|11102|194.25|-185.75|-5|0|10088
15:28:56|2273|3874|CBJ5162|107.206478119|26.1483192444|11079|194.25|-185.75|-5|0|10088
15:29:00|2273|3874|CBJ5162|107.213859558|26.1416244507|11064|194.25|-185.75|-5|0|10088
15:29:04|2273|3874|CBJ5162|107.221412659|26.1347579956|11049|194.0|-185.75|-5|0|10088
15:29:08|2273|3874|CBJ5162|107.229137421|26.1277198792|11026|194.0|-185.25|-5|0|10088
15:29:12|2273|3874|CBJ5162|107.236347198|26.1211967468|11011|194.0|-185.25|-5|0|10088
15:29:16|2273|3874|CBJ5162|107.243900299|26.1143302917|10988|193.5|-185.25|-5|0|10088
15:29:20|2273|3874|CBJ5162|107.251281738|26.107635498|10973|193.5|-184.75|-5|0|10088
15:29:24|2273|3874|CBJ5162|107.257976532|26.1014556885|10950|193.0|-184.75|-5|0|10088
15:29:28|2273|3874|CBJ5162|107.265357971|26.0945892334|10935|193.0|-184.25|-5|0|10088
15:29:32|2273|3874|CBJ5162|107.27273941|26.0878944397|10912|192.5|-183.75|-5|0|10088
15:29:36|2273|3874|CBJ5162|107.281150818|26.0803413391|10889|192.0|-183.25|-5|0|10088
15:29:40|2273|3874|CBJ5162|107.288703918|26.0733032227|10874|191.0|-183.25|-5|0|10088
15:29:44|2273|3874|CBJ5162|107.294540405|26.0678100586|10851|191.0|-183.25|-5|0|10088
15:29:48|2273|3874|CBJ5162|107.303295135|26.0599136353|10828|191.0|-182.75|-5|0|10088
15:29:52|2273|3874|CBJ5162|107.309303284|26.0542488098|10813|190.5|-183.25|-5|0|10088
15:29:56|2273|3874|CBJ5162|107.31754303|26.0468673706|10790|190.5|-183.25|-5|0|10088
15:30:00|2273|3874|CBJ5162|107.324066162|26.040687561|10767|190.5|-182.75|-5|0|10088
15:30:04|2273|3874|CBJ5162|107.331619263|26.0339927673|10752|190.5|-182.75|-5|0|10088
15:30:08|2273|3874|CBJ5162|107.339515686|26.0266113281|10729|190.5|-182.75|-6|0|10088
15:30:12|2273|3874|CBJ5162|107.346897125|26.0199165344|10698|190.5|-182.75|-6|0|10088
15:30:16|2273|3874|CBJ5162|107.354278564|26.0132217407|10668|190.5|-182.75|-7|0|10088
15:30:20|2273|3874|CBJ5162|107.361316681|26.0066986084|10638|190.5|-182.25|-8|0|10088
15:30:24|2273|3874|CBJ5162|107.368526459|26.0001754761|10599|190.0|-182.25|-8|0|10088
15:30:28|2273|3874|CBJ5162|107.377109528|25.9921073914|10569|189.5|-182.25|-8|0|10088
15:30:32|2273|3874|CBJ5162|107.383460999|25.9864425659|10538|189.5|-182.75|-8|0|10088
15:30:36|2273|3874|CBJ5162|107.390499115|25.9797477722|10508|189.5|-183.25|-8|0|10088
15:30:40|2273|3874|CBJ5162|107.398223877|25.9727096558|10478|190.5|-183.25|-8|0|10088
15:30:44|2273|3874|CBJ5162|107.405605316|25.9660148621|10439|190.0|-183.25|-8|0|10088
15:30:48|2273|3874|CBJ5162|107.412643433|25.9594917297|10409|190.0|-182.75|-8|0|10088
15:30:52|2273|3874|CBJ5162|107.420024872|25.952796936|10378|190.5|-183.25|-8|0|10088
15:30:56|2273|3874|CBJ5162|107.427749634|25.945930481|10348|191.0|-183.25|-8|0|10088
15:31:00|2273|3874|CBJ5162|107.435302734|25.9392356873|10317|191.5|-183.25|-8|0|10088
15:31:04|2273|3874|CBJ5162|107.442512512|25.9321975708|10287|191.0|-184.25|-8|0|10088
15:31:08|2273|3874|CBJ5162|107.451267242|25.9248161316|10257|193.0|-182.25|-8|0|10088
15:31:12|2273|3874|CBJ5162|107.458133698|25.918636322|10226|192.5|-182.75|-8|0|10088
15:31:16|2273|3874|CBJ5162|107.466030121|25.9114265442|10188|192.5|-182.25|-8|0|10088
15:31:20|2273|3874|CBJ5162|107.473583221|25.9047317505|10157|193.0|-181.75|-8|0|10088
15:31:24|2273|3874|CBJ5162|107.481136322|25.8980369568|10135|193.0|-181.25|-7|0|10088
15:31:28|2273|3874|CBJ5162|107.487487793|25.8918571472|10112|192.0|-182.75|-6|0|10088
15:31:32|2273|3874|CBJ5162|107.495555878|25.8843040466|10097|191.0|-183.25|-4|0|10088
15:31:36|2273|3874|CBJ5162|107.502593994|25.8779525757|10089|191.0|-182.75|-3|0|10088
15:31:40|2273|3874|CBJ5162|107.51083374|25.8707427979|10089|192.0|-181.75|-1|0|10088
15:31:44|2273|3874|CBJ5162|107.518558502|25.8638763428|10097|192.5|-181.75|0|0|10088
15:31:48|2273|3874|CBJ5162|107.52576828|25.8573532104|10097|193.0|-181.75|0|0|10088
15:31:52|2273|3874|CBJ5162|107.532463074|25.8508300781|10097|191.5|-182.25|0|0|10088
15:31:56|2273|3874|CBJ5162|107.539329529|25.8444786072|10097|190.5|-181.75|0|0|10088
15:32:00|2273|3874|CBJ5162|107.547912598|25.8369255066|10097|192.0|-181.75|0|0|10088
15:32:04|2273|3874|CBJ5162|107.555294037|25.8300590515|10097|191.5|-182.75|0|0|10088
15:32:08|2273|3874|CBJ5162|107.562847137|25.8230209351|10097|192.5|-182.75|0|0|10088
15:32:12|2273|3874|CBJ5162|107.569885254|25.8166694641|10081|192.0|-183.25|0|0|10088
15:32:16|2273|3874|CBJ5162|107.577610016|25.8091163635|10081|191.5|-184.25|0|0|10088
15:32:20|2273|3874|CBJ5162|107.584819794|25.8020782471|10081|190.5|-185.75|0|0|10088
15:32:24|2273|3874|CBJ5162|107.591514587|25.7958984375|10081|191.0|-184.25|0|0|10088
15:32:28|2273|3874|CBJ5162|107.599754333|25.7876586914|10081|190.5|-186.75|0|0|10088
15:32:32|2273|3874|CBJ5162|107.605934143|25.7818222046|10081|190.0|-187.25|0|0|10088
15:32:36|2273|3874|CBJ5162|107.613658905|25.774269104|10081|190.0|-187.25|0|0|10088
15:32:40|2273|3874|CBJ5162|107.621383667|25.7670593262|10081|190.0|-187.25|0|0|10088
15:32:44|2273|3874|CBJ5162|107.627906799|25.7608795166|10081|190.5|-187.25|0|0|10088
15:32:48|2273|3874|CBJ5162|107.637176514|25.7524681091|10081|191.0|-187.25|0|0|10088
15:32:52|2273|3874|CBJ5162|107.644557953|25.7456016541|10081|192.5|-188.0|0|0|10088
15:32:56|2273|3874|CBJ5162|107.652626038|25.7382202148|10081|195.25|-191.0|0|0|10088
15:33:00|2273|3874|CBJ5162|107.658805847|25.732383728|10081|194.25|-189.5|0|0|10088
15:33:04|2273|3874|CBJ5162|107.668247223|25.7238006592|10081|196.25|-190.0|0|0|10088
15:33:08|2273|3874|CBJ5162|107.675971985|25.7169342041|10081|198.25|-191.0|0|0|10088
15:33:12|2273|3874|CBJ5162|107.682495117|25.71144104|10081|198.25|-189.0|0|0|10088
15:33:16|2273|3874|CBJ5162|107.691764832|25.7032012939|10081|199.25|-188.5|0|0|10088
15:33:20|2273|3874|CBJ5162|107.699661255|25.6959915161|10081|199.25|-189.5|0|0|10088
15:33:24|2273|3874|CBJ5162|107.705497742|25.6904983521|10081|198.75|-189.5|0|0|10088
15:33:28|2273|3874|CBJ5162|107.714939117|25.6817436218|10081|198.75|-189.5|0|0|10088
15:33:32|2273|3874|CBJ5162|107.722492218|25.6743621826|10081|198.25|-190.5|0|0|10088
15:33:36|2273|3874|CBJ5162|107.729873657|25.6676673889|10081|197.25|-189.0|0|0|10088
15:33:40|2273|3874|CBJ5162|107.737255096|25.6608009338|10081|196.25|-188.0|0|0|10088
15:33:44|2273|3874|CBJ5162|107.744636536|25.6539344788|10081|195.75|-187.5|0|0|10088
15:33:48|2273|3874|CBJ5162|107.750301361|25.6489562988|10081|195.75|-187.25|0|0|10088
15:33:52|2273|3874|CBJ5162|107.757854462|25.6419181824|10081|196.25|-187.25|0|0|10088
15:33:56|2273|3874|CBJ5162|107.766094208|25.6347084045|10081|196.75|-187.25|0|0|10088
15:34:00|2273|3874|CBJ5162|107.772960663|25.6281852722|10081|195.75|-186.75|0|0|10088
15:34:04|2273|3874|CBJ5162|107.781887054|25.6199455261|10081|194.75|-186.25|0|0|10088
15:34:08|2273|3874|CBJ5162|107.788925171|25.6134223938|10081|194.75|-185.75|0|0|10088
15:34:12|2273|3874|CBJ5162|107.795619965|25.6074142456|10081|195.75|-185.75|0|0|10088
15:34:16|2273|3874|CBJ5162|107.803688049|25.6005477905|10081|196.75|-185.25|0|0|10088
15:34:20|2273|3874|CBJ5162|107.811412811|25.5938529968|10081|197.25|-184.75|0|0|10088
15:34:24|2273|3874|CBJ5162|107.819137573|25.5869865417|10081|198.25|-184.25|0|0|10088
15:34:28|2273|3874|CBJ5162|107.827033997|25.5801200867|10081|198.25|-184.75|0|0|10088
15:34:32|2273|3874|CBJ5162|107.83493042|25.5732536316|10081|199.75|-184.25|0|0|10088
15:34:36|2273|3874|CBJ5162|107.842826843|25.5663871765|10081|200.75|-184.75|0|0|10088
15:34:40|2273|3874|CBJ5162|107.850379944|25.5591773987|10081|199.25|-186.25|0|0|10088
15:34:44|2273|3874|CBJ5162|107.857589722|25.5517959595|10081|197.25|-188.0|0|0|10088
15:34:48|2273|3874|CBJ5162|107.865314484|25.544757843|10081|197.75|-187.25|0|0|10088
15:34:52|2273|3874|CBJ5162|107.872867584|25.5375480652|10081|196.75|-188.0|0|0|10088
15:34:56|2273|3874|CBJ5162|107.880077362|25.530166626|10081|195.25|-189.5|0|0|10088
15:35:00|2273|3874|CBJ5162|107.886943817|25.5227851868|10081|193.0|-191.0|0|0|10088
15:35:04|2273|3874|CBJ5162|107.894153595|25.5154037476|10081|192.5|-192.0|0|0|10088
15:35:08|2273|3874|CBJ5162|107.897071838|25.5051040649|10081|144.25|-229.0|0|0|10088
15:35:12|2273|3874|CBJ5162|107.903079987|25.4990959167|10081|148.0|-223.75|0|0|10088
15:35:16|2273|3874|CBJ5162|107.909088135|25.4903411865|10081|141.25|-226.75|0|0|10088
15:35:20|2273|3874|CBJ5162|107.913551331|25.4815864563|10081|125.5|-235.75|0|0|10088
15:35:24|2273|3874|CBJ5162|107.920246124|25.4745483398|10081|148.0|-219.5|0|0|10088
15:35:28|2273|3874|CBJ5162|107.925224304|25.4661369324|10081|140.75|-223.75|0|0|10088
15:35:32|2273|3874|CBJ5162|107.930545807|25.4575538635|10081|137.0|-224.75|0|0|10088
15:35:36|2273|3874|CBJ5162|107.935523987|25.4496574402|10081|136.5|-222.75|0|0|10088
15:35:40|2273|3874|CBJ5162|107.93964386|25.442276001|10081|131.25|-224.25|0|0|10088
15:35:44|2273|3874|CBJ5162|107.943763733|25.4336929321|10081|120.5|-226.75|0|0|10088
15:35:48|2273|3874|CBJ5162|107.947368622|25.425453186|10081|108.5|-229.5|0|0|10088
15:35:52|2273|3874|CBJ5162|107.952346802|25.4177284241|10081|121.5|-221.0|0|0|10088
15:35:56|2273|3874|CBJ5162|107.956638336|25.4098320007|10081|116.25|-222.75|0|0|10088
15:36:00|2273|3874|CBJ5162|107.95835495|25.4009056091|10081|80.5|-236.25|0|0|10088
15:36:04|2273|3874|CBJ5162|107.963848114|25.3940391541|10081|108.0|-220.5|0|0|10088
15:36:08|2273|3874|CBJ5162|107.967624664|25.3861427307|10081|103.25|-221.25|0|0|10088
15:36:12|2273|3874|CBJ5162|107.970714569|25.378074646|10081|93.5|-224.25|0|0|10088
15:36:16|2273|3874|CBJ5162|107.969512939|25.3693199158|10081|20.75|-238.25|0|0|10088
15:36:20|2273|3874|CBJ5162|107.971744537|25.3622817993|10081|38.5|-235.25|0|0|10088
15:36:24|2273|3874|CBJ5162|107.976036072|25.3526687622|10081|60.75|-232.0|0|0|10088
15:36:28|2273|3874|CBJ5162|107.978439331|25.3442573547|10081|61.75|-232.5|0|0|10088
15:36:32|2273|3874|CBJ5162|107.980327606|25.3353309631|10081|56.5|-233.5|0|0|10088
15:36:36|2273|3874|CBJ5162|107.982387543|25.3272628784|10081|55.5|-232.5|0|0|10088
15:36:40|2273|3874|CBJ5162|107.984447479|25.3200531006|10081|59.75|-231.0|0|0|10088
15:36:44|2273|3874|CBJ5162|107.985992432|25.3118133545|10081|56.5|-231.0|0|0|10088
15:36:48|2273|3874|CBJ5162|107.986850739|25.3023719788|10081|48.25|-231.5|0|0|10088
15:36:52|2273|3874|CBJ5162|107.987880707|25.2939605713|10081|44.25|-231.5|0|0|10088
15:36:56|2273|3874|CBJ5162|107.988567352|25.2855491638|10081|39.5|-232.5|0|0|10088
15:37:00|2273|3874|CBJ5162|107.987365723|25.2781677246|10081|17.25|-235.0|0|0|10088
15:37:04|2273|3874|CBJ5162|107.988052368|25.267868042|10081|22.75|-236.25|0|0|10088
15:37:08|2273|3874|CBJ5162|107.988395691|25.2592849731|10081|22.75|-237.25|0|0|10088
15:37:12|2273|3874|CBJ5162|107.990455627|25.2529335022|10081|33.25|-232.0|0|0|10088
15:37:16|2273|3874|CBJ5162|107.993373871|25.2438354492|10081|46.25|-228.5|0|0|10088
15:37:20|2273|3874|CBJ5162|107.9945755|25.2355957031|10081|42.0|-229.0|0|0|10088
15:37:24|2273|3874|CBJ5162|107.994747162|25.2275276184|10081|35.75|-229.5|0|0|10088
15:37:28|2273|3874|CBJ5162|107.996292114|25.2191162109|10081|38.0|-229.5|0|0|10088
15:37:32|2273|3874|CBJ5162|107.997665405|25.2110481262|10081|39.0|-229.0|0|0|10088
15:37:36|2273|3874|CBJ5162|107.998695374|25.2024650574|10081|38.0|-229.5|0|0|10088
15:37:40|2273|3874|CBJ5162|107.998695374|25.1940536499|10081|32.25|-230.5|0|0|10088
15:37:44|2273|3874|CBJ5162|107.998867035|25.1859855652|10081|29.0|-231.0|0|0|10088
15:37:48|2273|3874|CBJ5162|107.999382019|25.1779174805|10081|27.0|-231.5|0|0|10088
15:37:52|2273|3874|CBJ5162|107.999897003|25.1696777344|10081|26.0|-232.5|0|0|10088
15:37:56|2273|3874|CBJ5162|108.000411987|25.1614379883|10081|26.0|-233.0|0|0|10088
15:38:00|2273|3874|CBJ5162|108.001270294|25.1509666443|10081|26.0|-234.5|0|0|10088
15:38:04|2273|3874|CBJ5162|108.00195694|25.1427268982|10081|26.0|-235.25|0|0|10088
15:38:08|2273|3874|CBJ5162|108.002471924|25.1344871521|10081|25.5|-236.25|0|0|10088
15:38:12|2273|3874|CBJ5162|108.003501892|25.1243591309|10081|26.5|-236.25|0|0|10088
15:38:16|2273|3874|CBJ5162|108.004360199|25.1174926758|10081|27.5|-235.75|0|0|10088
15:38:20|2273|3874|CBJ5162|108.005390167|25.1092529297|10081|29.0|-235.0|0|0|10088
15:38:24|2273|3874|CBJ5162|108.006420135|25.1010131836|10081|30.5|-234.5|0|0|10088
15:38:28|2273|3874|CBJ5162|108.007450104|25.090713501|10081|30.5|-234.5|0|0|10088
15:38:32|2273|3874|CBJ5162|108.008308411|25.0838470459|10081|30.5|-234.5|0|0|10088
15:38:36|2273|3874|CBJ5162|108.009338379|25.0749206543|10081|31.25|-233.0|0|0|10088
15:38:40|2273|3874|CBJ5162|108.010368347|25.0673675537|10081|31.75|-230.5|0|0|10088
15:38:44|2273|3874|CBJ5162|108.011398315|25.0605010986|10081|32.75|-229.0|0|0|10088
15:38:48|2273|3874|CBJ5162|108.012771606|25.0505447388|10081|33.25|-228.0|0|0|10088
15:38:52|2273|3874|CBJ5162|108.013629913|25.0435066223|10081|33.25|-226.75|0|0|10088
15:38:56|2273|3874|CBJ5162|108.014659882|25.0366401672|10081|33.75|-222.25|0|0|10088
15:39:00|2273|3874|CBJ5162|108.01568985|25.029258728|10081|32.75|-219.0|0|0|10088
15:39:04|2273|3874|CBJ5162|108.016548157|25.0229072571|10081|32.25|-213.25|0|0|10088
15:39:08|2273|3874|CBJ5162|108.017749786|25.0150108337|10081|32.75|-212.25|0|0|10088
15:39:12|2273|3874|CBJ5162|108.018779755|25.006942749|10081|33.25|-213.75|0|0|10088
15:39:16|2273|3874|CBJ5162|108.019981384|24.9981880188|10081|33.25|-216.5|0|0|10088
15:39:20|2273|3874|CBJ5162|108.020839691|24.9908065796|10081|33.25|-219.0|0|0|10088
15:39:24|2273|3874|CBJ5162|108.022041321|24.9823951721|10081|34.25|-221.25|0|0|10088
15:39:28|2273|3874|CBJ5162|108.023414612|24.9738121033|10081|34.75|-222.25|0|0|10088
15:39:32|2273|3874|CBJ5162|108.024616241|24.9654006958|10081|35.25|-224.25|0|0|10088
15:39:36|2273|3874|CBJ5162|108.025817871|24.9571609497|10081|35.75|-224.75|0|0|10088
15:39:40|2273|3874|CBJ5162|108.027362823|24.9480628967|10081|36.75|-225.75|0|0|10088
15:39:44|2273|3874|CBJ5162|108.02822113|24.9405097961|10081|35.75|-226.75|0|0|10088
15:39:48|2273|3874|CBJ5162|108.029079437|24.9319267273|10081|35.75|-228.5|0|0|10088
15:39:52|2273|3874|CBJ5162|108.030109406|24.9235153198|10081|35.25|-229.0|0|0|10088
15:39:56|2273|3874|CBJ5162|108.031311035|24.9152755737|10081|35.25|-228.5|0|0|10088
15:40:00|2273|3874|CBJ5162|108.032341003|24.9070358276|10081|35.25|-228.0|0|0|10088
15:40:04|2273|3874|CBJ5162|108.033370972|24.8989677429|10081|35.25|-227.75|0|0|10088
15:40:08|2273|3874|CBJ5162|108.034229279|24.8910713196|10081|34.75|-228.0|0|0|10088
15:40:12|2273|3874|CBJ5162|108.035259247|24.8826599121|10081|34.25|-228.5|0|0|10088
15:40:16|2273|3874|CBJ5162|108.036804199|24.8735618591|10081|35.75|-230.5|0|0|10088
15:40:20|2273|3874|CBJ5162|108.038349152|24.8651504517|10081|36.75|-231.5|0|0|10088
15:40:24|2273|3874|CBJ5162|108.039722443|24.8553657532|10081|36.75|-232.5|0|0|10088
15:40:28|2273|3874|CBJ5162|108.039894104|24.8472976685|10081|33.25|-234.0|0|0|10088
15:40:32|2273|3874|CBJ5162|108.039550781|24.8383712769|10081|29.0|-236.25|0|0|10088
15:40:36|2273|3874|CBJ5162|108.039550781|24.8299598694|10081|26.0|-236.25|0|0|10088
15:40:40|2273|3874|CBJ5162|108.04058075|24.8213768005|10081|27.5|-235.75|0|0|10088
15:40:44|2273|3874|CBJ5162|108.041439056|24.8124504089|10081|29.0|-234.0|0|0|10088
15:40:48|2273|3874|CBJ5162|108.042469025|24.8045539856|10081|30.5|-232.5|0|0|10088
15:40:52|2273|3874|CBJ5162|108.043498993|24.797000885|10081|30.75|-231.0|0|0|10088
15:40:56|2273|3874|CBJ5162|108.0443573|24.7891044617|10081|31.25|-230.0|0|0|10088
15:41:00|2273|3874|CBJ5162|108.045387268|24.7813796997|10081|31.75|-228.5|0|0|10088
15:41:04|2273|3874|CBJ5162|108.046417236|24.7727966309|10081|32.25|-228.5|0|0|10088
15:41:08|2273|3874|CBJ5162|108.047447205|24.7645568848|10081|32.25|-228.0|0|0|10088
15:41:12|2273|3874|CBJ5162|108.048477173|24.7559738159|10081|32.25|-228.0|0|0|10088
15:41:16|2273|3874|CBJ5162|108.049507141|24.7473907471|10081|32.25|-226.75|0|0|10088
15:41:20|2273|3874|CBJ5162|108.050537109|24.7393226624|10081|32.25|-226.75|0|0|10088
15:41:24|2273|3874|CBJ5162|108.051395416|24.7322845459|10081|32.25|-227.25|0|0|10088
15:41:28|2273|3874|CBJ5162|108.052425385|24.7226715088|10081|32.25|-227.25|0|0|10088
15:41:32|2273|3874|CBJ5162|108.053455353|24.7146034241|10081|32.25|-227.25|0|0|10088
15:41:36|2273|3874|CBJ5162|108.05431366|24.7075653076|10081|32.25|-226.75|0|0|10088
15:41:40|2273|3874|CBJ5162|108.055343628|24.6989822388|10081|32.75|-226.25|0|0|10088
15:41:44|2273|3874|CBJ5162|108.056201935|24.6916007996|10081|32.25|-226.75|0|0|10088
15:41:48|2273|3874|CBJ5162|108.057403564|24.682674408|10081|32.25|-225.75|0|0|10088
15:41:52|2273|3874|CBJ5162|108.058261871|24.6746063232|10081|32.75|-225.75|0|0|10088
15:41:56|2273|3874|CBJ5162|108.05929184|24.6665382385|10081|32.75|-225.75|0|0|10088
15:42:00|2273|3874|CBJ5162|108.060321808|24.6589851379|10081|32.75|-225.75|0|0|10088
15:42:04|2273|3874|CBJ5162|108.061351776|24.6504020691|10081|32.75|-225.75|0|0|10088
15:42:08|2273|3874|CBJ5162|108.062381744|24.6414756775|10081|32.75|-225.75|0|0|10088
15:42:12|2273|3874|CBJ5162|108.063411713|24.6339225769|10081|32.75|-225.25|0|0|10088
15:42:16|2273|3874|CBJ5162|108.064441681|24.6261978149|10081|32.75|-224.25|0|0|10088
15:42:20|2273|3874|CBJ5162|108.065471649|24.6181297302|10081|33.25|-223.25|0|0|10088
15:42:24|2273|3874|CBJ5162|108.066501617|24.6110916138|10081|34.25|-221.75|0|0|10088
15:42:28|2273|3874|CBJ5162|108.067531586|24.6040534973|10081|34.75|-220.5|0|0|10088
15:42:32|2273|3874|CBJ5162|108.069763184|24.5949554443|10081|40.5|-219.5|0|0|10088
15:42:36|2273|3874|CBJ5162|108.07062149|24.5879173279|10081|38.0|-219.0|0|0|10088
15:42:40|2273|3874|CBJ5162|108.072166443|24.5786476135|10081|38.0|-220.0|0|0|10088
15:42:44|2273|3874|CBJ5162|108.07302475|24.5707511902|10081|36.75|-220.5|0|0|10088
15:42:48|2273|3874|CBJ5162|108.073711395|24.5626831055|10081|35.75|-221.75|0|0|10088
15:42:52|2273|3874|CBJ5162|108.074569702|24.5549583435|10081|34.75|-222.25|0|0|10088
15:42:56|2273|3874|CBJ5162|108.075942993|24.5460319519|10081|35.75|-222.75|0|0|10088
15:43:00|2273|3874|CBJ5162|108.076972961|24.5376205444|10081|35.75|-223.75|0|0|10088
15:43:04|2273|3874|CBJ5162|108.078346252|24.5295524597|10081|36.25|-223.25|0|0|10088
15:43:08|2273|3874|CBJ5162|108.079032898|24.5232009888|10081|35.75|-223.75|0|0|10088
15:43:12|2273|3874|CBJ5162|108.080406189|24.5130729675|10081|35.25|-223.75|0|0|10088
15:43:16|2273|3874|CBJ5162|108.081264496|24.5048332214|10081|34.75|-224.25|0|0|10088
15:43:20|2273|3874|CBJ5162|108.081951141|24.4983100891|10081|34.25|-224.25|0|0|10088
15:43:24|2273|3874|CBJ5162|108.08298111|24.4892120361|10081|33.25|-224.25|0|0|10088
15:43:28|2273|3874|CBJ5162|108.083667755|24.4813156128|10081|32.25|-224.75|0|0|10088
15:43:32|2273|3874|CBJ5162|108.084526062|24.4734191895|10081|31.75|-225.25|0|0|10088
15:43:36|2273|3874|CBJ5162|108.08555603|24.4639778137|10081|31.25|-225.75|0|0|10088
15:43:40|2273|3874|CBJ5162|108.086414337|24.4562530518|10081|31.75|-225.75|0|0|10088
15:43:44|2273|3874|CBJ5162|108.087272644|24.4480133057|10081|31.25|-225.75|0|0|10088
15:43:48|2273|3874|CBJ5162|108.088302612|24.4408035278|10081|31.75|-225.75|0|0|10088
15:43:52|2273|3874|CBJ5162|108.088645935|24.4330787659|10081|30.5|-225.75|0|0|10088
15:43:56|2273|3874|CBJ5162|108.090019226|24.4246673584|10081|31.25|-225.75|0|0|10088
15:44:00|2273|3874|CBJ5162|108.091564178|24.4150543213|10081|33.25|-225.75|0|0|10088
15:44:04|2273|3874|CBJ5162|108.092594147|24.4073295593|10081|33.25|-225.75|0|0|10088
15:44:08|2273|3874|CBJ5162|108.093280792|24.3989181519|10081|31.75|-226.25|0|0|10088
15:44:12|2273|3874|CBJ5162|108.094482422|24.3905067444|10081|32.75|-226.25|0|0|10088
15:44:16|2273|3874|CBJ5162|108.095684052|24.3824386597|10081|33.75|-226.25|0|0|10088
15:44:20|2273|3874|CBJ5162|108.096885681|24.3741989136|10081|34.25|-226.25|0|0|10088
15:44:24|2273|3874|CBJ5162|108.098087311|24.3663024902|10081|34.75|-226.25|0|0|10088
15:44:28|2273|3874|CBJ5162|108.099117279|24.3580627441|10081|34.75|-226.75|0|0|10088
15:44:32|2273|3874|CBJ5162|108.099975586|24.3496513367|10081|34.25|-226.75|0|0|10088
15:44:36|2273|3874|CBJ5162|108.101177216|24.341583252|10081|34.75|-226.75|0|0|10088
15:44:40|2273|3874|CBJ5162|108.102378845|24.3333435059|10081|35.25|-226.75|0|0|10088
15:44:44|2273|3874|CBJ5162|108.103580475|24.3252754211|10081|35.75|-226.25|0|0|10088
15:44:48|2273|3874|CBJ5162|108.104782104|24.3175506592|10081|36.75|-226.25|0|0|10088
15:44:52|2273|3874|CBJ5162|108.106327057|24.3093109131|10081|37.5|-225.75|0|0|10088
15:44:56|2273|3874|CBJ5162|108.107528687|24.3012428284|10081|37.5|-225.75|0|0|10088
15:45:00|2273|3874|CBJ5162|108.108730316|24.2935180664|10081|38.0|-225.75|0|0|10088
15:45:04|2273|3874|CBJ5162|108.109760284|24.2851066589|10081|37.5|-226.25|0|0|10088
15:45:08|2273|3874|CBJ5162|108.110961914|24.2766952515|10081|37.5|-225.75|0|0|10088
15:45:12|2273|3874|CBJ5162|108.112163544|24.2687988281|10081|37.5|-225.75|0|0|10088
15:45:16|2273|3874|CBJ5162|108.113193512|24.260559082|10081|37.25|-226.25|0|0|10088
15:45:20|2273|3874|CBJ5162|108.114395142|24.2512893677|10081|36.75|-226.25|0|0|10088
15:45:24|2273|3874|CBJ5162|108.114910126|24.2427062988|10081|35.25|-227.25|0|0|10088
15:45:28|2273|3874|CBJ5162|108.115596771|24.2356681824|10081|34.25|-227.25|0|0|10088
15:45:32|2273|3874|CBJ5162|108.116455078|24.226398468|10081|34.25|-227.75|0|0|10088
15:45:36|2273|3874|CBJ5162|108.117313385|24.2178153992|10081|33.75|-228.0|0|0|10088
15:45:40|2273|3874|CBJ5162|108.118171692|24.2094039917|10081|32.75|-228.5|0|0|10088
15:45:44|2273|3874|CBJ5162|108.118858337|24.2009925842|10081|32.25|-228.5|0|0|10088
15:45:48|2273|3874|CBJ5162|108.119888306|24.1927528381|10081|32.25|-229.0|0|0|10088
15:45:52|2273|3874|CBJ5162|108.120231628|24.1843414307|10081|30.5|-229.0|0|0|10088
15:45:56|2273|3874|CBJ5162|108.121261597|24.1761016846|10081|30.75|-229.0|0|0|10088
15:46:00|2273|3874|CBJ5162|108.122119904|24.1673469543|10081|30.75|-229.0|0|0|10088
15:46:04|2273|3874|CBJ5162|108.12297821|24.1596221924|10081|30.75|-229.0|0|0|10088
15:46:08|2273|3874|CBJ5162|108.124008179|24.1512107849|10081|31.25|-229.0|0|0|10088
15:46:12|2273|3874|CBJ5162|108.125038147|24.1426277161|10081|31.25|-229.0|0|0|10088
15:46:16|2273|3874|CBJ5162|108.126068115|24.13438797|10081|31.75|-229.0|0|0|10088
15:46:20|2273|3874|CBJ5162|108.127098083|24.1261482239|10081|32.25|-229.0|0|0|10088
15:46:24|2273|3874|CBJ5162|108.12795639|24.1199684143|10081|32.25|-228.5|0|0|10088
15:46:28|2273|3874|CBJ5162|108.128986359|24.1117286682|10081|32.75|-228.5|0|0|10088
15:46:32|2273|3874|CBJ5162|108.130016327|24.1031455994|10081|33.25|-228.0|0|0|10088
15:46:36|2273|3874|CBJ5162|108.131389618|24.0933609009|10081|33.75|-228.0|0|0|10088
15:46:40|2273|3874|CBJ5162|108.132247925|24.0866661072|10081|33.75|-227.75|0|0|10088
15:46:44|2273|3874|CBJ5162|108.133277893|24.0785980225|10081|33.75|-227.75|0|0|10088
15:46:48|2273|3874|CBJ5162|108.134307861|24.0705299377|10081|33.75|-227.75|0|0|10088
15:46:52|2273|3874|CBJ5162|108.13533783|24.0622901917|10081|33.75|-227.75|0|0|10088
15:46:56|2273|3874|CBJ5162|108.136539459|24.0540504456|10081|34.75|-227.25|0|0|10088
15:47:00|2273|3874|CBJ5162|108.137397766|24.0458106995|10081|34.25|-227.75|0|0|10088
15:47:04|2273|3874|CBJ5162|108.138256073|24.0368843079|10081|33.25|-227.75|0|0|10088
15:47:08|2273|3874|CBJ5162|108.13911438|24.0288162231|10081|32.75|-227.25|0|0|10088
15:47:12|2273|3874|CBJ5162|108.139972687|24.0198898315|10081|32.25|-227.25|0|0|10088
15:47:16|2273|3874|CBJ5162|108.141002655|24.0121650696|10081|32.75|-227.25|0|0|10088
15:47:20|2273|3874|CBJ5162|108.142032623|24.0044403076|10081|32.75|-227.25|0|0|10088
15:47:24|2273|3874|CBJ5162|108.143234253|23.9965438843|10081|33.75|-226.75|0|0|10088
15:47:28|2273|3874|CBJ5162|108.144779205|23.9881324768|10081|35.25|-226.25|0|0|10088
15:47:32|2273|3874|CBJ5162|108.14666748|23.9800643921|10081|40.0|-225.25|0|0|10088
15:47:36|2273|3874|CBJ5162|108.150444031|23.9725112915|10081|62.75|-220.0|0|0|10088
15:47:40|2273|3874|CBJ5162|108.156280518|23.9647865295|10081|97.0|-209.75|0|0|10088
15:47:44|2273|3874|CBJ5162|108.160743713|23.9574050903|10081|110.5|-207.75|0|0|10088
15:47:48|2273|3874|CBJ5162|108.163490295|23.9483070374|10081|96.0|-214.5|0|0|10088
15:47:52|2273|3874|CBJ5162|108.167953491|23.9405822754|10081|105.5|-211.25|0|0|10088
15:47:56|2273|3874|CBJ5162|108.172073364|23.9332008362|10081|111.0|-207.75|0|0|10088
15:48:00|2273|3874|CBJ5162|108.177394867|23.9253044128|10081|121.5|-205.5|0|0|10088
15:48:04|2273|3874|CBJ5162|108.182029724|23.9172363281|10081|123.5|-207.0|0|0|10088
15:48:08|2273|3874|CBJ5162|108.18529129|23.9069366455|10081|102.25|-223.25|0|0|10088
15:48:12|2273|3874|CBJ5162|108.18769455|23.8983535767|10081|80.5|-234.0|0|0|10088
15:48:16|2273|3874|CBJ5162|108.189582825|23.8897705078|10081|59.25|-241.25|0|0|10088
15:48:20|2273|3874|CBJ5162|108.188209534|23.8792991638|10081|3.75|-248.75|0|0|10088
15:48:24|2273|3874|CBJ5162|108.193187714|23.8710594177|10081|56.5|-242.0|0|0|10088
15:48:28|2273|3874|CBJ5162|108.198337555|23.8640213013|10081|100.25|-222.75|0|0|10088
15:48:32|2273|3874|CBJ5162|108.20022583|23.8561248779|10081|88.25|-223.75|0|0|10088
15:48:36|2273|3874|CBJ5162|108.200912476|23.8485717773|10081|69.5|-226.25|0|0|10088
15:48:40|2273|3874|CBJ5162|108.20142746|23.8423919678|10081|58.0|-226.25|0|0|10088
15:48:44|2273|3874|CBJ5162|108.202972412|23.832950592|10081|52.0|-226.25|0|0|10088
15:48:48|2273|3874|CBJ5162|108.204517365|23.8248825073|10081|51.5|-225.75|0|0|10088
15:48:52|2273|3874|CBJ5162|108.20640564|23.816986084|10081|53.5|-224.75|0|0|10088
15:48:56|2273|3874|CBJ5162|108.208637238|23.8089179993|10081|56.0|-224.25|0|0|10088
15:49:00|2273|3874|CBJ5162|108.210868835|23.8025665283|10081|60.25|-222.75|0|0|10088
15:49:04|2273|3874|CBJ5162|108.214817047|23.7934684753|10081|71.0|-219.0|0|0|10088
15:49:08|2273|3874|CBJ5162|108.220653534|23.7867736816|10081|105.5|-203.5|0|0|10088
15:49:12|2273|3874|CBJ5162|108.226490021|23.7802505493|10081|129.75|-189.5|0|0|10088
15:49:16|2273|3874|CBJ5162|108.233528137|23.7735557556|10081|160.5|-167.75|0|0|10088
15:49:20|2273|3874|CBJ5162|108.24005127|23.7677192688|10081|168.75|-161.5|0|0|10088
15:49:24|2273|3874|CBJ5162|108.249149323|23.7622261047|10081|196.25|-138.0|0|0|10088
15:49:28|2273|3874|CBJ5162|108.257389069|23.7586212158|10081|213.75|-118.25|0|0|10088
15:49:32|2273|3874|CBJ5162|108.266830444|23.7512397766|10081|223.75|-123.0|0|0|10088
15:49:36|2273|3874|CBJ5162|108.277816772|23.7443733215|10081|229.0|-128.75|0|0|10088
15:49:40|2273|3874|CBJ5162|108.28742981|23.7387084961|10081|234.0|-128.75|0|0|10088
15:49:44|2273|3874|CBJ5162|108.297042847|23.7339019775|10081|242.0|-121.5|0|0|10088
15:49:48|2273|3874|CBJ5162|108.306655884|23.7294387817|10081|249.25|-114.25|0|0|10088
15:49:52|2273|3874|CBJ5162|108.317985535|23.7251472473|10081|257.0|-101.25|0|0|10088
15:49:56|2273|3874|CBJ5162|108.328456879|23.7218856812|10081|262.25|-90.25|0|0|10088
15:50:00|2273|3874|CBJ5162|108.338413239|23.7184524536|10081|264.75|-85.25|0|0|10088
15:50:04|2273|3874|CBJ5162|108.34854126|23.7162208557|10081|269.0|-71.75|0|0|10088
15:50:08|2273|3874|CBJ5162|108.360557556|23.7143325806|10081|274.0|-55.5|0|0|10088
15:50:12|2273|3874|CBJ5162|108.371543884|23.712272644|10081|277.25|-47.25|0|0|10088
15:50:16|2273|3874|CBJ5162|108.382530212|23.7124443054|10081|279.25|-21.75|0|0|10088
15:50:20|2273|3874|CBJ5162|108.393688202|23.712272644|10081|280.75|-5.75|0|0|10088
15:50:24|2273|3874|CBJ5162|108.404846191|23.7126159668|10081|281.25|8.25|0|0|10088
15:50:28|2273|3874|CBJ5162|108.417034149|23.7136459351|10081|283.0|32.25|0|0|10088
15:50:32|2273|3874|CBJ5162|108.427677155|23.7150192261|10081|282.25|46.25|0|0|10088
15:50:36|2273|3874|CBJ5162|108.438491821|23.7162208557|10081|282.5|51.0|0|0|10088
15:50:40|2273|3874|CBJ5162|108.448791504|23.7184524536|10081|281.75|68.0|0|0|10088
15:50:44|2273|3874|CBJ5162|108.460121155|23.7208557129|10081|280.75|76.25|0|0|10088
15:50:48|2273|3874|CBJ5162|108.474369049|23.722743988|10081|286.0|68.0|0|0|10088
15:50:52|2273|3874|CBJ5162|108.48449707|23.7266921997|10081|281.25|98.0|0|0|10088
15:50:56|2273|3874|CBJ5162|108.49565506|23.7302970886|10081|279.25|109.5|0|0|10088
15:51:00|2273|3874|CBJ5162|108.506813049|23.7325286865|10081|284.5|99.75|0|0|10088
15:51:04|2273|3874|CBJ5162|108.51934433|23.7373352051|10081|279.75|113.75|0|0|10088
15:51:08|2273|3874|CBJ5162|108.530502319|23.740940094|10081|279.75|113.75|0|0|10088
15:51:12|2273|3874|CBJ5162|108.542346954|23.7388801575|10081|290.25|71.0|0|0|10088
15:51:16|2273|3874|CBJ5162|108.553161621|23.7397384644|10081|290.25|63.25|0|0|10088
15:51:20|2273|3874|CBJ5162|108.563976288|23.7407684326|10081|289.75|58.25|0|0|10088
15:51:24|2273|3874|CBJ5162|108.576164246|23.742313385|10081|289.0|59.25|0|0|10088
15:51:28|2273|3874|CBJ5162|108.587493896|23.7431716919|10081|289.5|54.0|0|0|10088
15:51:32|2273|3874|CBJ5162|108.599510193|23.745059967|10081|289.0|56.0|0|0|10088
15:51:36|2273|3874|CBJ5162|108.610668182|23.7464332581|10081|289.0|54.0|0|0|10088
15:51:40|2273|3874|CBJ5162|108.622512817|23.7431716919|10081|289.75|9.75|0|0|10088
15:51:44|2273|3874|CBJ5162|108.633155823|23.7414550781|10081|288.0|-19.25|0|0|10088
15:51:48|2273|3874|CBJ5162|108.643627167|23.7399101257|10081|287.5|-29.5|0|0|10088
15:51:52|2273|3874|CBJ5162|108.655986786|23.7407684326|10081|289.0|0.5|0|0|10088
15:51:56|2273|3874|CBJ5162|108.667316437|23.7421417236|10081|288.5|21.25|0|0|10088
15:52:00|2273|3874|CBJ5162|108.678474426|23.7399101257|10081|290.75|-3.0|0|0|10088
15:52:04|2273|3874|CBJ5162|108.689117432|23.7388801575|10081|290.75|-8.25|0|0|10088
15:52:08|2273|3874|CBJ5162|108.70267868|23.7383651733|10081|290.25|-6.25|0|0|10088
15:52:12|2273|3874|CBJ5162|108.712806702|23.7385368347|10081|292.25|1.5|0|0|10088
15:52:16|2273|3874|CBJ5162|108.724822998|23.7388801575|10081|291.75|6.25|0|0|10088
15:52:20|2273|3874|CBJ5162|108.724822998|23.7388801575|10081|291.75|6.25|0|0|10088
15:52:20|2273|3874|CBJ5162|108.735980988|23.7378501892|10081|291.25|-0.5|0|0|10088
15:52:24|2273|3874|CBJ5162|108.746109009|23.7366485596|10081|290.75|-4.75|0|0|10088
15:52:28|2273|3874|CBJ5162|108.758468628|23.7361335754|10081|290.75|-3.5|0|0|10088
15:52:32|2273|3874|CBJ5162|108.769798279|23.7354469299|10081|290.75|-4.25|0|0|10088
15:52:36|2273|3874|CBJ5162|108.780612946|23.7347602844|10081|291.75|-4.25|0|0|10088
15:52:40|2273|3874|CBJ5162|108.792285919|23.7339019775|10081|292.25|-5.25|0|0|10088
15:52:44|2273|3874|CBJ5162|108.804302216|23.733215332|10081|292.25|-5.75|0|0|10088
15:52:48|2273|3874|CBJ5162|108.815803528|23.7325286865|10081|292.25|-6.25|0|0|10088
15:52:52|2273|3874|CBJ5162|108.826961517|23.7316703796|10081|291.75|-7.25|0|0|10088
15:52:56|2273|3874|CBJ5162|108.837776184|23.7311553955|10081|291.75|-6.75|0|0|10088
15:53:00|2273|3874|CBJ5162|108.849277496|23.7308120728|10081|292.25|-5.25|0|0|10088
15:53:04|2273|3874|CBJ5162|108.860607147|23.73046875|10081|292.25|-3.5|0|0|10088
15:53:08|2273|3874|CBJ5162|108.872623444|23.7297821045|10081|291.75|-5.25|0|0|10088
15:53:12|2273|3874|CBJ5162|108.88343811|23.7287521362|10081|291.75|-7.25|0|0|10088
15:53:16|2273|3874|CBJ5162|108.894081116|23.7278938293|10081|291.25|-8.25|0|0|10088
15:53:20|2273|3874|CBJ5162|108.906440735|23.7273788452|10081|291.25|-6.75|0|0|10088
15:53:24|2273|3874|CBJ5162|108.917255402|23.7272071838|10081|291.75|-4.25|0|0|10088
15:53:28|2273|3874|CBJ5162|108.928585052|23.7270355225|10081|291.75|-3.0|0|0|10088
15:53:32|2273|3874|CBJ5162|108.940086365|23.7268638611|10081|291.75|-2.0|0|0|10088
15:53:36|2273|3874|CBJ5162|108.951587677|23.7254905701|10081|291.75|-5.75|0|0|10088
15:53:40|2273|3874|CBJ5162|108.962230682|23.7246322632|10081|291.75|-6.75|0|0|10088
15:53:44|2273|3874|CBJ5162|108.974761963|23.7237739563|10081|291.25|-6.75|0|0|10088
15:53:48|2273|3874|CBJ5162|108.985404968|23.7236022949|10081|291.25|-5.25|0|0|10088
15:53:52|2273|3874|CBJ5162|108.996734619|23.722743988|10081|291.25|-5.75|0|0|10088
15:53:56|2273|3874|CBJ5162|109.008579254|23.7222290039|10081|290.75|-5.75|0|0|10088
15:54:00|2273|3874|CBJ5162|109.020423889|23.7208557129|10081|290.25|-8.75|0|0|10088
15:54:04|2273|3874|CBJ5162|109.031066895|23.719997406|10081|289.75|-9.25|0|0|10088
15:54:08|2273|3874|CBJ5162|109.0417099|23.7191390991|10081|290.25|-9.75|0|0|10088
15:54:12|2273|3874|CBJ5162|109.053211212|23.718624115|10081|290.75|-8.75|0|0|10088
15:54:16|2273|3874|CBJ5162|109.064540863|23.7181091309|10081|290.75|-7.25|0|0|10088
15:54:17|2273|3874|CBJ5162|109.064540863|23.7181091309|10081|290.75|-7.25|0|0|10088
15:54:20|2273|3874|CBJ5162|109.077243805|23.7169075012|10081|291.25|-9.75|0|0|10088
15:54:24|2273|3874|CBJ5162|109.088058472|23.7160491943|10081|291.25|-10.25|0|0|10088
15:54:28|2273|3874|CBJ5162|109.098701477|23.7150192261|10081|291.25|-11.0|0|0|10088
15:54:32|2273|3874|CBJ5162|109.110717773|23.7143325806|10081|291.25|-10.25|0|0|10088
15:54:36|2273|3874|CBJ5162|109.12273407|23.7133026123|10081|290.25|-11.0|0|0|10088
15:54:40|2273|3874|CBJ5162|109.133377075|23.7124443054|10081|289.75|-11.5|0|0|10088
15:54:44|2273|3874|CBJ5162|109.144191742|23.7112426758|10081|290.25|-13.0|0|0|10088
15:54:48|2273|3874|CBJ5162|109.154491425|23.7098693848|10081|289.5|-15.5|0|0|10088
15:54:52|2273|3874|CBJ5162|109.164962769|23.7084960938|10081|288.5|-17.75|0|0|10088
15:54:56|2273|3874|CBJ5162|109.177494049|23.70677948|10081|288.5|-19.25|0|0|10088
15:55:00|2273|3874|CBJ5162|109.188137054|23.7050628662|10081|289.0|-22.25|0|0|10088
15:55:04|2273|3874|CBJ5162|109.199466705|23.7040328979|10081|289.5|-19.75|0|0|10088
15:55:08|2273|3874|CBJ5162|109.210796356|23.7030029297|10081|289.5|-19.25|0|0|10088
15:55:12|2273|3874|CBJ5162|109.222812653|23.6957931519|10081|281.25|-73.75|0|0|10088
15:55:16|2273|3874|CBJ5162|109.233112335|23.6933898926|10081|282.25|-67.0|0|0|10088
15:55:20|2273|3874|CBJ5162|109.243755341|23.6913299561|10081|284.0|-58.25|0|0|10088
15:55:24|2273|3874|CBJ5162|109.253368378|23.6894416809|10081|284.0|-56.0|0|0|10088
15:55:28|2273|3874|CBJ5162|109.266414642|23.6868667603|10081|283.5|-54.0|0|0|10088
15:55:32|2273|3874|CBJ5162|109.277572632|23.6848068237|10081|283.5|-53.0|0|0|10088
15:55:36|2273|3874|CBJ5162|109.287872314|23.6829185486|10081|283.5|-51.5|0|0|10088
15:55:40|2273|3874|CBJ5162|109.298343658|23.6806869507|10081|283.5|-51.5|0|0|10088
15:55:44|2273|3874|CBJ5162|109.309673309|23.6786270142|10081|283.5|-49.75|0|0|10088
15:55:48|2273|3874|CBJ5162|109.320659637|23.676738739|10081|283.5|-47.75|0|0|10088
15:55:52|2273|3874|CBJ5162|109.331130981|23.6755371094|10081|284.0|-42.5|0|0|10088
15:55:56|2273|3874|CBJ5162|109.342803955|23.6722755432|10081|283.5|-49.25|0|0|10088
15:56:00|2273|3874|CBJ5162|109.352588654|23.6698722839|10081|283.5|-50.75|0|0|10088
15:56:04|2273|3874|CBJ5162|109.364089966|23.6674690247|10081|282.25|-51.0|0|0|10088
15:56:08|2273|3874|CBJ5162|109.374904633|23.6652374268|10081|281.75|-51.0|0|0|10088
15:56:12|2273|3874|CBJ5162|109.385719299|23.6631774902|10081|281.75|-50.75|0|0|10088
15:56:16|2273|3874|CBJ5162|109.396018982|23.6611175537|10081|282.25|-50.25|0|0|10088
15:56:20|2273|3874|CBJ5162|109.40700531|23.6588859558|10081|282.25|-50.25|0|0|10088
15:56:24|2273|3874|CBJ5162|109.419021606|23.6564826965|10081|282.25|-49.75|0|0|10088
15:56:28|2273|3874|CBJ5162|109.42949295|23.65442276|10081|282.25|-49.75|0|0|10088
15:56:32|2273|3874|CBJ5162|109.439620972|23.6523628235|10081|281.75|-49.25|0|0|10088
15:56:36|2273|3874|CBJ5162|109.451465607|23.6501312256|10081|281.75|-49.25|0|0|10088
15:56:40|2273|3874|CBJ5162|109.462280273|23.6478996277|10081|281.75|-49.25|0|0|10088
15:56:44|2273|3874|CBJ5162|109.472408295|23.6460113525|10081|281.75|-48.75|0|0|10088
15:56:48|2273|3874|CBJ5162|109.482879639|23.643951416|10081|282.25|-48.75|0|0|10088
15:56:52|2273|3874|CBJ5162|109.494895935|23.6415481567|10081|282.25|-48.25|0|0|10088
15:56:56|2273|3874|CBJ5162|109.505882263|23.6394882202|10081|282.25|-47.75|0|0|10088
15:57:00|2273|3874|CBJ5162|109.516181946|23.6375999451|10081|282.5|-47.25|0|0|10088
15:57:04|2273|3874|CBJ5162|109.527168274|23.6353683472|10081|282.5|-47.75|0|0|10088
15:57:08|2273|3874|CBJ5162|109.537467957|23.6331367493|10081|282.25|-47.75|0|0|10088
15:57:12|2273|3874|CBJ5162|109.550514221|23.6305618286|10081|282.25|-48.25|0|0|10088
15:57:16|2273|3874|CBJ5162|109.559783936|23.6286735535|10081|282.25|-48.25|0|0|10088
15:57:20|2273|3874|CBJ5162|109.571285248|23.6262702942|10081|282.25|-48.25|0|0|10088
15:57:24|2273|3874|CBJ5162|109.582271576|23.6240386963|10081|282.25|-48.75|0|0|10088
15:57:28|2273|3874|CBJ5162|109.592571259|23.6219787598|10081|282.5|-48.25|0|0|10088
15:57:32|2273|3874|CBJ5162|109.603557587|23.6197471619|10081|282.5|-48.75|0|0|10088
15:57:36|2273|3874|CBJ5162|109.61523056|23.6171722412|10081|282.5|-49.25|0|0|10088
15:57:40|2273|3874|CBJ5162|109.624843597|23.6152839661|10081|282.25|-49.25|0|0|10088
15:57:44|2273|3874|CBJ5162|109.635658264|23.6130523682|10081|282.25|-49.25|0|0|10088
15:57:48|2273|3874|CBJ5162|109.646129608|23.6108207703|10081|282.25|-49.25|0|0|10088
15:57:52|2273|3874|CBJ5162|109.659347534|23.6082458496|10081|282.25|-49.25|0|0|10088
15:57:56|2273|3874|CBJ5162|109.668960571|23.6063575745|10081|282.5|-48.75|0|0|10088
15:58:00|2273|3874|CBJ5162|109.679260254|23.6042976379|10081|282.25|-49.25|0|0|10088
15:58:04|2273|3874|CBJ5162|109.690246582|23.60206604|10081|282.25|-49.25|0|0|10088
15:58:08|2273|3874|CBJ5162|109.702262878|23.5996627808|10081|282.25|-48.75|0|0|10088
15:58:12|2273|3874|CBJ5162|109.712562561|23.5976028442|10081|282.5|-48.25|0|0|10088
15:58:16|2273|3874|CBJ5162|109.723377228|23.5953712463|10081|282.25|-48.75|0|0|10088
15:58:20|2273|3874|CBJ5162|109.733848572|23.5931396484|10081|282.25|-49.25|0|0|10088
15:58:24|2273|3874|CBJ5162|109.746894836|23.5903930664|10081|282.25|-49.25|0|0|10088
15:58:28|2273|3874|CBJ5162|109.756336212|23.5885047913|10081|282.5|-49.25|0|0|10088
15:58:32|2273|3874|CBJ5162|109.76732254|23.5862731934|10081|283.0|-49.25|0|0|10088
15:58:36|2273|3874|CBJ5162|109.778995514|23.5838699341|10081|282.5|-49.25|0|0|10088
15:58:40|2273|3874|CBJ5162|109.790496826|23.5814666748|10081|283.0|-49.75|0|0|10088
15:58:44|2273|3874|CBJ5162|109.801483154|23.5792350769|10081|283.0|-49.25|0|0|10088
15:58:48|2273|3874|CBJ5162|109.811954498|23.577003479|10081|283.0|-49.25|0|0|10088
15:58:52|2273|3874|CBJ5162|109.821567535|23.5751152039|10081|283.0|-49.75|0|0|10088
15:58:56|2273|3874|CBJ5162|109.8346138|23.5723686218|10081|283.0|-49.25|0|0|10088
15:59:00|2273|3874|CBJ5162|109.845256805|23.5701370239|10081|282.5|-49.75|0|0|10088
15:59:04|2273|3874|CBJ5162|109.855728149|23.5680770874|10081|283.0|-49.25|0|0|10088
15:59:08|2273|3874|CBJ5162|109.866371155|23.5658454895|10081|283.0|-49.25|0|0|10088
15:59:12|2273|3874|CBJ5162|109.876842499|23.563785553|10081|283.5|-49.25|0|0|10088
15:59:16|2273|3874|CBJ5162|109.887313843|23.5615539551|10081|283.0|-49.25|0|0|10088
15:59:20|2273|3874|CBJ5162|109.900016785|23.5589790344|10081|283.0|-49.25|0|0|10088
15:59:24|2273|3874|CBJ5162|109.910316467|23.5567474365|10081|283.0|-49.25|0|0|10088
15:59:28|2273|3874|CBJ5162|109.920787811|23.5546875|10081|283.0|-49.75|0|0|10088
15:59:32|2273|3874|CBJ5162|109.931087494|23.5526275635|10081|283.0|-49.25|0|0|10088
15:59:36|2273|3874|CBJ5162|109.94430542|23.5498809814|10081|283.5|-49.75|0|0|10088
15:59:40|2273|3874|CBJ5162|109.954605103|23.5476493835|10081|283.0|-49.75|0|0|10088
15:59:44|2273|3874|CBJ5162|109.964904785|23.545589447|10081|282.5|-49.25|0|0|10088
15:59:48|2273|3874|CBJ5162|109.97674942|23.5430145264|10081|282.5|-49.75|0|0|10088
15:59:52|2273|3874|CBJ5162|109.987735748|23.5407829285|10081|283.0|-49.25|0|0|10088
15:59:56|2273|3874|CBJ5162|109.998207092|23.5387229919|10081|283.0|-49.25|0|0|10088
